1,0.00023167,0.00020277,0.00022718,1.8811e-05,0.0016019,2.6734e-05,1.1242e-05,5.5274e-05,8.8064e-05,0.0035202,0.00013914,0.0027499,0.00075237,0.00011577,2.874e-05,7.1477e-05,0.00019406,6.1265e-05,0.00016878,6.0472e-06,1.6099e-05,0.0010592,0.00022001,0.00013906,7.3526e-06,0.00010109,1.8775e-05,2.8723e-05,2.7308e-05,0.00012941,0.00091358,0.0017585,8.7048e-07,4.3034e-05,7.2735e-08,3.9673e-06,1.0206e-09,1.2443e-05,2.7632e-08,1.1528e-08,2.7916e-06,1.0343e-05,1.9302e-05,4.4067e-05,6.0461e-07,1.0469e-08,1.1597e-07,2.2941e-06,6.0293e-05,2.4071e-11
0.00023167,1,0.016856,0.00043642,5.783e-05,0.0011076,0.0057528,0.0014637,0.0012291,0.00023621,0.00064215,0.015023,0.0012719,0.0086673,0.0055083,0.00013488,0.00029905,0.00073131,0.0048097,0.0011051,0.0017906,0.00037783,0.0095482,0.0009251,0.0034091,0.00024686,0.0011339,0.00027164,9.6962e-05,0.00013371,0.00040057,0.0031967,0.0022552,2.6802e-05,0.0055914,1.2045e-06,6.7107e-05,2.7488e-08,0.0007149,2.0868e-06,4.8025e-07,0.00014395,6.0778e-06,0.00028138,0.0024498,2.026e-05,1.1815e-06,1.2234e-05,7.5423e-05,0.0035072,4.4138e-11
0.00020277,0.016856,1,0.00087215,0.00047956,0.00071523,0.0021255,0.00029721,0.00033686,0.00023216,0.00026096,0.0015342,0.0026588,0.0026146,0.022374,0.0011002,0.0010478,0.00084207,0.014571,0.0026838,0.00031684,6.7611e-05,0.0093026,0.0073198,0.00068401,0.00015696,0.00017284,0.00039945,0.00052499,0.00022499,0.0048139,0.0037888,0.0016323,0.00014615,0.003176,4.3323e-06,7.0555e-05,1.8536e-07,0.00042407,1.0668e-05,1.5616e-06,0.0001707,2.0129e-05,0.0021437,0.0026342,5.6939e-06,4.0543e-07,2.6315e-05,9.9204e-05,0.001068,3.0334e-10
0.00022718,0.00043642,0.00087215,1,6.0835e-05,0.00048579,0.00020034,5.4198e-05,0.00018928,2.4381e-05,0.0002137,0.00019996,0.00076548,0.0019511,0.00044039,0.00029102,6.7961e-05,0.00070927,0.00067416,0.0022925,6.6101e-05,2.8564e-05,0.0029229,0.0029808,0.00036525,9.8215e-06,0.00011037,0.00041693,0.00012363,2.2951e-05,0.00098095,0.0022162,0.0017746,3.1416e-06,8.5005e-05,3.068e-07,1.557e-06,1.5882e-08,4.6928e-05,1.3989e-07,2.1453e-08,9.6846e-06,5.2929e-06,5.43e-05,9.8231e-05,4.6251e-07,5.1373e-07,4.654e-07,3.0428e-06,0.00022756,2.9123e-11
1.8811e-05,5.783e-05,0.00047956,6.0835e-05,1,1.4121e-05,9.6664e-06,7.0981e-07,1.4131e-06,1.1943e-05,6.7487e-06,2.8525e-06,0.00046028,3.3308e-05,0.00039091,0.00045504,0.0046116,9.8253e-05,0.00061952,0.0027014,1.8365e-06,2.0987e-07,0.00012702,0.00021831,1.936e-06,1.2677e-06,8.0856e-07,5.2851e-05,0.00024415,5.1641e-06,0.00025135,0.00019677,1.5221e-05,5.583e-06,5.4382e-05,3.7585e-05,4.313e-06,4.5632e-08,9.6663e-07,6.6684e-07,3.5914e-07,3.439e-06,0.00016672,0.0026684,2.0152e-05,1.3127e-07,2.0149e-08,4.644e-07,7.7822e-06,2.5101e-06,1.6574e-08
0.0016019,0.0011076,0.00071523,0.00048579,1.4121e-05,1,0.0011619,0.00046182,0.0017949,0.0019043,0.0038836,0.0014197,0.00059494,0.0028858,0.0004072,0.00014334,6.2576e-05,0.0029721,0.00047361,0.00022954,7.781e-05,0.00051868,0.0042434,0.0010185,0.0043345,0.00043527,0.0010639,0.00014975,1.8687e-05,0.00061816,0.00014382,0.0018445,0.012267,1.0455e-05,0.00018196,1.1673e-07,1.1245e-05,1.2533e-08,0.00075841,1.339e-07,3.4901e-08,2.9124e-05,3.163e-06,3.2683e-05,0.00029845,9.1036e-06,3.7351e-07,1.9619e-06,4.0783e-06,0.0017592,7.0781e-12
2.6734e-05,0.0057528,0.0021255,0.00020034,9.6664e-06,0.0011619,1,0.019493,0.0075477,0.00053075,0.00014749,0.0045163,0.00011387,0.002046,0.00098429,0.00013636,2.4069e-05,0.00060956,0.0023568,0.00017283,0.0022587,0.0022082,0.002749,0.00076414,0.0088658,0.00757,0.001208,0.00030472,1.7704e-05,0.00069951,0.00016019,0.00067035,0.0012122,5.8713e-05,0.00063222,2.2959e-07,2.1473e-05,1.3573e-07,0.011547,3.1276e-06,2.8655e-07,0.00055146,7.8275e-07,4.4692e-05,0.0035817,4.5073e-05,8.643e-06,3.8203e-05,1.4635e-05,0.016677,7.4641e-12
1.1242e-05,0.0014637,0.00029721,5.4198e-05,7.0981e-07,0.00046182,0.019493,1,0.01492,0.00032583,8.0444e-05,0.0046677,2.0823e-05,0.0004597,0.00014197,1.9254e-05,3.3086e-06,8.3069e-05,0.00028696,1.627e-05,0.0027881,0.021218,0.00067473,0.00016191,0.011186,0.0040705,0.0028787,4.2659e-05,5.9241e-06,0.00027323,3.122e-05,0.00019445,0.00038727,1.2196e-05,0.00018665,2.5478e-08,1.6394e-05,4.4658e-08,0.022591,7.645e-07,9.8679e-08,0.00057689,1.6307e-07,4.8597e-06,0.00094928,7.6539e-05,3.544e-06,3.0149e-05,4.2125e-06,0.049398,7.0604e-13
5.5274e-05,0.0012291,0.00033686,0.00018928,1.4131e-06,0.0017949,0.0075477,0.01492,1,0.00056716,0.00041716,0.0045884,5.9559e-05,0.0026395,0.00015416,3.5731e-05,6.841e-06,0.00068328,0.00022389,4.9595e-05,0.00041745,0.030272,0.0021924,0.00058589,0.05588,0.0022888,0.0089606,0.00017942,4.3855e-06,0.00076071,4.1685e-05,0.00039514,0.0028137,1.0441e-05,0.00042432,3.9897e-08,5.1715e-06,2.4012e-08,0.0097593,1.8494e-07,5.2442e-08,0.00030832,3.9787e-07,3.9471e-06,0.00050988,4.1707e-05,2.4634e-06,4.1283e-06,1.8902e-06,0.0301,8.923e-13
8.8064e-05,0.00023621,0.00023216,2.4381e-05,1.1943e-05,0.0019043,0.00053075,0.00032583,0.00056716,1,0.00010849,8.6944e-05,5.8272e-05,0.0001884,0.00012247,0.00025859,4.6195e-05,0.00053331,0.0001921,2.7805e-05,1.6257e-05,0.00034254,0.0010786,0.00050701,0.00033588,0.0016144,0.00019019,4.2809e-05,1.899e-05,0.0042467,6.4078e-05,0.0003636,0.00040311,2.5964e-05,6.5206e-05,7.693e-08,4.6629e-05,5.2786e-08,0.0004654,1.8653e-07,8.9841e-08,0.00012381,3.0511e-06,2.4817e-05,0.00019736,1.3032e-05,7.7225e-08,7.2642e-06,1.9501e-06,0.00085524,6.0639e-12
0.0035202,0.00064215,0.00026096,0.0002137,6.7487e-06,0.0038836,0.00014749,8.0444e-05,0.00041716,0.00010849,1,0.0013263,0.00075223,0.0013628,0.0002935,3.2646e-05,7.3995e-05,0.00064315,0.0002085,0.00011796,8.1278e-05,8.2684e-05,0.001047,0.00014282,0.0010128,4.0125e-05,0.00068132,4.7957e-05,1.0205e-05,4.4933e-05,3.4614e-05,0.00074523,0.0047588,1.2975e-06,0.0002603,1.0804e-07,2.6851e-06,4.3154e-09,0.00011668,8.0042e-08,2.6282e-08,8.9439e-06,2.7774e-06,1.7641e-05,5.5198e-05,3.7623e-06,1.3929e-07,5.2509e-07,3.723e-06,0.00018186,7.3396e-12
0.00013914,0.015023,0.0015342,0.00019996,2.8525e-06,0.0014197,0.0045163,0.0046677,0.0045884,8.6944e-05,0.0013263,1,0.00019642,0.00533,0.0006537,1.9329e-05,1.9886e-05,0.00025617,0.00049706,0.00011892,0.0019166,0.0020869,0.0017322,0.00021768,0.024044,0.00023926,0.0054758,0.00013793,1.1466e-05,7.2604e-05,5.2853e-05,0.00093879,0.0043664,8.4651e-06,0.0011429,1.3163e-07,9.3208e-06,1.2015e-08,0.0027874,5.2473e-07,1.0177e-07,6.5357e-05,7.0923e-07,1.5537e-05,0.00053059,2.9356e-05,3.1825e-06,4.773e-06,1.0131e-05,0.0075875,4.2285e-12
0.0027499,0.0012719,0.0026588,0.00076548,0.00046028,0.00059494,0.00011387,2.0823e-05,5.9559e-05,5.8272e-05,0.00075223,0.00019642,1,0.0011662,0.0031185,0.00025394,0.0012614,0.00075602,0.001802,0.0047864,3.934e-05,9.435e-06,0.0045365,0.00077883,0.00012057,1.3388e-05,5.4341e-05,9.4238e-05,0.0001188,3.3363e-05,0.00075178,0.0030557,0.00078564,4.7164e-06,0.00039531,2.6295e-06,1.3493e-05,1.0519e-08,1.9391e-05,5.6576e-07,2.4734e-07,1.9237e-05,7.0809e-05,0.00036266,0.00024625,1.7416e-06,3.3503e-08,8.8302e-07,4.3833e-05,7.1649e-05,3.6845e-10
0.00075237,0.0086673,0.0026146,0.0019511,3.3308e-05,0.0028858,0.002046,0.0004597,0.0026395,0.0001884,0.0013628,0.00533,0.0011662,1,0.00046511,0.00010772,9.0333e-05,0.0034302,0.00065577,0.0016166,0.00014252,0.00056932,0.010986,0.0017054,0.0082118,0.00012584,0.0016804,0.0023991,4.827e-05,0.00022896,0.00024048,0.0027164,0.019518,8.5363e-06,0.000496,2.8662e-07,4.893e-06,8.6475e-09,0.00035075,1.1425e-07,3.3906e-08,3.8675e-05,4.057e-06,4.1293e-05,0.00031115,5.1169e-06,2.0733e-06,6.4793e-07,5.1066e-06,0.0025483,1.8664e-11
0.00011577,0.0055083,0.022374,0.00044039,0.00039091,0.0004072,0.00098429,0.00014197,0.00015416,0.00012247,0.0002935,0.0006537,0.0031185,0.00046511,1,0.00087888,0.0018578,0.00058322,0.028046,0.0019919,0.0005019,2.0118e-05,0.0031121,0.0016915,0.00022898,8.2202e-05,8.7225e-05,0.00013199,0.00019999,7.6246e-05,0.0011448,0.0027561,0.00059918,6.6562e-05,0.0035042,1.0059e-05,6.7777e-05,2.7295e-07,0.00022268,2.8092e-05,5.907e-06,0.00019376,2.9879e-05,0.0023558,0.0019075,8.9017e-06,2.9613e-07,4.3611e-05,0.00020774,0.00027353,3.4633e-10
2.874e-05,0.00013488,0.0011002,0.00029102,0.00045504,0.00014334,0.00013636,1.9254e-05,3.5731e-05,0.00025859,3.2646e-05,1.9329e-05,0.00025394,0.00010772,0.00087888,1,0.0001946,0.00077168,0.00073416,0.00027403,1.6232e-05,5.0858e-06,0.00054038,0.0034913,3.7424e-05,4.4676e-05,1.2125e-05,0.00017745,0.00010377,0.00039441,0.00070454,0.00018067,0.00018908,8.6579e-05,5.3762e-05,1.2655e-06,3.9647e-06,2.1621e-06,4.7901e-05,1.834e-06,4.4848e-07,6.7702e-05,1.8317e-05,0.00089665,0.00010426,5.1952e-07,1.2083e-07,4.1288e-06,1.5046e-06,4.9417e-05,1.5527e-10
7.1477e-05,0.00029905,0.0010478,6.7961e-05,0.0046116,6.2576e-05,2.4069e-05,3.3086e-06,6.841e-06,4.6195e-05,7.3995e-05,1.9886e-05,0.0012614,9.0333e-05,0.0018578,0.0001946,1,0.00030616,0.0021275,0.0026169,9.0962e-06,1.1017e-06,0.00039313,0.00016944,8.8189e-06,3.4834e-06,3.9503e-06,6.4665e-05,0.00022002,7.3722e-06,0.00014622,0.0008446,4.9873e-05,2.8944e-06,0.00054984,2.7251e-05,1.2502e-05,1.511e-08,3.1437e-06,6.4435e-07,5.3579e-07,8.4808e-06,0.00012973,0.0010539,4.3759e-05,7.5873e-07,3.3736e-08,1.1549e-06,4.4177e-05,9.5352e-06,2.9729e-09
0.00019406,0.00073131,0.00084207,0.00070927,9.8253e-05,0.0029721,0.00060956,8.3069e-05,0.00068328,0.00053331,0.00064315,0.00025617,0.00075602,0.0034302,0.00058322,0.00077168,0.00030616,1,0.00078665,0.0014992,3.3919e-05,6.3912e-05,0.0029606,0.0014483,0.00076637,0.00014166,0.00023167,0.0018878,1.7559e-05,0.0004783,9.0237e-05,0.0011267,0.0035336,1.3384e-05,0.00042781,1.1717e-06,3.1866e-06,4.6538e-08,0.00014105,1.6455e-07,8.4699e-08,2.9959e-05,1.3417e-05,7.8612e-05,0.00016354,5.1085e-06,1.4682e-06,9.7859e-07,3.0262e-06,0.00026517,3.6774e-11
6.1265e-05,0.0048097,0.014571,0.00067416,0.00061952,0.00047361,0.0023568,0.00028696,0.00022389,0.0001921,0.0002085,0.00049706,0.001802,0.00065577,0.028046,0.00073416,0.0021275,0.00078665,1,0.0046238,0.0010068,3.6039e-05,0.0044404,0.0017503,0.00024912,0.00015555,9.1827e-05,0.00025467,0.00040737,7.6758e-05,0.0010036,0.0038,0.0003379,2.7783e-05,0.0026049,6.0603e-06,7.3403e-05,1.4804e-07,0.00022657,1.0532e-05,1.5764e-06,0.00023778,1.9613e-05,0.0016085,0.001471,9.6751e-06,5.9031e-07,4.0191e-05,0.00023271,0.0004329,2.674e-10
0.00016878,0.0011051,0.0026838,0.0022925,0.0027014,0.00022954,0.00017283,1.627e-05,4.9595e-05,2.7805e-05,0.00011796,0.00011892,0.0047864,0.0016166,0.0019919,0.00027403,0.0026169,0.0014992,0.0046238,1,4.1598e-05,6.0567e-06,0.0021024,0.0013029,7.6921e-05,7.6686e-06,2.5294e-05,0.00084821,0.00017745,1.4514e-05,0.00048377,0.0034779,0.00038753,5.1628e-06,0.00053901,8.4181e-06,6.0581e-06,1.3208e-08,1.2506e-05,3.9965e-07,1.5999e-07,1.5808e-05,4.4414e-05,0.00043151,0.00016401,9.9475e-07,3.6489e-07,6.4364e-07,2.7379e-05,6.1826e-05,9.0735e-10
6.0472e-06,0.0017906,0.00031684,6.6101e-05,1.8365e-06,7.781e-05,0.0022587,0.0027881,0.00041745,1.6257e-05,8.1278e-05,0.0019166,3.934e-05,0.00014252,0.0005019,1.6232e-05,9.0962e-06,3.3919e-05,0.0010068,4.1598e-05,1,0.00015528,0.00021995,5.0232e-05,0.00052144,0.00012892,0.0004498,2.1061e-05,1.2688e-05,1.091e-05,1.9786e-05,0.00013816,7.6713e-05,2.5535e-06,0.00040629,1.0583e-07,1.3952e-05,4.3787e-08,0.00066746,4.0801e-06,2.7591e-07,0.00017974,3.9229e-07,2.3055e-05,0.00046512,2.9344e-05,2.5446e-06,3.7326e-05,2.8033e-05,0.00071285,3.6311e-12
1.6099e-05,0.00037783,6.7611e-05,2.8564e-05,2.0987e-07,0.00051868,0.0022082,0.021218,0.030272,0.00034254,8.2684e-05,0.0020869,9.435e-06,0.00056932,2.0118e-05,5.0858e-06,1.1017e-06,6.3912e-05,3.6039e-05,6.0567e-06,0.00015528,1,0.00043357,8.8422e-05,0.016009,0.0015655,0.0048802,2.2909e-05,1.5435e-06,0.00031194,1.0789e-05,9.6154e-05,0.00048416,4.2576e-06,6.0602e-05,6.4393e-09,5.1849e-06,7.0862e-09,0.0060278,5.7171e-08,1.4118e-08,9.3429e-05,6.301e-08,7.8952e-07,0.00016474,2.931e-05,8.9966e-07,2.8735e-06,8.0649e-07,0.029571,2.2326e-13
0.0010592,0.0095482,0.0093026,0.0029229,0.00012702,0.0042434,0.002749,0.00067473,0.0021924,0.0010786,0.001047,0.0017322,0.0045365,0.010986,0.0031121,0.00054038,0.00039313,0.0029606,0.0044404,0.0021024,0.00021995,0.00043357,1,0.0065912,0.0032137,0.00031103,0.00090729,0.00040074,0.00016947,0.00047388,0.0023811,0.01155,0.0069006,2.2849e-05,0.0013162,9.0458e-07,3.963e-05,2.7631e-08,0.0004983,6.113e-07,1.8271e-07,0.00013601,1.8899e-05,0.00018324,0.0011086,1.028e-05,2.5736e-07,4.9942e-06,3.1621e-05,0.0034545,3.742e-11
0.00022001,0.0009251,0.0073198,0.0029808,0.00021831,0.0010185,0.00076414,0.00016191,0.00058589,0.00050701,0.00014282,0.00021768,0.00077883,0.0017054,0.0016915,0.0034913,0.00016944,0.0014483,0.0017503,0.0013029,5.0232e-05,8.8422e-05,0.0065912,1,0.00056245,0.00014135,0.00014992,0.00047101,0.00029272,0.00088397,0.005468,0.001661,0.0023543,0.00015423,0.00028311,7.099e-07,1.9022e-05,2.7578e-07,0.0003213,1.4922e-06,3.6181e-07,0.00020251,9.4091e-06,0.00036188,0.00075413,1.7924e-06,2.2317e-07,6.1277e-06,7.0133e-06,0.0011177,8.087e-11
0.00013906,0.0034091,0.00068401,0.00036525,1.936e-06,0.0043345,0.0088658,0.011186,0.05588,0.00033588,0.0010128,0.024044,0.00012057,0.0082118,0.00022898,3.7424e-05,8.8189e-06,0.00076637,0.00024912,7.6921e-05,0.00052144,0.016009,0.0032137,0.00056245,1,0.0011173,0.013422,0.00026536,6.0019e-06,0.00052899,6.6688e-05,0.00075379,0.012246,1.4393e-05,0.00043152,5.8847e-08,5.0304e-06,1.9371e-08,0.0088107,2.0462e-07,4.5435e-08,0.00011121,5.1862e-07,7.0693e-06,0.00064563,3.1118e-05,3.972e-06,3.4315e-06,2.3711e-06,0.033233,1.2933e-12
7.3526e-06,0.00024686,0.00015696,9.8215e-06,1.2677e-06,0.00043527,0.00757,0.0040705,0.0022888,0.0016144,4.0125e-05,0.00023926,1.3388e-05,0.00012584,8.2202e-05,4.4676e-05,3.4834e-06,0.00014166,0.00015555,7.6686e-06,0.00012892,0.0015655,0.00031103,0.00014135,0.0011173,1,0.00036432,1.8717e-05,2.2877e-06,0.004279,2.4332e-05,5.2495e-05,0.00017803,8.1452e-05,7.0567e-05,4.6573e-08,2.2785e-05,2.6051e-07,0.0089599,1.8984e-06,2.608e-07,0.00038314,2.0555e-07,8.3821e-06,0.00069947,6.1779e-05,6.4824e-07,6.4874e-05,3.7321e-06,0.0024615,1.9912e-12
0.00010109,0.0011339,0.00017284,0.00011037,8.0856e-07,0.0010639,0.001208,0.0028787,0.0089606,0.00019019,0.00068132,0.0054758,5.4341e-05,0.0016804,8.7225e-05,1.2125e-05,3.9503e-06,0.00023167,9.1827e-05,2.5294e-05,0.0004498,0.0048802,0.00090729,0.00014992,0.013422,0.00036432,1,6.1624e-05,5.7787e-06,0.00018251,1.887e-05,0.00038446,0.0023348,3.994e-06,0.00027058,3.26e-08,1.6234e-05,7.9152e-09,0.0021792,1.1146e-07,3.9341e-08,5.6172e-05,1.1708e-06,5.522e-06,0.00029387,9.9957e-05,7.866e-07,4.3178e-06,3.4264e-06,0.0059242,6.2449e-13
1.8775e-05,0.00027164,0.00039945,0.00041693,5.2851e-05,0.00014975,0.00030472,4.2659e-05,0.00017942,4.2809e-05,4.7957e-05,0.00013793,9.4238e-05,0.0023991,0.00013199,0.00017745,6.4665e-05,0.0018878,0.00025467,0.00084821,2.1061e-05,2.2909e-05,0.00040074,0.00047101,0.00026536,1.8717e-05,6.1624e-05,1,2.4631e-05,5.7425e-05,3.3192e-05,0.00029158,0.0008022,5.1715e-06,7.2845e-05,5.8787e-07,4.5229e-07,3.4506e-08,4.4143e-05,7.0954e-08,3.3023e-08,2.6965e-05,7.0999e-06,2.5215e-05,3.774e-05,1.417e-06,1.5461e-05,2.5934e-07,5.4669e-07,0.00014433,2.8583e-11
2.8723e-05,9.6962e-05,0.00052499,0.00012363,0.00024415,1.8687e-05,1.7704e-05,5.9241e-06,4.3855e-06,1.899e-05,1.0205e-05,1.1466e-05,0.0001188,4.827e-05,0.00019999,0.00010377,0.00022002,1.7559e-05,0.00040737,0.00017745,1.2688e-05,1.5435e-06,0.00016947,0.00029272,6.0019e-06,2.2877e-06,5.7787e-06,2.4631e-05,1,5.7809e-06,0.00092897,0.00036455,2.3508e-05,1.6336e-06,3.1542e-05,4.485e-07,3.0236e-05,1.6748e-08,4.4575e-06,4.7208e-07,1.0958e-07,9.6363e-06,4.2181e-05,0.00066823,3.8925e-05,3.1482e-07,2.6784e-08,2.2584e-06,8.9515e-06,1.9307e-05,2.3016e-10
2.7308e-05,0.00013371,0.00022499,2.2951e-05,5.1641e-06,0.00061816,0.00069951,0.00027323,0.00076071,0.0042467,4.4933e-05,7.2604e-05,3.3363e-05,0.00022896,7.6246e-05,0.00039441,7.3722e-06,0.0004783,7.6758e-05,1.4514e-05,1.091e-05,0.00031194,0.00047388,0.00088397,0.00052899,0.004279,0.00018251,5.7425e-05,5.7809e-06,1,7.9058e-05,7.2241e-05,0.00056403,0.00029024,3.3159e-05,9.2117e-08,1.1967e-05,4.9926e-07,0.0010744,5.2019e-07,2.4716e-07,0.0002437,1.0461e-06,1.9533e-05,0.00022377,8.8929e-06,1.625e-07,8.005e-06,8.7354e-07,0.0007729,5.2363e-12
0.00012941,0.00040057,0.0048139,0.00098095,0.00025135,0.00014382,0.00016019,3.122e-05,4.1685e-05,6.4078e-05,3.4614e-05,5.2853e-05,0.00075178,0.00024048,0.0011448,0.00070454,0.00014622,9.0237e-05,0.0010036,0.00048377,1.9786e-05,1.0789e-05,0.0023811,0.005468,6.6688e-05,2.4332e-05,1.887e-05,3.3192e-05,0.00092897,7.9058e-05,1,0.00072214,0.00023881,4.4131e-05,0.0001146,1.0047e-06,2.8036e-05,8.7343e-08,4.1128e-05,2.7473e-06,4.3357e-07,2.8339e-05,1.1611e-05,0.00081433,0.00052703,4.3589e-07,2.9499e-08,6.7387e-06,1.9044e-05,0.00015992,2.2486e-10
0.00091358,0.0031967,0.0037888,0.0022162,0.00019677,0.0018445,0.00067035,0.00019445,0.00039514,0.0003636,0.00074523,0.00093879,0.0030557,0.0027164,0.0027561,0.00018067,0.0008446,0.0011267,0.0038,0.0034779,0.00013816,9.6154e-05,0.01155,0.001661,0.00075379,5.2495e-05,0.00038446,0.00029158,0.00036455,7.2241e-05,0.00072214,1,0.0026351,9.4078e-06,0.00095713,1.4948e-06,4.6201e-05,1.6747e-08,0.00016006,5.1205e-07,1.4993e-07,4.1953e-05,2.6553e-05,0.00020008,0.00085873,8.2976e-06,3.0445e-07,4.6008e-06,3.5865e-05,0.00075104,7.8625e-11
0.0017585,0.0022552,0.0016323,0.0017746,1.5221e-05,0.012267,0.0012122,0.00038727,0.0028137,0.00040311,0.0047588,0.0043664,0.00078564,0.019518,0.00059918,0.00018908,4.9873e-05,0.0035336,0.0003379,0.00038753,7.6713e-05,0.00048416,0.0069006,0.0023543,0.012246,0.00017803,0.0023348,0.0008022,2.3508e-05,0.00056403,0.00023881,0.0026351,1,2.0369e-05,0.00025984,1.9594e-07,4.0897e-06,2.3976e-08,0.0008446,1.6576e-07,4.8089e-08,3.1807e-05,4.0875e-06,3.4119e-05,0.00026629,5.7897e-06,1.1063e-06,1.1268e-06,2.7276e-06,0.0022223,9.5148e-12
8.7048e-07,2.6802e-05,0.00014615,3.1416e-06,5.583e-06,1.0455e-05,5.8713e-05,1.2196e-05,1.0441e-05,2.5964e-05,1.2975e-06,8.4651e-06,4.7164e-06,8.5363e-06,6.6562e-05,8.6579e-05,2.8944e-06,1.3384e-05,2.7783e-05,5.1628e-06,2.5535e-06,4.2576e-06,2.2849e-05,0.00015423,1.4393e-05,8.1452e-05,3.994e-06,5.1715e-06,1.6336e-06,0.00029024,4.4131e-05,9.4078e-06,2.0369e-05,1,1.4073e-05,1.3349e-06,9.9188e-06,2.3251e-05,7.4342e-05,3.5476e-05,1.4891e-05,3.838e-05,2.5887e-07,5.0853e-05,0.00013388,1.3872e-06,4.7066e-08,6.3835e-05,1.8421e-06,3.1848e-05,1.2007e-10
4.3034e-05,0.0055914,0.003176,8.5005e-05,5.4382e-05,0.00018196,0.00063222,0.00018665,0.00042432,6.5206e-05,0.0002603,0.0011429,0.00039531,0.000496,0.0035042,5.3762e-05,0.00054984,0.00042781,0.0026049,0.00053901,0.00040629,6.0602e-05,0.0013162,0.00028311,0.00043152,7.0567e-05,0.00027058,7.2845e-05,3.1542e-05,3.3159e-05,0.0001146,0.00095713,0.00025984,1.4073e-05,1,7.4677e-06,4.5592e-05,2.9505e-08,0.00017657,2.7084e-06,1.815e-06,8.0785e-05,1.2607e-05,0.00018792,0.0010137,2.8996e-05,4.3571e-07,2.0911e-05,8.1816e-05,0.00036063,6.1481e-11
7.2735e-08,1.2045e-06,4.3323e-06,3.068e-07,3.7585e-05,1.1673e-07,2.2959e-07,2.5478e-08,3.9897e-08,7.693e-08,1.0804e-07,1.3163e-07,2.6295e-06,2.8662e-07,1.0059e-05,1.2655e-06,2.7251e-05,1.1717e-06,6.0603e-06,8.4181e-06,1.0583e-07,6.4393e-09,9.0458e-07,7.099e-07,5.8847e-08,4.6573e-08,3.26e-08,5.8787e-07,4.485e-07,9.2117e-08,1.0047e-06,1.4948e-06,1.9594e-07,1.3349e-06,7.4677e-06,1,3.6598e-07,4.145e-08,4.3001e-08,9.3099e-07,1.0999e-05,1.8004e-07,6.1963e-06,2.088e-05,5.4432e-07,9.2684e-08,3.6229e-09,2.1387e-07,3.1003e-06,5.5847e-08,6.3492e-08
3.9673e-06,6.7107e-05,7.0555e-05,1.557e-06,4.313e-06,1.1245e-05,2.1473e-05,1.6394e-05,5.1715e-06,4.6629e-05,2.6851e-06,9.3208e-06,1.3493e-05,4.893e-06,6.7777e-05,3.9647e-06,1.2502e-05,3.1866e-06,7.3403e-05,6.0581e-06,1.3952e-05,5.1849e-06,3.963e-05,1.9022e-05,5.0304e-06,2.2785e-05,1.6234e-05,4.5229e-07,3.0236e-05,1.1967e-05,2.8036e-05,4.6201e-05,4.0897e-06,9.9188e-06,4.5592e-05,3.6598e-07,1,1.7041e-08,1.3405e-05,3.4134e-06,2.6214e-06,2.1527e-05,4.0645e-06,8.9636e-05,0.0002293,1.8603e-05,2.9271e-09,0.00025052,0.00044738,2.9932e-05,4.766e-11
1.0206e-09,2.7488e-08,1.8536e-07,1.5882e-08,4.5632e-08,1.2533e-08,1.3573e-07,4.4658e-08,2.4012e-08,5.2786e-08,4.3154e-09,1.2015e-08,1.0519e-08,8.6475e-09,2.7295e-07,2.1621e-06,1.511e-08,4.6538e-08,1.4804e-07,1.3208e-08,4.3787e-08,7.0862e-09,2.7631e-08,2.7578e-07,1.9371e-08,2.6051e-07,7.9152e-09,3.4506e-08,1.6748e-08,4.9926e-07,8.7343e-08,1.6747e-08,2.3976e-08,2.3251e-05,2.9505e-08,4.145e-08,1.7041e-08,1,3.0577e-07,1.238e-05,2.6497e-06,7.36e-07,2.9072e-09,4.2038e-07,1.5727e-07,9.1775e-09,4.1496e-09,2.187e-06,6.7406e-09,3.4818e-08,2.9576e-11
1.2443e-05,0.0007149,0.00042407,4.6928e-05,9.6663e-07,0.00075841,0.011547,0.022591,0.0097593,0.0004654,0.00011668,0.0027874,1.9391e-05,0.00035075,0.00022268,4.7901e-05,3.1437e-06,0.00014105,0.00022657,1.2506e-05,0.00066746,0.0060278,0.0004983,0.0003213,0.0088107,0.0089599,0.0021792,4.4143e-05,4.4575e-06,0.0010744,4.1128e-05,0.00016006,0.0008446,7.4342e-05,0.00017657,4.3001e-08,1.3405e-05,3.0577e-07,1,2.169e-06,2.0614e-07,0.00031087,1.7601e-07,8.6163e-06,0.001004,4.3413e-05,2.8363e-06,6.7623e-05,2.736e-06,0.013379,1.31e-12
2.7632e-08,2.0868e-06,1.0668e-05,1.3989e-07,6.6684e-07,1.339e-07,3.1276e-06,7.645e-07,1.8494e-07,1.8653e-07,8.0042e-08,5.2473e-07,5.6576e-07,1.1425e-07,2.8092e-05,1.834e-06,6.4435e-07,1.6455e-07,1.0532e-05,3.9965e-07,4.0801e-06,5.7171e-08,6.113e-07,1.4922e-06,2.0462e-07,1.8984e-06,1.1146e-07,7.0954e-08,4.7208e-07,5.2019e-07,2.7473e-06,5.1205e-07,1.6576e-07,3.5476e-05,2.7084e-06,9.3099e-07,3.4134e-06,1.238e-05,2.169e-06,1,0.0002236,5.3103e-06,4.0423e-08,1.6704e-05,1.5935e-05,3.1756e-07,4.7214e-09,0.00029728,1.3914e-05,5.0392e-07,6.2345e-10
1.1528e-08,4.8025e-07,1.5616e-06,2.1453e-08,3.5914e-07,3.4901e-08,2.8655e-07,9.8679e-08,5.2442e-08,8.9841e-08,2.6282e-08,1.0177e-07,2.4734e-07,3.3906e-08,5.907e-06,4.4848e-07,5.3579e-07,8.4699e-08,1.5764e-06,1.5999e-07,2.7591e-07,1.4118e-08,1.8271e-07,3.6181e-07,4.5435e-08,2.608e-07,3.9341e-08,3.3023e-08,1.0958e-07,2.4716e-07,4.3357e-07,1.4993e-07,4.8089e-08,1.4891e-05,1.815e-06,1.0999e-05,2.6214e-06,2.6497e-06,2.0614e-07,0.0002236,1,4.6778e-06,1.6877e-07,5.3218e-06,1.745e-06,7.9218e-07,7.1914e-10,2.1686e-05,3.3978e-06,1.0772e-07,7.472e-10
2.7916e-06,0.00014395,0.0001707,9.6846e-06,3.439e-06,2.9124e-05,0.00055146,0.00057689,0.00030832,0.00012381,8.9439e-06,6.5357e-05,1.9237e-05,3.8675e-05,0.00019376,6.7702e-05,8.4808e-06,2.9959e-05,0.00023778,1.5808e-05,0.00017974,9.3429e-05,0.00013601,0.00020251,0.00011121,0.00038314,5.6172e-05,2.6965e-05,9.6363e-06,0.0002437,2.8339e-05,4.1953e-05,3.1807e-05,3.838e-05,8.0785e-05,1.8004e-07,2.1527e-05,7.36e-07,0.00031087,5.3103e-06,4.6778e-06,1,9.4448e-07,1.7761e-05,0.00029192,5.979e-05,2.4188e-07,3.9761e-05,4.6818e-06,0.00048011,6.0083e-12
1.0343e-05,6.0778e-06,2.0129e-05,5.2929e-06,0.00016672,3.163e-06,7.8275e-07,1.6307e-07,3.9787e-07,3.0511e-06,2.7774e-06,7.0923e-07,7.0809e-05,4.057e-06,2.9879e-05,1.8317e-05,0.00012973,1.3417e-05,1.9613e-05,4.4414e-05,3.9229e-07,6.301e-08,1.8899e-05,9.4091e-06,5.1862e-07,2.0555e-07,1.1708e-06,7.0999e-06,4.2181e-05,1.0461e-06,1.1611e-05,2.6553e-05,4.0875e-06,2.5887e-07,1.2607e-05,6.1963e-06,4.0645e-06,2.9072e-09,1.7601e-07,4.0423e-08,1.6877e-07,9.4448e-07,1,0.00013484,2.1824e-06,6.3883e-07,2.9033e-09,1.5455e-07,1.982e-06,5.6623e-07,2.9006e-10
1.9302e-05,0.00028138,0.0021437,5.43e-05,0.0026684,3.2683e-05,4.4692e-05,4.8597e-06,3.9471e-06,2.4817e-05,1.7641e-05,1.5537e-05,0.00036266,4.1293e-05,0.0023558,0.00089665,0.0010539,7.8612e-05,0.0016085,0.00043151,2.3055e-05,7.8952e-07,0.00018324,0.00036188,7.0693e-06,8.3821e-06,5.522e-06,2.5215e-05,0.00066823,1.9533e-05,0.00081433,0.00020008,3.4119e-05,5.0853e-05,0.00018792,2.088e-05,8.9636e-05,4.2038e-07,8.6163e-06,1.6704e-05,5.3218e-06,1.7761e-05,0.00013484,1,0.00019556,1.0798e-06,4.0669e-08,2.4007e-05,7.0784e-05,1.249e-05,2.1411e-09
4.4067e-05,0.0024498,0.0026342,9.8231e-05,2.0152e-05,0.00029845,0.0035817,0.00094928,0.00050988,0.00019736,5.5198e-05,0.00053059,0.00024625,0.00031115,0.0019075,0.00010426,4.3759e-05,0.00016354,0.001471,0.00016401,0.00046512,0.00016474,0.0011086,0.00075413,0.00064563,0.00069947,0.00029387,3.774e-05,3.8925e-05,0.00022377,0.00052703,0.00085873,0.00026629,0.00013388,0.0010137,5.4432e-07,0.0002293,1.5727e-07,0.001004,1.5935e-05,1.745e-06,0.00029192,2.1824e-06,0.00019556,1,2.4333e-05,3.4101e-07,0.00020255,7.7266e-05,0.0018131,2.572e-11
6.0461e-07,2.026e-05,5.6939e-06,4.6251e-07,1.3127e-07,9.1036e-06,4.5073e-05,7.6539e-05,4.1707e-05,1.3032e-05,3.7623e-06,2.9356e-05,1.7416e-06,5.1169e-06,8.9017e-06,5.1952e-07,7.5873e-07,5.1085e-06,9.6751e-06,9.9475e-07,2.9344e-05,2.931e-05,1.028e-05,1.7924e-06,3.1118e-05,6.1779e-05,9.9957e-05,1.417e-06,3.1482e-07,8.8929e-06,4.3589e-07,8.2976e-06,5.7897e-06,1.3872e-06,2.8996e-05,9.2684e-08,1.8603e-05,9.1775e-09,4.3413e-05,3.1756e-07,7.9218e-07,5.979e-05,6.3883e-07,1.0798e-06,2.4333e-05,1,1.143e-07,1.3944e-05,3.8558e-06,4.1317e-05,8.4947e-13
1.0469e-08,1.1815e-06,4.0543e-07,5.1373e-07,2.0149e-08,3.7351e-07,8.643e-06,3.544e-06,2.4634e-06,7.7225e-08,1.3929e-07,3.1825e-06,3.3503e-08,2.0733e-06,2.9613e-07,1.2083e-07,3.3736e-08,1.4682e-06,5.9031e-07,3.6489e-07,2.5446e-06,8.9966e-07,2.5736e-07,2.2317e-07,3.972e-06,6.4824e-07,7.866e-07,1.5461e-05,2.6784e-08,1.625e-07,2.9499e-08,3.0445e-07,1.1063e-06,4.7066e-08,4.3571e-07,3.6229e-09,2.9271e-09,4.1496e-09,2.8363e-06,4.7214e-09,7.1914e-10,2.4188e-07,2.9033e-09,4.0669e-08,3.4101e-07,1.143e-07,1,2.3131e-08,4.3516e-09,1.8789e-06,1.5988e-13
1.1597e-07,1.2234e-05,2.6315e-05,4.654e-07,4.644e-07,1.9619e-06,3.8203e-05,3.0149e-05,4.1283e-06,7.2642e-06,5.2509e-07,4.773e-06,8.8302e-07,6.4793e-07,4.3611e-05,4.1288e-06,1.1549e-06,9.7859e-07,4.0191e-05,6.4364e-07,3.7326e-05,2.8735e-06,4.9942e-06,6.1277e-06,3.4315e-06,6.4874e-05,4.3178e-06,2.5934e-07,2.2584e-06,8.005e-06,6.7387e-06,4.6008e-06,1.1268e-06,6.3835e-05,2.0911e-05,2.1387e-07,0.00025052,2.187e-06,6.7623e-05,0.00029728,2.1686e-05,3.9761e-05,1.5455e-07,2.4007e-05,0.00020255,1.3944e-05,2.3131e-08,1,3.3054e-05,1.6484e-05,1.0431e-11
2.2941e-06,7.5423e-05,9.9204e-05,3.0428e-06,7.7822e-06,4.0783e-06,1.4635e-05,4.2125e-06,1.8902e-06,1.9501e-06,3.723e-06,1.0131e-05,4.3833e-05,5.1066e-06,0.00020774,1.5046e-06,4.4177e-05,3.0262e-06,0.00023271,2.7379e-05,2.8033e-05,8.0649e-07,3.1621e-05,7.0133e-06,2.3711e-06,3.7321e-06,3.4264e-06,5.4669e-07,8.9515e-06,8.7354e-07,1.9044e-05,3.5865e-05,2.7276e-06,1.8421e-06,8.1816e-05,3.1003e-06,0.00044738,6.7406e-09,2.736e-06,1.3914e-05,3.3978e-06,4.6818e-06,1.982e-06,7.0784e-05,7.7266e-05,3.8558e-06,4.3516e-09,3.3054e-05,1,5.4954e-06,9.1242e-10
6.0293e-05,0.0035072,0.001068,0.00022756,2.5101e-06,0.0017592,0.016677,0.049398,0.0301,0.00085524,0.00018186,0.0075875,7.1649e-05,0.0025483,0.00027353,4.9417e-05,9.5352e-06,0.00026517,0.0004329,6.1826e-05,0.00071285,0.029571,0.0034545,0.0011177,0.033233,0.0024615,0.0059242,0.00014433,1.9307e-05,0.0007729,0.00015992,0.00075104,0.0022223,3.1848e-05,0.00036063,5.5847e-08,2.9932e-05,3.4818e-08,0.013379,5.0392e-07,1.0772e-07,0.00048011,5.6623e-07,1.249e-05,0.0018131,4.1317e-05,1.8789e-06,1.6484e-05,5.4954e-06,1,1.6603e-12
2.4071e-11,4.4138e-11,3.0334e-10,2.9123e-11,1.6574e-08,7.0781e-12,7.4641e-12,7.0604e-13,8.923e-13,6.0639e-12,7.3396e-12,4.2285e-12,3.6845e-10,1.8664e-11,3.4633e-10,1.5527e-10,2.9729e-09,3.6774e-11,2.674e-10,9.0735e-10,3.6311e-12,2.2326e-13,3.742e-11,8.087e-11,1.2933e-12,1.9912e-12,6.2449e-13,2.8583e-11,2.3016e-10,5.2363e-12,2.2486e-10,7.8625e-11,9.5148e-12,1.2007e-10,6.1481e-11,6.3492e-08,4.766e-11,2.9576e-11,1.31e-12,6.2345e-10,7.472e-10,6.0083e-12,2.9006e-10,2.1411e-09,2.572e-11,8.4947e-13,1.5988e-13,1.0431e-11,9.1242e-10,1.6603e-12,1
