1,0.00019414,4.8456e-07,1.2182e-07,4.8496e-09,0.00012903,0.00016146,3.4451e-05,1.2973e-06,0.0010516,0.00025251,0.0010411,2.8901e-05,4.497e-05,0.00018844,0.0027525,1.2385e-06,0.00018117,0.00082153,0.00043567,0.00020731,0.0016059,0.00090883,1.7946e-05,0.0014492,1.5008e-07,2.1413e-07,0.00013443,6.0509e-05,2.7629e-06,8.8159e-05,1.0516e-07,0.00094102,0.0026748,5.7641e-07,3.1015e-06,9.625e-06,2.4184e-06,6.7841e-06,3.0321e-07,0.00032593,5.7829e-07,1.1851e-05,7.5657e-09,8.7949e-05,2.4504e-06,0.0020062,4.8919e-06,4.6299e-07,8.3028e-06,4.5658e-08
0.00019414,1,0.00025213,7.2749e-06,5.8423e-07,0.012622,0.01443,0.0050254,0.00023444,0.00046676,0.00062364,0.00021469,0.00017108,0.00084987,0.013579,0.0027647,5.1192e-05,0.0084901,0.021646,0.00274,0.010605,0.0030632,0.0078799,0.002806,0.00038612,5.0404e-06,4.0651e-06,0.00016574,1.4275e-05,0.00024873,5.9515e-05,7.6987e-06,0.00028815,4.9378e-05,2.0386e-05,8.2736e-05,0.00014702,8.4026e-05,0.00053417,1.0292e-05,0.00028481,0.00031347,0.00090416,1.4213e-06,0.0021373,3.0773e-05,0.005758,4.0535e-05,0.00014163,0.00012439,1.6704e-05
4.8456e-07,0.00025213,1,5.9622e-06,2.8015e-06,9.6218e-05,0.00018427,0.00020074,0.00020208,9.3696e-07,3.5097e-06,4.0924e-07,2.7248e-06,4.6128e-06,0.00022589,3.9143e-06,1.9831e-05,0.00027856,9.2808e-05,2.0448e-05,5.9556e-05,5.9641e-06,1.9356e-05,0.00016716,3.0984e-06,1.3769e-06,2.7958e-07,3.761e-06,2.1041e-06,0.00023363,3.8338e-07,4.9194e-05,6.241e-07,1.2939e-07,2.3816e-06,1.3056e-06,1.2994e-06,1.243e-06,0.00028674,5.3733e-06,1.0232e-06,4.0267e-05,2.6222e-05,1.9246e-05,4.3319e-05,1.0988e-06,7.8503e-06,8.8381e-07,0.00030728,1.2192e-06,0.00039767
1.2182e-07,7.2749e-06,5.9622e-06,1,0.0058404,8.7023e-06,3.8052e-05,5.3519e-05,1.9151e-06,5.1671e-07,1.2963e-05,1.3985e-07,0.00030278,2.3884e-05,6.1981e-06,3.4864e-06,0.01591,2.2192e-06,5.9647e-06,3.3778e-06,7.1849e-05,1.7242e-06,7.397e-06,1.9394e-06,1.3736e-07,0.0028723,5.0745e-05,1.5955e-07,7.5783e-08,2.7083e-05,1.2372e-06,0.0029327,1.8493e-06,6.6364e-08,0.0090493,2.9053e-06,1.615e-05,3.6781e-05,1.0368e-06,1.805e-06,8.7206e-07,3.1953e-05,6.3827e-05,5.343e-06,1.0151e-06,4.206e-07,3.8789e-06,3.9874e-05,0.00069893,2.8937e-06,2.2e-06
4.8496e-09,5.8423e-07,2.8015e-06,0.0058404,1,3.9903e-07,2.1099e-06,3.279e-06,2.2504e-07,1.6244e-08,7.4752e-07,5.3806e-09,1.3727e-05,7.9654e-07,4.1989e-07,1.3873e-07,0.0010986,1.4943e-07,2.8113e-07,1.2669e-07,2.9419e-06,6.5302e-08,3.2451e-07,2.3591e-07,5.5108e-09,0.00041127,5.3441e-06,7.359e-09,4.5572e-09,3.1089e-06,4.1459e-08,0.00086978,4.8187e-08,1.8842e-09,0.00037506,3.4271e-07,5.3534e-07,2.1817e-06,4.5845e-07,1.9046e-07,3.6552e-08,9.2025e-06,2.5779e-06,5.0307e-06,8.5639e-08,1.6082e-08,1.472e-07,1.8838e-06,0.00014383,1.9195e-07,1.0522e-06
0.00012903,0.012622,9.6218e-05,8.7023e-06,3.9903e-07,1,0.022217,0.011136,0.00028174,0.0021072,0.00097487,0.00048404,0.00017211,0.00080985,0.016226,0.0016529,4.9365e-05,0.0088891,0.013707,0.012332,0.022698,0.0097178,0.0081656,0.00062969,0.00041575,5.2805e-06,9.8876e-06,0.00019122,1.0306e-05,0.00011877,0.00013424,8.9523e-06,0.00042667,9.2743e-05,2.7289e-05,6.072e-05,7.2261e-05,0.00015444,8.2741e-05,2.6277e-05,0.00022088,0.00011033,0.0007101,5.4793e-07,0.0007376,0.00011829,0.0038208,7.9399e-05,0.00010345,0.00017799,9.8326e-06
0.00016146,0.01443,0.00018427,3.8052e-05,2.1099e-06,0.022217,1,0.011382,0.00012346,0.0008611,0.0029658,0.0002459,0.00058117,0.00079009,0.023247,0.003563,0.00024023,0.0042999,0.0189,0.0091248,0.068455,0.0048834,0.020485,0.00095665,0.00052564,3.3195e-05,1.6833e-05,0.00019722,1.7642e-05,0.00015387,0.00020649,4.0749e-05,0.00077359,8.5143e-05,0.00016653,0.00011086,0.00013608,0.0001468,0.00031062,3.8462e-05,0.00041846,0.00026025,0.0016955,1.2411e-06,0.0015325,0.00012763,0.007404,0.00013936,0.0002202,0.00016019,1.1292e-05
3.4451e-05,0.0050254,0.00020074,5.3519e-05,3.279e-06,0.011136,0.011382,1,0.00036665,0.00038786,0.00064415,0.00014547,0.00077003,0.00062496,0.014521,0.00097322,0.00018022,0.0030528,0.0049583,0.0042534,0.02085,0.0019621,0.0053011,0.00015211,0.00010337,1.9348e-05,2.1607e-05,4.2317e-05,2.5262e-06,0.00012098,8.822e-05,2.5793e-05,0.00019291,2.0504e-05,0.00011974,4.7098e-05,2.8734e-05,0.00031805,5.3673e-05,9.1818e-05,8.0255e-05,0.00022308,0.00034218,1.9385e-06,0.00032447,4.9595e-05,0.0013568,0.00022962,0.00029834,0.00018317,1.9939e-05
1.2973e-06,0.00023444,0.00020208,1.9151e-06,2.2504e-07,0.00028174,0.00012346,0.00036665,1,3.7241e-06,2.641e-06,1.1854e-06,3.0835e-06,2.3773e-05,0.00012698,5.3255e-06,4.8456e-06,0.00058344,0.00013984,5.9234e-05,0.00010231,1.3584e-05,2.9769e-05,4.7768e-05,5.8243e-06,3.4995e-07,3.6213e-07,4.3543e-06,5.777e-07,0.00051624,5.6718e-07,2.4432e-06,1.4796e-06,4.0224e-07,1.6205e-06,2.2718e-06,6.1854e-06,5.18e-06,9.3357e-06,2.5945e-06,1.0955e-06,5.1076e-05,4.2827e-05,6.1381e-06,2.7406e-05,3.9835e-06,1.6647e-05,2.1602e-06,7.5056e-05,3.3427e-06,0.00063817
0.0010516,0.00046676,9.3696e-07,5.1671e-07,1.6244e-08,0.0021072,0.0008611,0.00038786,3.7241e-06,1,0.0017665,0.037012,9.6602e-05,0.00024767,0.0015088,0.0063111,2.8613e-06,0.0005801,0.00096274,0.0057917,0.0014892,0.01384,0.0051096,3.4501e-05,0.0023824,7.8078e-07,1.4901e-06,0.00056519,1.1796e-05,1.9399e-06,0.0018317,3.0576e-07,0.0099353,0.0032623,4.5991e-06,1.8576e-05,3.0347e-05,2.029e-05,3.7688e-06,5.086e-06,0.0012756,2.6066e-06,4.613e-05,1.4618e-08,0.0003359,8.893e-05,0.0053063,3.9315e-05,1.3875e-06,0.00013456,1.2588e-07
0.00025251,0.00062364,3.5097e-06,1.2963e-05,7.4752e-07,0.00097487,0.0029658,0.00064415,2.641e-06,0.0017665,1,0.00086329,0.0012695,0.00049476,0.0014132,0.0051721,0.00010924,0.00020887,0.00092332,0.0011573,0.006023,0.0023377,0.0039887,4.4454e-05,0.00015647,1.5213e-05,1.3726e-05,3.6985e-05,4.1336e-06,6.1035e-06,0.00021137,5.532e-06,0.0010457,0.00010873,9.1561e-05,6.7389e-05,3.9615e-05,7.9118e-05,2.4106e-05,2.4176e-06,0.00029674,2.8919e-05,0.00012861,8.377e-08,0.00014836,7.7501e-06,0.0032188,0.00012151,1.1547e-05,0.00010354,3.3447e-07
0.0010411,0.00021469,4.0924e-07,1.3985e-07,5.3806e-09,0.00048404,0.0002459,0.00014547,1.1854e-06,0.037012,0.00086329,1,3.4677e-05,0.00011769,0.00077295,0.0063339,7.5761e-07,0.00018132,0.00037403,0.0021036,0.00034574,0.0053682,0.0027941,1.1373e-05,0.0016462,2.1769e-07,4.1848e-07,0.0002664,5.2386e-06,5.7274e-07,0.0012121,6.7135e-08,0.0034012,0.0070738,1.1605e-06,8.0479e-06,6.2946e-06,7.9892e-06,2.414e-06,2.1528e-06,0.00087828,1.1536e-06,1.4522e-05,4.6259e-09,0.00010728,4.5655e-05,0.003218,9.4152e-06,3.108e-07,4.8491e-05,3.9654e-08
2.8901e-05,0.00017108,2.7248e-06,0.00030278,1.3727e-05,0.00017211,0.00058117,0.00077003,3.0835e-06,9.6602e-05,0.0012695,3.4677e-05,1,0.00021057,0.00021214,0.0005201,0.0015962,6.7952e-05,0.00017671,0.00018632,0.0023659,0.00024207,0.00058541,9.8843e-06,9.5504e-06,0.00024768,6.3035e-05,6.2339e-06,1.3874e-06,9.0089e-06,9.6162e-05,5.5233e-05,0.00032834,9.7638e-06,0.0019826,2.5572e-05,5.4413e-05,0.00012259,5.8594e-06,2.608e-06,8.7819e-05,1.8423e-05,7.9387e-05,6.1664e-07,3.3029e-05,2.5968e-06,0.0003325,0.00055539,4.5273e-05,8.8479e-05,3.727e-07
4.497e-05,0.00084987,4.6128e-06,2.3884e-05,7.9654e-07,0.00080985,0.00079009,0.00062496,2.3773e-05,0.00024767,0.00049476,0.00011769,0.00021057,1,0.00023083,0.0011632,5.8158e-05,8.9368e-05,0.00050729,0.00089362,0.0020513,0.00055733,0.0020049,4.173e-05,4.5702e-05,1.1243e-05,1.3859e-05,4.4233e-05,1.5039e-06,4.5805e-05,0.0001603,2.9383e-06,0.00042971,5.2574e-05,6.6384e-05,5.3945e-05,0.00029622,0.00048546,3.6857e-06,1.79e-06,0.00022479,0.00011633,0.0028225,5.1045e-07,5.5453e-05,4.3753e-05,0.0024816,0.00019803,4.9573e-05,0.00023194,2.6262e-06
0.00018844,0.013579,0.00022589,6.1981e-06,4.1989e-07,0.016226,0.023247,0.014521,0.00012698,0.0015088,0.0014132,0.00077295,0.00021214,0.00023083,1,0.0025855,4.0984e-05,0.020987,0.013721,0.0068465,0.009811,0.0052883,0.010138,0.00062923,0.00079774,4.0764e-06,3.5992e-06,0.00029943,1.8954e-05,6.873e-05,0.00012874,7.6876e-06,0.00041486,9.3418e-05,2.0518e-05,7.7258e-05,2.7593e-05,3.1028e-05,0.00029662,2.4459e-05,0.00026695,8.2174e-05,0.0002119,4.8963e-07,0.002464,5.6221e-05,0.0040686,3.4867e-05,3.6195e-05,9.9448e-05,8.3951e-06
0.0027525,0.0027647,3.9143e-06,3.4864e-06,1.3873e-07,0.0016529,0.003563,0.00097322,5.3255e-06,0.0063111,0.0051721,0.0063339,0.0005201,0.0011632,0.0025855,1,2.1771e-05,0.00050825,0.0049653,0.0052792,0.0069071,0.015596,0.029811,8.74e-05,0.0013115,5.0029e-06,5.7506e-06,0.00016163,9.6961e-06,1.1649e-05,0.001172,1.2619e-06,0.0090958,0.0025155,2.108e-05,5.8217e-05,6.1908e-05,0.00012504,2.9807e-05,7.4626e-06,0.0015901,2.3834e-05,0.00028942,5.7993e-08,0.00030485,4.3364e-05,0.066234,0.00010131,6.8942e-06,0.00019391,2.6318e-07
1.2385e-06,5.1192e-05,1.9831e-05,0.01591,0.0010986,4.9365e-05,0.00024023,0.00018022,4.8456e-06,2.8613e-06,0.00010924,7.5761e-07,0.0015962,5.8158e-05,4.0984e-05,2.1771e-05,1,1.7944e-05,3.9227e-05,1.4188e-05,0.00045128,1.0958e-05,3.6815e-05,1.2247e-05,8.027e-07,0.0018646,5.5085e-05,7.4445e-07,5.7767e-07,0.00011057,3.1877e-06,0.0050596,7.7133e-06,3.5713e-07,0.0069002,1.2616e-05,4.7677e-05,4.701e-05,9.2457e-06,1.7968e-06,4.3675e-06,6.6425e-05,0.00015271,4.4705e-06,6.2587e-06,5.3393e-07,2.1973e-05,6.3095e-05,0.00090411,8.0197e-06,3.1266e-06
0.00018117,0.0084901,0.00027856,2.2192e-06,1.4943e-07,0.0088891,0.0042999,0.0030528,0.00058344,0.0005801,0.00020887,0.00018132,6.7952e-05,8.9368e-05,0.020987,0.00050825,1.7944e-05,1,0.0067911,0.0019625,0.0028599,0.0014712,0.0016663,0.0010902,0.0007801,1.3596e-06,9.6726e-07,0.00049838,6.9e-05,0.00013974,3.5971e-05,5.9268e-06,0.00014166,3.7359e-05,5.6758e-06,1.5526e-05,3.8881e-05,8.0766e-06,0.00019625,7.3461e-06,0.00012169,2.36e-05,0.00011989,1.0424e-06,0.0044208,1.7823e-05,0.0010885,1.5288e-05,4.0641e-05,4.1696e-05,1.7045e-05
0.00082153,0.021646,9.2808e-05,5.9647e-06,2.8113e-07,0.013707,0.0189,0.0049583,0.00013984,0.00096274,0.00092332,0.00037403,0.00017671,0.00050729,0.013721,0.0049653,3.9227e-05,0.0067911,1,0.0077176,0.0147,0.0089574,0.017334,0.001043,0.0013355,3.7844e-06,5.5042e-06,0.00020261,3.0993e-05,0.00014683,9.3059e-05,6.0631e-06,0.00071962,0.0001658,1.7047e-05,5.128e-05,7.6721e-05,9.4249e-05,0.0001936,1.6975e-05,0.00035641,9.378e-05,0.00059999,4.7407e-07,0.0015437,4.3719e-05,0.010856,8.4862e-05,6.3111e-05,9.5174e-05,6.2746e-06
0.00043567,0.00274,2.0448e-05,3.3778e-06,1.2669e-07,0.012332,0.0091248,0.0042534,5.9234e-05,0.0057917,0.0011573,0.0021036,0.00018632,0.00089362,0.0068465,0.0052792,1.4188e-05,0.0019625,0.0077176,1,0.0077863,0.016745,0.038259,0.00011038,0.0027554,2.9228e-06,3.3474e-06,0.00076904,1.5933e-05,1.4925e-05,0.0010038,2.2487e-06,0.002547,0.00067213,1.7172e-05,1.7443e-05,2.2466e-05,7.5281e-05,2.099e-05,3.5412e-05,0.00076096,1.6643e-05,0.00030534,2.3951e-07,0.00067072,0.00029935,0.0094806,7.9866e-05,1.5847e-05,0.00016258,2.3834e-06
0.00020731,0.010605,5.9556e-05,7.1849e-05,2.9419e-06,0.022698,0.068455,0.02085,0.00010231,0.0014892,0.006023,0.00034574,0.0023659,0.0020513,0.009811,0.0069071,0.00045128,0.0028599,0.0147,0.0077863,1,0.0085816,0.019187,0.00038619,0.00027939,5.6741e-05,5.4197e-05,8.6993e-05,7.5927e-06,0.0001309,0.00023946,3.4867e-05,0.0013572,8.4387e-05,0.00031068,0.00014166,0.00019982,0.00070919,9.6496e-05,3.1223e-05,0.00033049,0.0003014,0.0017622,1.1473e-06,0.00069176,5.612e-05,0.010962,0.00057696,0.00028865,0.00041667,5.6735e-06
0.0016059,0.0030632,5.9641e-06,1.7242e-06,6.5302e-08,0.0097178,0.0048834,0.0019621,1.3584e-05,0.01384,0.0023377,0.0053682,0.00024207,0.00055733,0.0052883,0.015596,1.0958e-05,0.0014712,0.0089574,0.016745,0.0085816,1,0.017732,9.0935e-05,0.0015246,1.8902e-06,8.1078e-06,0.00023588,1.0771e-05,8.655e-06,0.00055048,9.8411e-07,0.0041344,0.0013117,8.4802e-06,5.2028e-05,2.1295e-05,0.0001149,1.8833e-05,7.8825e-06,0.00068355,1.4807e-05,0.00014159,4.682e-08,0.00037912,5.3535e-05,0.018788,0.00011154,6.8024e-06,0.00028045,4.2519e-07
0.00090883,0.0078799,1.9356e-05,7.397e-06,3.2451e-07,0.0081656,0.020485,0.0053011,2.9769e-05,0.0051096,0.0039887,0.0027941,0.00058541,0.0020049,0.010138,0.029811,3.6815e-05,0.0016663,0.017334,0.038259,0.019187,0.017732,1,0.00025384,0.0018186,9.3446e-06,7.9894e-06,0.00064637,1.6749e-05,2.4323e-05,0.0018196,3.5465e-06,0.0066378,0.00089435,4.9879e-05,6.6021e-05,8.0763e-05,0.00017643,6.4257e-05,2.0343e-05,0.0027125,5.2142e-05,0.00072507,3.2099e-07,0.0014188,0.00021565,0.055812,0.00020998,2.9265e-05,0.00034166,1.9617e-06
1.7946e-05,0.002806,0.00016716,1.9394e-06,2.3591e-07,0.00062969,0.00095665,0.00015211,4.7768e-05,3.4501e-05,4.4454e-05,1.1373e-05,9.8843e-06,4.173e-05,0.00062923,8.74e-05,1.2247e-05,0.0010902,0.001043,0.00011038,0.00038619,9.0935e-05,0.00025384,1,6.8509e-05,1.9672e-06,6.1525e-07,6.5e-05,1.6897e-05,8.8094e-05,9.405e-06,5.4281e-06,2.181e-05,5.6317e-06,3.6585e-06,7.773e-06,0.00014977,4.6295e-06,0.00028904,3.6948e-06,0.00010418,4.4167e-05,0.00025634,7.7199e-07,0.0019445,8.7826e-06,0.00020473,4.8801e-06,5.3228e-05,9.1981e-06,8.729e-06
0.0014492,0.00038612,3.0984e-06,1.3736e-07,5.5108e-09,0.00041575,0.00052564,0.00010337,5.8243e-06,0.0023824,0.00015647,0.0016462,9.5504e-06,4.5702e-05,0.00079774,0.0013115,8.027e-07,0.0007801,0.0013355,0.0027554,0.00027939,0.0015246,0.0018186,6.8509e-05,1,2.1831e-07,1.0841e-07,0.0034302,0.00022215,2.0266e-06,0.00027556,2.3854e-07,0.0011075,0.0015395,7.8393e-07,1.7072e-06,1.4052e-05,1.6639e-06,9.0908e-06,4.3355e-06,0.00086889,8.018e-07,3.1262e-05,2.5682e-08,0.0012296,6.599e-05,0.0015924,5.0175e-06,1.098e-06,1.3151e-05,3.0266e-07
1.5008e-07,5.0404e-06,1.3769e-06,0.0028723,0.00041127,5.2805e-06,3.3195e-05,1.9348e-05,3.4995e-07,7.8078e-07,1.5213e-05,2.1769e-07,0.00024768,1.1243e-05,4.0764e-06,5.0029e-06,0.0018646,1.3596e-06,3.7844e-06,2.9228e-06,5.6741e-05,1.8902e-06,9.3446e-06,1.9672e-06,2.1831e-07,1,1.5823e-05,2.6273e-07,1.1344e-07,3.8447e-06,5.4907e-06,0.00045011,3.8511e-06,1.2639e-07,0.0081549,1.6818e-06,1.6825e-05,1.429e-05,7.4166e-07,2.7541e-06,2.5592e-06,7.8902e-06,2.7148e-05,1.2123e-06,1.5259e-06,7.7783e-07,4.3458e-06,3.1958e-05,0.00010972,2.2329e-06,2.8147e-07
2.1413e-07,4.0651e-06,2.7958e-07,5.0745e-05,5.3441e-06,9.8876e-06,1.6833e-05,2.1607e-05,3.6213e-07,1.4901e-06,1.3726e-05,4.1848e-07,6.3035e-05,1.3859e-05,3.5992e-06,5.7506e-06,5.5085e-05,9.6726e-07,5.5042e-06,3.3474e-06,5.4197e-05,8.1078e-06,7.9894e-06,6.1525e-07,1.0841e-07,1.5823e-05,1,7.347e-08,5.7394e-09,8.9063e-07,6.2666e-07,3.7732e-06,4.9748e-06,1.546e-07,8.9204e-05,7.3533e-05,2.1138e-06,0.0014903,4.3589e-07,1.6289e-07,5.2213e-07,4.9293e-05,2.5699e-05,1.6748e-07,6.4918e-07,2.3515e-07,1.1784e-05,0.0018189,1.6443e-05,0.00028249,9.8469e-08
0.00013443,0.00016574,3.761e-06,1.5955e-07,7.359e-09,0.00019122,0.00019722,4.2317e-05,4.3543e-06,0.00056519,3.6985e-05,0.0002664,6.2339e-06,4.4233e-05,0.00029943,0.00016163,7.4445e-07,0.00049838,0.00020261,0.00076904,8.6993e-05,0.00023588,0.00064637,6.5e-05,0.0034302,2.6273e-07,7.347e-08,1,0.00056407,1.4693e-06,0.00045139,3.225e-07,0.00059738,0.00024517,9.7426e-07,1.1838e-06,1.9407e-05,6.4124e-07,4.5139e-06,9.2929e-07,0.0016301,4.2737e-07,3.3866e-05,1.493e-07,0.0024275,6.9094e-05,0.00045138,4.1343e-06,1.3643e-06,1.8667e-05,7.1894e-07
6.0509e-05,1.4275e-05,2.1041e-06,7.5783e-08,4.5572e-09,1.0306e-05,1.7642e-05,2.5262e-06,5.777e-07,1.1796e-05,4.1336e-06,5.2386e-06,1.3874e-06,1.5039e-06,1.8954e-05,9.6961e-06,5.7767e-07,6.9e-05,3.0993e-05,1.5933e-05,7.5927e-06,1.0771e-05,1.6749e-05,1.6897e-05,0.00022215,1.1344e-07,5.7394e-09,0.00056407,1,1.3505e-06,9.5323e-06,7.0442e-07,1.4657e-05,1.4088e-05,1.9566e-07,5.5909e-08,5.5726e-06,2.2623e-08,2.0572e-06,1.5417e-07,5.4364e-05,2.8405e-08,2.951e-06,3.6113e-08,8.3598e-05,1.1646e-06,1.1712e-05,1.685e-07,5.2426e-07,1.917e-07,1.411e-07
2.7629e-06,0.00024873,0.00023363,2.7083e-05,3.1089e-06,0.00011877,0.00015387,0.00012098,0.00051624,1.9399e-06,6.1035e-06,5.7274e-07,9.0089e-06,4.5805e-05,6.873e-05,1.1649e-05,0.00011057,0.00013974,0.00014683,1.4925e-05,0.0001309,8.655e-06,2.4323e-05,8.8094e-05,2.0266e-06,3.8447e-06,8.9063e-07,1.4693e-06,1.3505e-06,1,6.0286e-07,3.4697e-05,1.6968e-06,4.4959e-07,9.777e-06,4.6393e-06,3.3961e-05,6.6848e-06,3.1662e-05,1.5067e-06,1.1526e-06,0.00011804,0.00010665,4.3327e-06,9.0304e-06,1.0592e-06,2.1441e-05,2.0561e-06,0.00036971,1.3486e-06,0.00012947
8.8159e-05,5.9515e-05,3.8338e-07,1.2372e-06,4.1459e-08,0.00013424,0.00020649,8.822e-05,5.6718e-07,0.0018317,0.00021137,0.0012121,9.6162e-05,0.0001603,0.00012874,0.001172,3.1877e-06,3.5971e-05,9.3059e-05,0.0010038,0.00023946,0.00055048,0.0018196,9.405e-06,0.00027556,5.4907e-06,6.2666e-07,0.00045139,9.5323e-06,6.0286e-07,1,4.8034e-07,0.0032444,0.0015364,1.2424e-05,1.7256e-06,2.229e-05,7.8464e-06,7.5791e-07,1.1217e-05,0.0057275,5.7261e-07,3.5472e-05,2.0412e-08,6.8712e-05,0.0002494,0.00072331,2.2872e-05,1.0695e-06,2.505e-05,4.9196e-08
1.0516e-07,7.6987e-06,4.9194e-05,0.0029327,0.00086978,8.9523e-06,4.0749e-05,2.5793e-05,2.4432e-06,3.0576e-07,5.532e-06,6.7135e-08,5.5233e-05,2.9383e-06,7.6876e-06,1.2619e-06,0.0050596,5.9268e-06,6.0631e-06,2.2487e-06,3.4867e-05,9.8411e-07,3.5465e-06,5.4281e-06,2.3854e-07,0.00045011,3.7732e-06,3.225e-07,7.0442e-07,3.4697e-05,4.8034e-07,1,6.8525e-07,3.4962e-08,0.00066843,6.4888e-07,8.1299e-06,2.0917e-06,4.0902e-06,2.2578e-06,7.0257e-07,5.6881e-06,2.2487e-05,1.0941e-05,2.4171e-06,2.2972e-07,1.4127e-06,5.3924e-06,0.0011596,7.0208e-07,4.9683e-06
0.00094102,0.00028815,6.241e-07,1.8493e-06,4.8187e-08,0.00042667,0.00077359,0.00019291,1.4796e-06,0.0099353,0.0010457,0.0034012,0.00032834,0.00042971,0.00041486,0.0090958,7.7133e-06,0.00014166,0.00071962,0.002547,0.0013572,0.0041344,0.0066378,2.181e-05,0.0011075,3.8511e-06,4.9748e-06,0.00059738,1.4657e-05,1.6968e-06,0.0032444,6.8525e-07,1,0.0024265,2.2826e-05,3.6056e-05,9.1437e-05,4.0987e-05,3.2508e-06,2.4702e-06,0.0031139,3.3948e-06,0.00013462,4.2384e-08,0.00033129,8.7548e-05,0.012192,0.00020732,2.4644e-06,0.00039753,9.5275e-08
0.0026748,4.9378e-05,1.2939e-07,6.6364e-08,1.8842e-09,9.2743e-05,8.5143e-05,2.0504e-05,4.0224e-07,0.0032623,0.00010873,0.0070738,9.7638e-06,5.2574e-05,9.3418e-05,0.0025155,3.5713e-07,3.7359e-05,0.0001658,0.00067213,8.4387e-05,0.0013117,0.00089435,5.6317e-06,0.0015395,1.2639e-07,1.546e-07,0.00024517,1.4088e-05,4.4959e-07,0.0015364,3.4962e-08,0.0024265,1,4.5603e-07,1.9582e-06,6.1752e-06,2.4475e-06,8.6613e-07,9.7663e-07,0.0012069,2.3709e-07,1.3642e-05,1.7472e-09,2.585e-05,5.9817e-05,0.001474,3.0737e-06,1.1147e-07,8.6253e-06,1.2286e-08
5.7641e-07,2.0386e-05,2.3816e-06,0.0090493,0.00037506,2.7289e-05,0.00016653,0.00011974,1.6205e-06,4.5991e-06,9.1561e-05,1.1605e-06,0.0019826,6.6384e-05,2.0518e-05,2.108e-05,0.0069002,5.6758e-06,1.7047e-05,1.7172e-05,0.00031068,8.4802e-06,4.9879e-05,3.6585e-06,7.8393e-07,0.0081549,8.9204e-05,9.7426e-07,1.9566e-07,9.777e-06,1.2424e-05,0.00066843,2.2826e-05,4.5603e-07,1,1.1162e-05,6.6229e-05,7.8871e-05,1.7033e-06,3.0115e-06,7.8938e-06,3.8697e-05,0.00011828,2.5772e-06,5.7994e-06,2.6572e-06,2.3135e-05,0.00022339,0.00021863,1.9264e-05,9.4264e-07
3.1015e-06,8.2736e-05,1.3056e-06,2.9053e-06,3.4271e-07,6.072e-05,0.00011086,4.7098e-05,2.2718e-06,1.8576e-05,6.7389e-05,8.0479e-06,2.5572e-05,5.3945e-05,7.7258e-05,5.8217e-05,1.2616e-05,1.5526e-05,5.128e-05,1.7443e-05,0.00014166,5.2028e-05,6.6021e-05,7.773e-06,1.7072e-06,1.6818e-06,7.3533e-05,1.1838e-06,5.5909e-08,4.6393e-06,1.7256e-06,6.4888e-07,3.6056e-05,1.9582e-06,1.1162e-05,1,1.2365e-05,6.2518e-05,1.3627e-05,8.6632e-08,5.233e-06,0.00038493,5.8459e-05,5.794e-08,1.3341e-05,1.5096e-06,0.0001687,3.9039e-05,3.0344e-06,0.00019443,3.7455e-07
9.625e-06,0.00014702,1.2994e-06,1.615e-05,5.3534e-07,7.2261e-05,0.00013608,2.8734e-05,6.1854e-06,3.0347e-05,3.9615e-05,6.2946e-06,5.4413e-05,0.00029622,2.7593e-05,6.1908e-05,4.7677e-05,3.8881e-05,7.6721e-05,2.2466e-05,0.00019982,2.1295e-05,8.0763e-05,0.00014977,1.4052e-05,1.6825e-05,2.1138e-06,1.9407e-05,5.5726e-06,3.3961e-05,2.229e-05,8.1299e-06,9.1437e-05,6.1752e-06,6.6229e-05,1.2365e-05,1,1.2075e-05,3.4034e-06,5.4349e-07,0.00014017,1.6862e-05,0.0012259,4.5884e-07,9.242e-05,1.3762e-05,0.0001242,2.2522e-05,3.5472e-05,1.4216e-05,8.4067e-07
2.4184e-06,8.4026e-05,1.243e-06,3.6781e-05,2.1817e-06,0.00015444,0.0001468,0.00031805,5.18e-06,2.029e-05,7.9118e-05,7.9892e-06,0.00012259,0.00048546,3.1028e-05,0.00012504,4.701e-05,8.0766e-06,9.4249e-05,7.5281e-05,0.00070919,0.0001149,0.00017643,4.6295e-06,1.6639e-06,1.429e-05,0.0014903,6.4124e-07,2.2623e-08,6.6848e-06,7.8464e-06,2.0917e-06,4.0987e-05,2.4475e-06,7.8871e-05,6.2518e-05,1.2075e-05,1,1.4e-06,3.2005e-06,5.2814e-06,0.00033728,0.00031299,2.9815e-07,3.9468e-06,3.9526e-06,0.00021876,0.001889,7.0819e-05,0.00065859,4.9477e-07
6.7841e-06,0.00053417,0.00028674,1.0368e-06,4.5845e-07,8.2741e-05,0.00031062,5.3673e-05,9.3357e-06,3.7688e-06,2.4106e-05,2.414e-06,5.8594e-06,3.6857e-06,0.00029662,2.9807e-05,9.2457e-06,0.00019625,0.0001936,2.099e-05,9.6496e-05,1.8833e-05,6.4257e-05,0.00028904,9.0908e-06,7.4166e-07,4.3589e-07,4.5139e-06,2.0572e-06,3.1662e-05,7.5791e-07,4.0902e-06,3.2508e-06,8.6613e-07,1.7033e-06,1.3627e-05,3.4034e-06,1.4e-06,1,6.059e-07,5.1757e-06,5.1151e-05,2.1475e-05,6.6044e-07,0.00015388,6.7571e-07,5.463e-05,1.0279e-06,1.8717e-05,2.3566e-06,4.3255e-06
3.0321e-07,1.0292e-05,5.3733e-06,1.805e-06,1.9046e-07,2.6277e-05,3.8462e-05,9.1818e-05,2.5945e-06,5.086e-06,2.4176e-06,2.1528e-06,2.608e-06,1.79e-06,2.4459e-05,7.4626e-06,1.7968e-06,7.3461e-06,1.6975e-05,3.5412e-05,3.1223e-05,7.8825e-06,2.0343e-05,3.6948e-06,4.3355e-06,2.7541e-06,1.6289e-07,9.2929e-07,1.5417e-07,1.5067e-06,1.1217e-05,2.2578e-06,2.4702e-06,9.7663e-07,3.0115e-06,8.6632e-08,5.4349e-07,3.2005e-06,6.059e-07,1,2.1743e-06,8.0834e-07,3.9701e-06,4.8837e-08,2.4937e-06,2.9105e-05,4.011e-06,1.1251e-06,7.0468e-06,4.434e-07,2.6611e-07
0.00032593,0.00028481,1.0232e-06,8.7206e-07,3.6552e-08,0.00022088,0.00041846,8.0255e-05,1.0955e-06,0.0012756,0.00029674,0.00087828,8.7819e-05,0.00022479,0.00026695,0.0015901,4.3675e-06,0.00012169,0.00035641,0.00076096,0.00033049,0.00068355,0.0027125,0.00010418,0.00086889,2.5592e-06,5.2213e-07,0.0016301,5.4364e-05,1.1526e-06,0.0057275,7.0257e-07,0.0031139,0.0012069,7.8938e-06,5.233e-06,0.00014017,5.2814e-06,5.1757e-06,2.1743e-06,1,1.283e-06,0.00014001,4.0886e-08,0.00080009,8.5614e-05,0.0016947,2.0769e-05,1.828e-06,3.616e-05,9.931e-08
5.7829e-07,0.00031347,4.0267e-05,3.1953e-05,9.2025e-06,0.00011033,0.00026025,0.00022308,5.1076e-05,2.6066e-06,2.8919e-05,1.1536e-06,1.8423e-05,0.00011633,8.2174e-05,2.3834e-05,6.6425e-05,2.36e-05,9.378e-05,1.6643e-05,0.0003014,1.4807e-05,5.2142e-05,4.4167e-05,8.018e-07,7.8902e-06,4.9293e-05,4.2737e-07,2.8405e-08,0.00011804,5.7261e-07,5.6881e-06,3.3948e-06,2.3709e-07,3.8697e-05,0.00038493,1.6862e-05,0.00033728,5.1151e-05,8.0834e-07,1.283e-06,1,0.00030295,2.5143e-06,1.1344e-05,1.7082e-06,6.3715e-05,2.9936e-05,0.00016486,4.7821e-05,2.1422e-05
1.1851e-05,0.00090416,2.6222e-05,6.3827e-05,2.5779e-06,0.0007101,0.0016955,0.00034218,4.2827e-05,4.613e-05,0.00012861,1.4522e-05,7.9387e-05,0.0028225,0.0002119,0.00028942,0.00015271,0.00011989,0.00059999,0.00030534,0.0017622,0.00014159,0.00072507,0.00025634,3.1262e-05,2.7148e-05,2.5699e-05,3.3866e-05,2.951e-06,0.00010665,3.5472e-05,2.2487e-05,0.00013462,1.3642e-05,0.00011828,5.8459e-05,0.0012259,0.00031299,2.1475e-05,3.9701e-06,0.00014001,0.00030295,1,2.4127e-06,0.00013949,7.2721e-05,0.00094151,0.00012109,0.00028984,0.0001407,6.4657e-06
7.5657e-09,1.4213e-06,1.9246e-05,5.343e-06,5.0307e-06,5.4793e-07,1.2411e-06,1.9385e-06,6.1381e-06,1.4618e-08,8.377e-08,4.6259e-09,6.1664e-07,5.1045e-07,4.8963e-07,5.7993e-08,4.4705e-06,1.0424e-06,4.7407e-07,2.3951e-07,1.1473e-06,4.682e-08,3.2099e-07,7.7199e-07,2.5682e-08,1.2123e-06,1.6748e-07,1.493e-07,3.6113e-08,4.3327e-06,2.0412e-08,1.0941e-05,4.2384e-08,1.7472e-09,2.5772e-06,5.794e-08,4.5884e-07,2.9815e-07,6.6044e-07,4.8837e-08,4.0886e-08,2.5143e-06,2.4127e-06,1,9.0313e-07,2.6816e-08,1.8762e-07,8.8943e-07,9.9698e-05,5.852e-07,0.00014974
8.7949e-05,0.0021373,4.3319e-05,1.0151e-06,8.5639e-08,0.0007376,0.0015325,0.00032447,2.7406e-05,0.0003359,0.00014836,0.00010728,3.3029e-05,5.5453e-05,0.002464,0.00030485,6.2587e-06,0.0044208,0.0015437,0.00067072,0.00069176,0.00037912,0.0014188,0.0019445,0.0012296,1.5259e-06,6.4918e-07,0.0024275,8.3598e-05,9.0304e-06,6.8712e-05,2.4171e-06,0.00033129,2.585e-05,5.7994e-06,1.3341e-05,9.242e-05,3.9468e-06,0.00015388,2.4937e-06,0.00080009,1.1344e-05,0.00013949,9.0313e-07,1,2.0128e-05,0.0010111,2.3233e-05,1.6055e-05,8.1401e-05,4.6444e-06
2.4504e-06,3.0773e-05,1.0988e-06,4.206e-07,1.6082e-08,0.00011829,0.00012763,4.9595e-05,3.9835e-06,8.893e-05,7.7501e-06,4.5655e-05,2.5968e-06,4.3753e-05,5.6221e-05,4.3364e-05,5.3393e-07,1.7823e-05,4.3719e-05,0.00029935,5.612e-05,5.3535e-05,0.00021565,8.7826e-06,6.599e-05,7.7783e-07,2.3515e-07,6.9094e-05,1.1646e-06,1.0592e-06,0.0002494,2.2972e-07,8.7548e-05,5.9817e-05,2.6572e-06,1.5096e-06,1.3762e-05,3.9526e-06,6.7571e-07,2.9105e-05,8.5614e-05,1.7082e-06,7.2721e-05,2.6816e-08,2.0128e-05,1,8.0216e-05,2.8905e-06,1.129e-06,4.644e-06,2.5798e-07
0.0020062,0.005758,7.8503e-06,3.8789e-06,1.472e-07,0.0038208,0.007404,0.0013568,1.6647e-05,0.0053063,0.0032188,0.003218,0.0003325,0.0024816,0.0040686,0.066234,2.1973e-05,0.0010885,0.010856,0.0094806,0.010962,0.018788,0.055812,0.00020473,0.0015924,4.3458e-06,1.1784e-05,0.00045138,1.1712e-05,2.1441e-05,0.00072331,1.4127e-06,0.012192,0.001474,2.3135e-05,0.0001687,0.0001242,0.00021876,5.463e-05,4.011e-06,0.0016947,6.3715e-05,0.00094151,1.8762e-07,0.0010111,8.0216e-05,1,0.00023592,1.3667e-05,0.00078737,9.4263e-07
4.8919e-06,4.0535e-05,8.8381e-07,3.9874e-05,1.8838e-06,7.9399e-05,0.00013936,0.00022962,2.1602e-06,3.9315e-05,0.00012151,9.4152e-06,0.00055539,0.00019803,3.4867e-05,0.00010131,6.3095e-05,1.5288e-05,8.4862e-05,7.9866e-05,0.00057696,0.00011154,0.00020998,4.8801e-06,5.0175e-06,3.1958e-05,0.0018189,4.1343e-06,1.685e-07,2.0561e-06,2.2872e-05,5.3924e-06,0.00020732,3.0737e-06,0.00022339,3.9039e-05,2.2522e-05,0.001889,1.0279e-06,1.1251e-06,2.0769e-05,2.9936e-05,0.00012109,8.8943e-07,2.3233e-05,2.8905e-06,0.00023592,1,5.0295e-05,0.0040926,4.2673e-07
4.6299e-07,0.00014163,0.00030728,0.00069893,0.00014383,0.00010345,0.0002202,0.00029834,7.5056e-05,1.3875e-06,1.1547e-05,3.108e-07,4.5273e-05,4.9573e-05,3.6195e-05,6.8942e-06,0.00090411,4.0641e-05,6.3111e-05,1.5847e-05,0.00028865,6.8024e-06,2.9265e-05,5.3228e-05,1.098e-06,0.00010972,1.6443e-05,1.3643e-06,5.2426e-07,0.00036971,1.0695e-06,0.0011596,2.4644e-06,1.1147e-07,0.00021863,3.0344e-06,3.5472e-05,7.0819e-05,1.8717e-05,7.0468e-06,1.828e-06,0.00016486,0.00028984,9.9698e-05,1.6055e-05,1.129e-06,1.3667e-05,5.0295e-05,1,1.0851e-05,0.00010512
8.3028e-06,0.00012439,1.2192e-06,2.8937e-06,1.9195e-07,0.00017799,0.00016019,0.00018317,3.3427e-06,0.00013456,0.00010354,4.8491e-05,8.8479e-05,0.00023194,9.9448e-05,0.00019391,8.0197e-06,4.1696e-05,9.5174e-05,0.00016258,0.00041667,0.00028045,0.00034166,9.1981e-06,1.3151e-05,2.2329e-06,0.00028249,1.8667e-05,1.917e-07,1.3486e-06,2.505e-05,7.0208e-07,0.00039753,8.6253e-06,1.9264e-05,0.00019443,1.4216e-05,0.00065859,2.3566e-06,4.434e-07,3.616e-05,4.7821e-05,0.0001407,5.852e-07,8.1401e-05,4.644e-06,0.00078737,0.0040926,1.0851e-05,1,6.2801e-07
4.5658e-08,1.6704e-05,0.00039767,2.2e-06,1.0522e-06,9.8326e-06,1.1292e-05,1.9939e-05,0.00063817,1.2588e-07,3.3447e-07,3.9654e-08,3.727e-07,2.6262e-06,8.3951e-06,2.6318e-07,3.1266e-06,1.7045e-05,6.2746e-06,2.3834e-06,5.6735e-06,4.2519e-07,1.9617e-06,8.729e-06,3.0266e-07,2.8147e-07,9.8469e-08,7.1894e-07,1.411e-07,0.00012947,4.9196e-08,4.9683e-06,9.5275e-08,1.2286e-08,9.4264e-07,3.7455e-07,8.4067e-07,4.9477e-07,4.3255e-06,2.6611e-07,9.931e-08,2.1422e-05,6.4657e-06,0.00014974,4.6444e-06,2.5798e-07,9.4263e-07,4.2673e-07,0.00010512,6.2801e-07,1
