1,0.0049092,0.00068,0.0002646,0.0012036,0.004471,0.0015096,1.6098e-06,0.0011439,0.00044087,2.9492e-05,0.0040407,0.0022905,6.5772e-09,5.0687e-11,0.020146,0.14347,5.9574e-07,0.00010824,0.00029387,7.8486e-09,0.03302,6.7502e-05,0.04511,3.5578e-10,0.00381,2.2569e-05,2.2934e-12,0.12217,3.2114e-10,4.7882e-10,0.0001018,0.0076413,2.4562e-06,2.592e-13,2.7091e-13,0.0012519,3.1883e-07,1.2463e-06,4.2462e-05,2.3322e-09,0.003517,7.915e-06,0.11569,1.6485e-13,4.643e-08,8.0864e-08,0.00013747,2.7988e-06,4.9287e-14,3.5556e-11
0.0049092,1,0.05512,0.022792,8.2822e-06,3.7399e-05,1.2514e-05,0.00021348,0.060586,3.7631e-06,0.0030522,3.8022e-05,1.822e-05,8.4652e-07,7.0008e-09,0.093158,0.0041198,7.9156e-05,8.6071e-07,2.3076e-06,1.0732e-06,0.04745,5.224e-07,0.00059816,4.7408e-08,0.070425,0.0021525,1.7472e-14,0.0030936,2.3783e-12,3.5212e-12,7.9139e-07,0.15023,1.9244e-08,3.5954e-11,1.9784e-15,1.2036e-05,2.4854e-09,1.0286e-08,0.0050786,1.7414e-11,0.066613,0.00097174,0.0033474,2.2085e-11,6.081e-06,1.0675e-05,1.2264e-06,0.0001996,6.7801e-12,4.8833e-09
0.00068,0.05512,1,0.13119,9.9528e-07,4.0677e-06,1.3845e-06,0.0019211,0.10564,4.3323e-07,0.031033,4.5378e-06,2.1707e-06,8.6528e-06,6.6939e-08,0.018338,0.00051902,0.00069372,9.7197e-08,2.5036e-07,1.017e-05,0.0075691,5.5501e-08,7.0566e-05,4.7003e-07,0.036528,0.015194,1.8858e-15,0.0003592,2.498e-13,3.6956e-13,8.5406e-08,0.041175,2.0241e-09,3.476e-10,2.0776e-16,1.3689e-06,2.7131e-10,1.1543e-09,0.043056,1.8217e-12,0.036978,0.0072819,0.00038733,2.1033e-10,5.3504e-05,9.4374e-05,1.3899e-07,0.0011889,6.3997e-11,4.5049e-08
0.0002646,0.022792,0.13119,1,4.1049e-07,1.7973e-06,6.093e-07,0.0034057,0.067693,1.9367e-07,0.038773,1.9952e-06,9.4504e-07,1.6391e-05,1.3513e-07,0.0071503,0.00021786,0.00124,4.3105e-08,1.107e-07,1.9891e-05,0.0032119,2.4594e-08,3.1425e-05,9.8408e-07,0.016646,0.019529,8.5882e-16,0.00015543,1.1339e-13,1.6739e-13,3.7845e-08,0.016635,9.1242e-10,7.1636e-10,9.4802e-17,6.0764e-07,1.223e-10,5.2273e-10,0.057679,8.2559e-13,0.01704,0.011718,0.00016753,4.3277e-10,0.00010141,0.00017894,6.1578e-08,0.0015563,1.327e-10,9.1491e-08
0.0012036,8.2822e-06,9.9528e-07,4.1049e-07,1,0.11319,0.16683,2.2726e-09,1.916e-06,0.067172,4.0406e-08,0.067052,0.12206,8.8522e-12,6.9583e-14,3.2743e-05,0.0013201,8.6009e-10,0.047722,0.12353,1.0891e-11,6.88e-05,0.036119,0.0077673,4.8936e-13,7.7514e-06,3.7542e-08,1.5733e-09,0.0016656,2.2987e-07,3.475e-07,0.054133,1.342e-05,0.0013796,3.5367e-16,2.0004e-10,0.056808,0.00019543,0.00060464,6.2632e-08,1.6258e-06,7.1362e-06,1.1625e-08,0.0014221,2.3413e-16,6.6615e-11,1.1411e-10,0.035013,5.507e-09,6.7666e-17,4.8875e-14
0.004471,3.7399e-05,4.0677e-06,1.7973e-06,0.11319,1,0.13673,1.055e-08,8.355e-06,0.032716,1.7266e-07,0.094602,0.10159,3.8907e-11,3.1831e-13,0.00014086,0.0052547,3.889e-09,0.013118,0.039758,5.0216e-11,0.00031065,0.0099251,0.028307,2.1788e-12,3.3026e-05,1.6071e-07,3.5527e-10,0.0068481,5.195e-08,7.8357e-08,0.014161,5.8379e-05,0.00035183,1.5855e-15,4.4736e-11,0.048458,4.597e-05,0.00015397,2.7697e-07,3.7286e-07,3.0096e-05,5.2461e-08,0.0059415,1.0439e-15,2.9822e-10,5.1465e-10,0.012927,2.2809e-08,3.0452e-16,2.2127e-13
0.0015096,1.2514e-05,1.3845e-06,6.093e-07,0.16683,0.13673,1,3.4639e-09,2.8422e-06,0.052887,5.8457e-08,0.075977,0.10253,1.3312e-11,1.0674e-13,4.7089e-05,0.001897,1.318e-09,0.031012,0.077766,1.6852e-11,0.00010046,0.022368,0.010628,7.4193e-13,1.1531e-05,5.6296e-08,9.8427e-10,0.0023382,1.4328e-07,2.1577e-07,0.03172,1.9955e-05,0.0008316,5.4138e-16,1.2584e-10,0.053839,0.00012112,0.00037607,9.3735e-08,1.0061e-06,1.0566e-05,1.7447e-08,0.0019593,3.5872e-16,1.0089e-10,1.7202e-10,0.02357,8.1767e-09,1.0339e-16,7.4497e-14
1.6098e-06,0.00021348,0.0019211,0.0034057,2.2726e-09,1.055e-08,3.4639e-09,1,0.00073303,1.1282e-09,0.029722,1.1197e-08,5.2655e-09,0.0028467,2.7413e-05,5.3966e-05,1.3224e-06,0.088251,2.4037e-10,6.4509e-10,0.0037277,2.4656e-05,1.4041e-10,1.8072e-07,0.00016574,0.00016538,0.01261,4.7646e-18,9.6716e-07,6.2773e-16,9.2232e-16,2.124e-10,0.00013273,5.267e-12,1.3493e-07,5.1531e-19,3.6294e-09,6.8728e-13,2.983e-12,0.021631,4.6134e-15,0.00017077,0.057223,1.0756e-06,7.3901e-08,0.012869,0.023536,3.5743e-10,0.004897,2.4663e-08,1.6838e-05
0.0011439,0.060586,0.10564,0.067693,1.916e-06,8.355e-06,2.8422e-06,0.00073303,1,8.9802e-07,0.0095194,8.9822e-06,4.2699e-06,3.3375e-06,2.7735e-08,0.024182,0.00095084,0.00026865,2.0092e-07,5.2131e-07,4.1319e-06,0.012082,1.1613e-07,0.00013939,2.0046e-07,0.040382,0.0059984,4.0765e-15,0.00069031,5.4896e-13,8.0867e-13,1.7841e-07,0.053061,4.3599e-09,1.458e-10,4.575e-16,2.817e-06,5.7668e-10,2.44e-09,0.015438,3.9887e-12,0.04181,0.003005,0.0007408,8.8275e-11,2.2213e-05,3.8885e-05,2.8762e-07,0.00055885,2.7338e-11,1.8998e-08
0.00044087,3.7631e-06,4.3323e-07,1.9367e-07,0.067172,0.032716,0.052887,1.1282e-09,8.9802e-07,1,1.9082e-08,0.02171,0.03576,4.3926e-12,3.5595e-14,1.444e-05,0.0005291,4.1985e-10,0.036276,0.059952,5.486e-12,3.061e-05,0.027533,0.0029503,2.4749e-13,3.5632e-06,1.8302e-08,2.4816e-09,0.00069467,3.607e-07,5.4369e-07,0.040234,6.2101e-06,0.0017469,1.8382e-16,3.2931e-10,0.024391,0.00025118,0.0007408,3.0515e-08,2.5004e-06,3.3114e-06,5.7983e-09,0.00061149,1.2188e-16,3.3889e-11,5.8153e-11,0.022602,2.7816e-09,3.5453e-17,2.5382e-14
2.9492e-05,0.0030522,0.031033,0.038773,4.0406e-08,1.7266e-07,5.8457e-08,0.029722,0.0095194,1.9082e-08,1,1.9182e-07,9.1895e-08,0.00018715,1.4418e-06,0.0009087,2.2137e-05,0.011043,4.105e-09,1.0666e-08,0.0002115,0.00037263,2.3828e-09,3.0262e-06,1.0052e-05,0.0023511,0.040572,8.1966e-17,1.5827e-05,1.0753e-14,1.5872e-14,3.6325e-09,0.0020174,8.8456e-11,7.7069e-09,8.9247e-18,6.1114e-08,1.1726e-11,5.0605e-11,0.12834,7.8897e-14,0.0024346,0.062409,1.7352e-05,4.4523e-09,0.00097871,0.0017511,5.9979e-09,0.0048239,1.4214e-09,9.7628e-07
0.0040407,3.8022e-05,4.5378e-06,1.9952e-06,0.067052,0.094602,0.075977,1.1197e-08,8.9822e-06,0.02171,1.9182e-07,1,0.084999,4.5097e-11,3.6007e-13,0.0001431,0.0055041,4.3729e-09,0.010559,0.021614,5.5737e-11,0.00028074,0.0058138,0.02806,2.5135e-12,3.7161e-05,1.9072e-07,2.8221e-10,0.006048,3.8578e-08,5.8266e-08,0.0092396,6.3063e-05,0.00021666,1.8561e-15,3.4627e-11,0.032552,3.5362e-05,0.00012065,3.1414e-07,2.6785e-07,3.4806e-05,5.5489e-08,0.004936,1.2338e-15,3.2888e-10,5.6035e-10,0.0090469,2.6785e-08,3.4785e-16,2.4715e-13
0.0022905,1.822e-05,2.1707e-06,9.4504e-07,0.12206,0.10159,0.10253,5.2655e-09,4.2699e-06,0.03576,9.1895e-08,0.084999,1,2.1097e-11,1.665e-13,7.1099e-05,0.002615,2.0228e-09,0.019689,0.042531,2.581e-11,0.00014215,0.011799,0.014603,1.1696e-12,1.7527e-05,8.8591e-08,6.2218e-10,0.003212,8.5726e-08,1.2942e-07,0.019084,2.9898e-05,0.00048564,8.5567e-16,7.6738e-11,0.039277,7.3832e-05,0.00024224,1.4619e-07,5.9608e-07,1.5935e-05,2.6363e-08,0.0027133,5.6932e-16,1.552e-10,2.6573e-10,0.015283,1.2899e-08,1.6286e-16,1.1579e-13
6.5772e-09,8.4652e-07,8.6528e-06,1.6391e-05,8.8522e-12,3.8907e-11,1.3312e-11,0.0028467,3.3375e-06,4.3926e-12,0.00018715,4.5097e-11,2.1097e-11,1,0.006016,2.2327e-07,5.2657e-09,0.0058054,9.3867e-13,2.3651e-12,0.1849,9.4771e-08,5.2746e-13,7.1753e-10,0.03578,7.5068e-07,0.00011706,1.8383e-20,3.751e-09,2.3345e-18,3.4318e-18,8.0627e-13,5.433e-07,1.9667e-14,3.6157e-05,1.9188e-21,1.4311e-11,2.644e-15,1.1829e-14,0.00011569,1.7152e-17,7.9911e-07,0.00045596,4.1447e-09,1.7054e-05,0.031583,0.02767,1.413e-12,0.00017799,6.0418e-06,0.003376
5.0687e-11,7.0008e-09,6.6939e-08,1.3513e-07,6.9583e-14,3.1831e-13,1.0674e-13,2.7413e-05,2.7735e-08,3.5595e-14,1.4418e-06,3.6007e-13,1.665e-13,0.006016,1,1.7637e-09,4.1859e-11,5.8382e-05,7.5186e-15,1.925e-14,0.0048516,7.8227e-10,4.2632e-15,5.7602e-12,0.060586,6.199e-09,1.0517e-06,1.4999e-22,3.0383e-11,1.8918e-20,2.773e-20,6.4874e-15,4.3841e-09,1.6116e-16,0.0037044,1.5522e-23,1.1662e-13,2.1486e-17,9.7145e-17,9.4548e-07,1.3938e-19,6.5674e-09,4.2208e-06,3.3873e-11,0.0012412,0.0005484,0.00037963,1.153e-14,2.4013e-06,0.00059034,0.07736
0.020146,0.093158,0.018338,0.0071503,3.2743e-05,0.00014086,4.7089e-05,5.3966e-05,0.024182,1.444e-05,0.0009087,0.0001431,7.1099e-05,2.2327e-07,1.7637e-09,1,0.014488,1.9613e-05,3.3156e-06,9.0043e-06,2.7291e-07,0.1219,2.0067e-06,0.0021331,1.2207e-08,0.049045,0.00061382,6.7932e-14,0.010384,9.2177e-12,1.3649e-11,3.0286e-06,0.11514,7.322e-08,9.1016e-12,7.6764e-15,4.4193e-05,9.5716e-09,3.9179e-08,0.0013303,6.7257e-11,0.045232,0.00025215,0.011026,5.6457e-12,1.5633e-06,2.7204e-06,4.4856e-06,6.2987e-05,1.7168e-12,1.2324e-09
0.14347,0.0041198,0.00051902,0.00021786,0.0013201,0.0052547,0.001897,1.3224e-06,0.00095084,0.0005291,2.2137e-05,0.0055041,0.002615,5.2657e-09,4.1859e-11,0.014488,1,5.0148e-07,0.0001375,0.00036417,6.5747e-09,0.025504,8.1836e-05,0.064601,2.9326e-10,0.0033956,1.9442e-05,2.7524e-12,0.12919,3.8511e-10,5.71e-10,0.00012444,0.0066272,2.8025e-06,2.1581e-13,3.2379e-13,0.0015113,3.9173e-07,1.4953e-06,3.5463e-05,2.7645e-09,0.0031981,6.4228e-06,0.10265,1.3816e-13,3.819e-08,6.5164e-08,0.00017152,2.3535e-06,4.0452e-14,2.8941e-11
5.9574e-07,7.9156e-05,0.00069372,0.00124,8.6009e-10,3.889e-09,1.318e-09,0.088251,0.00026865,4.1985e-10,0.011043,4.3729e-09,2.0228e-09,0.0058054,5.8382e-05,1.9613e-05,5.0148e-07,1,9.2677e-11,2.366e-10,0.0072604,8.5397e-06,5.3914e-11,7.0116e-08,0.00036326,6.4128e-05,0.0059339,1.8631e-18,3.6952e-07,2.4249e-16,3.5605e-16,8.1582e-11,5.0503e-05,2.0174e-12,3.2961e-07,1.9981e-19,1.4004e-09,2.6587e-13,1.1626e-12,0.0084696,1.7773e-15,6.7341e-05,0.025026,4.0795e-07,1.7835e-07,0.021423,0.037142,1.3775e-10,0.003337,5.9686e-08,3.9289e-05
0.00010824,8.6071e-07,9.7197e-08,4.3105e-08,0.047722,0.013118,0.031012,2.4037e-10,2.0092e-07,0.036276,4.105e-09,0.010559,0.019689,9.3867e-13,7.5186e-15,3.3156e-06,0.0001375,9.2677e-11,1,0.081914,1.1695e-12,6.9506e-06,0.075309,0.0008787,5.2515e-14,8.3073e-07,4.1506e-09,1.2282e-08,0.00017038,1.7648e-06,2.679e-06,0.10028,1.4056e-06,0.0063493,3.8416e-17,1.6466e-09,0.01356,0.0012135,0.0028806,6.6555e-09,1.1816e-05,7.8145e-07,1.2151e-09,0.00014415,2.59e-17,7.0398e-12,1.2033e-11,0.036057,6.2605e-10,7.3081e-18,5.2227e-15
0.00029387,2.3076e-06,2.5036e-07,1.107e-07,0.12353,0.039758,0.077766,6.4509e-10,5.2131e-07,0.059952,1.0666e-08,0.021614,0.042531,2.3651e-12,1.925e-14,9.0043e-06,0.00036417,2.366e-10,0.081914,1,3.0004e-12,2.0259e-05,0.098436,0.0021859,1.3259e-13,2.1025e-06,1.006e-08,5.3723e-09,0.00047632,8.2756e-07,1.2455e-06,0.12123,3.6489e-06,0.0044882,9.6707e-17,7.1699e-10,0.033524,0.00062823,0.0016113,1.6889e-08,5.8238e-06,1.9313e-06,3.2516e-09,0.0004107,6.3809e-17,1.8563e-11,3.1717e-11,0.044766,1.5333e-09,1.8685e-17,1.3498e-14
7.8486e-09,1.0732e-06,1.017e-05,1.9891e-05,1.0891e-11,5.0216e-11,1.6852e-11,0.0037277,4.1319e-06,5.486e-12,0.0002115,5.5737e-11,2.581e-11,0.1849,0.0048516,2.7291e-07,6.5747e-09,0.0072604,1.1695e-12,3.0004e-12,1,1.1853e-07,6.7225e-13,8.9653e-10,0.02472,9.1922e-07,0.00013631,2.3149e-20,4.7201e-09,2.9741e-18,4.3594e-18,1.0168e-12,6.7277e-07,2.508e-14,2.7319e-05,2.4375e-21,1.7952e-11,3.3441e-15,1.484e-14,0.0001394,2.1881e-17,9.7129e-07,0.00058116,5.2314e-09,1.295e-05,0.036209,0.032412,1.7804e-12,0.00019106,4.6889e-06,0.0027176
0.03302,0.04745,0.0075691,0.0032119,6.88e-05,0.00031065,0.00010046,2.4656e-05,0.012082,3.061e-05,0.00037263,0.00028074,0.00014215,9.4771e-08,7.8227e-10,0.1219,0.025504,8.5397e-06,6.9506e-06,2.0259e-05,1.1853e-07,1,4.4102e-06,0.0039826,5.2692e-09,0.026871,0.00026951,1.4767e-13,0.018814,2.057e-11,3.0385e-11,6.4799e-06,0.059915,1.6191e-07,3.9446e-12,1.7141e-14,9.1182e-05,2.0742e-08,8.3659e-08,0.00056257,1.4995e-10,0.025012,0.00011215,0.020138,2.4487e-12,6.8341e-07,1.1934e-06,9.488e-06,3.0344e-05,7.5395e-13,5.404e-10
6.7502e-05,5.224e-07,5.5501e-08,2.4594e-08,0.036119,0.0099251,0.022368,1.4041e-10,1.1613e-07,0.027533,2.3828e-09,0.0058138,0.011799,5.2746e-13,4.2632e-15,2.0067e-06,8.1836e-05,5.3914e-11,0.075309,0.098436,6.7225e-13,4.4102e-06,1,0.00050757,2.9427e-14,4.7493e-07,2.2775e-09,2.3046e-08,0.00010897,3.6e-06,5.4758e-06,0.14405,8.2121e-07,0.016343,2.1532e-17,3.1896e-09,0.011029,0.0023097,0.0050675,3.7982e-09,2.5285e-05,4.3853e-07,7.382e-10,9.6314e-05,1.4293e-17,4.1752e-12,7.1655e-12,0.035686,3.5258e-10,4.1861e-18,3.0541e-15
0.04511,0.00059816,7.0566e-05,3.1425e-05,0.0077673,0.028307,0.010628,1.8072e-07,0.00013939,0.0029503,3.0262e-06,0.02806,0.014603,7.1753e-10,5.7602e-12,0.0021331,0.064601,7.0116e-08,0.0008787,0.0021859,8.9653e-10,0.0039826,0.00050757,1,4.0431e-11,0.00054018,2.8531e-06,1.9077e-11,0.059728,2.6575e-09,3.9554e-09,0.00080136,0.00096469,1.7984e-05,2.9686e-14,2.2742e-12,0.0075128,2.6442e-06,9.5578e-06,4.913e-06,1.8834e-08,0.00049384,8.8777e-07,0.047387,1.9379e-14,5.2604e-09,8.9683e-09,0.001006,3.6958e-07,5.5758e-15,3.9749e-12
3.5578e-10,4.7408e-08,4.7003e-07,9.8408e-07,4.8936e-13,2.1788e-12,7.4193e-13,0.00016574,2.0046e-07,2.4749e-13,1.0052e-05,2.5135e-12,1.1696e-12,0.03578,0.060586,1.2207e-08,2.9326e-10,0.00036326,5.2515e-14,1.3259e-13,0.02472,5.2692e-09,2.9427e-14,4.0431e-11,1,4.2814e-08,7.1203e-06,1.0411e-21,2.1008e-10,1.3157e-19,1.9282e-19,4.5232e-14,3.0292e-08,1.1099e-15,0.00057018,1.0827e-22,8.0801e-13,1.4966e-16,6.7523e-16,6.4622e-06,9.6604e-19,4.5619e-08,2.7357e-05,2.327e-10,0.00023003,0.0031024,0.002218,7.9897e-14,1.3955e-05,9.2685e-05,0.030245
0.00381,0.070425,0.036528,0.016646,7.7514e-06,3.3026e-05,1.1531e-05,0.00016538,0.040382,3.5632e-06,0.0023511,3.7161e-05,1.7527e-05,7.5068e-07,6.199e-09,0.049045,0.0033956,6.4128e-05,8.3073e-07,2.1025e-06,9.1922e-07,0.026871,4.7493e-07,0.00054018,4.2814e-08,1,0.0020619,1.8237e-14,0.0026015,2.3475e-12,3.4641e-12,7.5406e-07,0.095941,1.8125e-08,3.3466e-11,1.9769e-15,1.1648e-05,2.4939e-09,1.0552e-08,0.0040968,1.6941e-11,0.052349,0.00074103,0.0027317,2.1552e-11,5.2188e-06,9.026e-06,1.2164e-06,0.00018764,6.2689e-12,4.3403e-09
2.2569e-05,0.0021525,0.015194,0.019529,3.7542e-08,1.6071e-07,5.6296e-08,0.01261,0.0059984,1.8302e-08,0.040572,1.9072e-07,8.8591e-08,0.00011706,1.0517e-06,0.00061382,1.9442e-05,0.0059339,4.1506e-09,1.006e-08,0.00013631,0.00026951,2.2775e-09,2.8531e-06,7.1203e-06,0.0020619,1,8.8677e-17,1.388e-05,1.1007e-14,1.6137e-14,3.5723e-09,0.0015406,8.5503e-11,6.1546e-09,9.3123e-18,5.8874e-08,1.2228e-11,5.2136e-11,0.053388,7.912e-14,0.0017656,0.02297,1.4899e-05,3.8716e-09,0.00058051,0.00099499,6.0593e-09,0.0032446,1.1174e-09,7.0672e-07
2.2934e-12,1.7472e-14,1.8858e-15,8.5882e-16,1.5733e-09,3.5527e-10,9.8427e-10,4.7646e-18,4.0765e-15,2.4816e-09,8.1966e-17,2.8221e-10,6.2218e-10,1.8383e-20,1.4999e-22,6.7932e-14,2.7524e-12,1.8631e-18,1.2282e-08,5.3723e-09,2.3149e-20,1.4767e-13,2.3046e-08,1.9077e-11,1.0411e-21,1.8237e-14,8.8677e-17,1,3.8738e-12,0.0015354,0.0012913,1.5887e-08,2.8338e-14,4.8744e-07,7.7925e-25,0.006712,7.9934e-10,2.958e-06,5.7546e-07,1.3262e-16,0.00031069,1.6294e-14,2.6062e-17,3.4258e-12,5.6073e-25,1.5038e-19,2.5487e-19,7.0914e-09,1.5939e-17,1.5386e-25,1.1015e-22
0.12217,0.0030936,0.0003592,0.00015543,0.0016656,0.0068481,0.0023382,9.6716e-07,0.00069031,0.00069467,1.5827e-05,0.006048,0.003212,3.751e-09,3.0383e-11,0.010384,0.12919,3.6952e-07,0.00017038,0.00047632,4.7201e-09,0.018814,0.00010897,0.059728,2.1008e-10,0.0026015,1.388e-05,3.8738e-12,1,5.8824e-10,8.6652e-10,0.00018477,0.005967,4.9224e-06,1.6359e-13,4.7246e-13,0.0025607,5.6149e-07,2.1246e-06,2.8422e-05,4.374e-09,0.0023851,5.8483e-06,0.42123,1.0193e-13,3.2797e-08,5.6549e-08,0.0002343,1.7466e-06,3.1851e-14,2.378e-11
3.2114e-10,2.3783e-12,2.498e-13,1.1339e-13,2.2987e-07,5.195e-08,1.4328e-07,6.2773e-16,5.4896e-13,3.607e-07,1.0753e-14,3.8578e-08,8.5726e-08,2.3345e-18,1.8918e-20,9.2177e-12,3.8511e-10,2.4249e-16,1.7648e-06,8.2756e-07,2.9741e-18,2.057e-11,3.6e-06,2.6575e-09,1.3157e-19,2.3475e-12,1.1007e-14,0.0015354,5.8824e-10,1,0.31201,2.5855e-06,3.9701e-12,0.00010139,9.903e-23,0.00064877,1.2313e-07,0.00045179,7.5298e-05,1.7864e-14,0.096237,2.1716e-12,3.6754e-15,5.2624e-10,6.7071e-23,2.0781e-17,3.5151e-17,1.0211e-06,1.944e-15,1.985e-23,1.4679e-20
4.7882e-10,3.5212e-12,3.6956e-13,1.6739e-13,3.475e-07,7.8357e-08,2.1577e-07,9.2232e-16,8.0867e-13,5.4369e-07,1.5872e-14,5.8266e-08,1.2942e-07,3.4318e-18,2.773e-20,1.3649e-11,5.71e-10,3.5605e-16,2.679e-06,1.2455e-06,4.3594e-18,3.0385e-11,5.4758e-06,3.9554e-09,1.9282e-19,3.4641e-12,1.6137e-14,0.0012913,8.6652e-10,0.31201,1,3.908e-06,5.8627e-12,0.00015613,1.4424e-22,0.00049948,1.7898e-07,0.00066599,0.00011435,2.6337e-14,0.16643,3.2195e-12,5.3688e-15,7.8178e-10,9.7404e-23,3.0199e-17,5.1422e-17,1.5294e-06,2.8599e-15,2.8823e-23,2.1388e-20
0.0001018,7.9139e-07,8.5406e-08,3.7845e-08,0.054133,0.014161,0.03172,2.124e-10,1.7841e-07,0.040234,3.6325e-09,0.0092396,0.019084,8.0627e-13,6.4874e-15,3.0286e-06,0.00012444,8.1582e-11,0.10028,0.12123,1.0168e-12,6.4799e-06,0.14405,0.00080136,4.5232e-14,7.5406e-07,3.5723e-09,1.5887e-08,0.00018477,2.5855e-06,3.908e-06,1,1.3199e-06,0.014913,3.3645e-17,2.1912e-09,0.019806,0.0017854,0.004497,6.068e-09,1.8647e-05,6.9646e-07,1.1808e-09,0.00016255,2.2307e-17,6.6721e-12,1.1389e-11,0.049839,5.4627e-10,6.5454e-18,4.8031e-15
0.0076413,0.15023,0.041175,0.016635,1.342e-05,5.8379e-05,1.9955e-05,0.00013273,0.053061,6.2101e-06,0.0020174,6.3063e-05,2.9898e-05,5.433e-07,4.3841e-09,0.11514,0.0066272,5.0503e-05,1.4056e-06,3.6489e-06,6.7277e-07,0.059915,8.2121e-07,0.00096469,3.0292e-08,0.095941,0.0015406,2.8338e-14,0.005967,3.9701e-12,5.8627e-12,1.3199e-06,1,3.3118e-08,2.3619e-11,3.2452e-15,2.1008e-05,4.1389e-09,1.7051e-08,0.0038531,2.9287e-11,0.086386,0.00073389,0.0065273,1.4358e-11,4.3303e-06,7.6234e-06,2.0219e-06,0.00014795,4.4879e-12,3.2935e-09
2.4562e-06,1.9244e-08,2.0241e-09,9.1242e-10,0.0013796,0.00035183,0.0008316,5.267e-12,4.3599e-09,0.0017469,8.8456e-11,0.00021666,0.00048564,1.9667e-14,1.6116e-16,7.322e-08,2.8025e-06,2.0174e-12,0.0063493,0.0044882,2.508e-14,1.6191e-07,0.016343,1.7984e-05,1.1099e-15,1.8125e-08,8.5503e-11,4.8744e-07,4.9224e-06,0.00010139,0.00015613,0.014913,3.3118e-08,1,8.5755e-19,8.3987e-08,0.00075019,0.021427,0.018296,1.5164e-10,0.00080027,1.6873e-08,3.2425e-11,4.6303e-06,5.5809e-19,1.8179e-13,3.1329e-13,0.0037334,1.4227e-11,1.7337e-19,1.3015e-16
2.592e-13,3.5954e-11,3.476e-10,7.1636e-10,3.5367e-16,1.5855e-15,5.4138e-16,1.3493e-07,1.458e-10,1.8382e-16,7.7069e-09,1.8561e-15,8.5567e-16,3.6157e-05,0.0037044,9.1016e-12,2.1581e-13,3.2961e-07,3.8416e-17,9.6707e-17,2.7319e-05,3.9446e-12,2.1532e-17,2.9686e-14,0.00057018,3.3466e-11,6.1546e-09,7.7925e-25,1.6359e-13,9.903e-23,1.4424e-22,3.3645e-17,2.3619e-11,8.5755e-19,1,7.99e-26,6.2768e-16,1.1245e-19,5.099e-19,5.2454e-09,7.3327e-22,3.555e-11,2.5406e-08,1.8288e-13,0.034382,4.1328e-06,2.6189e-06,6.0111e-17,1.7072e-08,0.079226,0.0054365
2.7091e-13,1.9784e-15,2.0776e-16,9.4802e-17,2.0004e-10,4.4736e-11,1.2584e-10,5.1531e-19,4.575e-16,3.2931e-10,8.9247e-18,3.4627e-11,7.6738e-11,1.9188e-21,1.5522e-23,7.6764e-15,3.2379e-13,1.9981e-19,1.6466e-09,7.1699e-10,2.4375e-21,1.7141e-14,3.1896e-09,2.2742e-12,1.0827e-22,1.9769e-15,9.3123e-18,0.006712,4.7246e-13,0.00064877,0.00049948,2.1912e-09,3.2452e-15,8.3987e-08,7.99e-26,1,1.0269e-10,4.8119e-07,8.9333e-08,1.4614e-17,9.3982e-05,1.8322e-15,2.9372e-18,4.2525e-13,5.5228e-26,1.6579e-20,2.8175e-20,9.6134e-10,1.7011e-18,1.5946e-26,1.177e-23
0.0012519,1.2036e-05,1.3689e-06,6.0764e-07,0.056808,0.048458,0.053839,3.6294e-09,2.817e-06,0.024391,6.1114e-08,0.032552,0.039277,1.4311e-11,1.1662e-13,4.4193e-05,0.0015113,1.4004e-09,0.01356,0.033524,1.7952e-11,9.1182e-05,0.011029,0.0075128,8.0801e-13,1.1648e-05,5.8874e-08,7.9934e-10,0.0025607,1.2313e-07,1.7898e-07,0.019806,2.1008e-05,0.00075019,6.2768e-16,1.0269e-10,1,9.6689e-05,0.00026222,1.0269e-07,8.7829e-07,1.043e-05,2.1e-08,0.0021796,4.0899e-16,1.2254e-10,2.0581e-10,0.013572,8.6635e-09,1.224e-16,8.9433e-14
3.1883e-07,2.4854e-09,2.7131e-10,1.223e-10,0.00019543,4.597e-05,0.00012112,6.8728e-13,5.7668e-10,0.00025118,1.1726e-11,3.5362e-05,7.3832e-05,2.644e-15,2.1486e-17,9.5716e-09,3.9173e-07,2.6587e-13,0.0012135,0.00062823,3.3441e-15,2.0742e-08,0.0023097,2.6442e-06,1.4966e-16,2.4939e-09,1.2228e-11,2.958e-06,5.6149e-07,0.00045179,0.00066599,0.0017854,4.1389e-09,0.021427,1.1245e-19,4.8119e-07,9.6689e-05,1,0.010798,1.927e-11,0.0025612,2.2743e-09,3.7802e-12,4.8943e-07,7.6641e-20,2.1854e-14,3.6955e-14,0.00066405,2.0415e-12,2.2049e-20,1.5859e-17
1.2463e-06,1.0286e-08,1.1543e-09,5.2273e-10,0.00060464,0.00015397,0.00037607,2.983e-12,2.44e-09,0.0007408,5.0605e-11,0.00012065,0.00024224,1.1829e-14,9.7145e-17,3.9179e-08,1.4953e-06,1.1626e-12,0.0028806,0.0016113,1.484e-14,8.3659e-08,0.0050675,9.5578e-06,6.7523e-16,1.0552e-08,5.2136e-11,5.7546e-07,2.1246e-06,7.5298e-05,0.00011435,0.004497,1.7051e-08,0.018296,5.099e-19,8.9333e-08,0.00026222,0.010798,1,8.3574e-11,0.00043934,9.423e-09,1.6247e-11,1.8903e-06,3.4419e-19,9.5558e-14,1.6264e-13,0.0017153,8.7655e-12,9.972e-20,7.1272e-17
4.2462e-05,0.0050786,0.043056,0.057679,6.2632e-08,2.7697e-07,9.3735e-08,0.021631,0.015438,3.0515e-08,0.12834,3.1414e-07,1.4619e-07,0.00011569,9.4548e-07,0.0013303,3.5463e-05,0.0084696,6.6555e-09,1.6889e-08,0.0001394,0.00056257,3.7982e-09,4.913e-06,6.4622e-06,0.0040968,0.053388,1.3262e-16,2.8422e-05,1.7864e-14,2.6337e-14,6.068e-09,0.0038531,1.5164e-10,5.2454e-09,1.4614e-17,1.0269e-07,1.927e-11,8.3574e-11,1,1.3219e-13,0.0042611,0.099996,3.1779e-05,3.011e-09,0.00083338,0.0015255,9.9439e-09,0.0049417,9.7448e-10,7.125e-07
2.3322e-09,1.7414e-11,1.8217e-12,8.2559e-13,1.6258e-06,3.7286e-07,1.0061e-06,4.6134e-15,3.9887e-12,2.5004e-06,7.8897e-14,2.6785e-07,5.9608e-07,1.7152e-17,1.3938e-19,6.7257e-11,2.7645e-09,1.7773e-15,1.1816e-05,5.8238e-06,2.1881e-17,1.4995e-10,2.5285e-05,1.8834e-08,9.6604e-19,1.6941e-11,7.912e-14,0.00031069,4.374e-09,0.096237,0.16643,1.8647e-05,2.9287e-11,0.00080027,7.3327e-22,9.3982e-05,8.7829e-07,0.0025612,0.00043934,1.3219e-13,1,1.5815e-11,2.7695e-14,3.9666e-09,4.8788e-22,1.5574e-16,2.6462e-16,6.8623e-06,1.3897e-14,1.4771e-22,1.1026e-19
0.003517,0.066613,0.036978,0.01704,7.1362e-06,3.0096e-05,1.0566e-05,0.00017077,0.04181,3.3114e-06,0.0024346,3.4806e-05,1.5935e-05,7.9911e-07,6.5674e-09,0.045232,0.0031981,6.7341e-05,7.8145e-07,1.9313e-06,9.7129e-07,0.025012,4.3853e-07,0.00049384,4.5619e-08,0.052349,0.0017656,1.6294e-14,0.0023851,2.1716e-12,3.2195e-12,6.9646e-07,0.086386,1.6873e-08,3.555e-11,1.8322e-15,1.043e-05,2.2743e-09,9.423e-09,0.0042611,1.5815e-11,1,0.00079758,0.0025306,2.1599e-11,5.6309e-06,9.6784e-06,1.079e-06,0.00018577,6.6611e-12,4.6523e-09
7.915e-06,0.00097174,0.0072819,0.011718,1.1625e-08,5.2461e-08,1.7447e-08,0.057223,0.003005,5.7983e-09,0.062409,5.5489e-08,2.6363e-08,0.00045596,4.2208e-06,0.00025215,6.4228e-06,0.025026,1.2151e-09,3.2516e-09,0.00058116,0.00011215,7.382e-10,8.8777e-07,2.7357e-05,0.00074103,0.02297,2.6062e-17,5.8483e-06,3.6754e-15,5.3688e-15,1.1808e-09,0.00073389,3.2425e-11,2.5406e-08,2.9372e-18,2.1e-08,3.7802e-12,1.6247e-11,0.099996,2.7695e-14,0.00079758,1,6.7239e-06,1.3398e-08,0.0047596,0.0089681,1.8688e-09,0.0047972,4.9836e-09,3.8833e-06
0.11569,0.0033474,0.00038733,0.00016753,0.0014221,0.0059415,0.0019593,1.0756e-06,0.0007408,0.00061149,1.7352e-05,0.004936,0.0027133,4.1447e-09,3.3873e-11,0.011026,0.10265,4.0795e-07,0.00014415,0.0004107,5.2314e-09,0.020138,9.6314e-05,0.047387,2.327e-10,0.0027317,1.4899e-05,3.4258e-12,0.42123,5.2624e-10,7.8178e-10,0.00016255,0.0065273,4.6303e-06,1.8288e-13,4.2525e-13,0.0021796,4.8943e-07,1.8903e-06,3.1779e-05,3.9666e-09,0.0025306,6.7239e-06,1,1.1311e-13,3.7241e-08,6.5398e-08,0.00019962,1.8999e-06,3.6016e-14,2.7126e-11
1.6485e-13,2.2085e-11,2.1033e-10,4.3277e-10,2.3413e-16,1.0439e-15,3.5872e-16,7.3901e-08,8.8275e-11,1.2188e-16,4.4523e-09,1.2338e-15,5.6932e-16,1.7054e-05,0.0012412,5.6457e-12,1.3816e-13,1.7835e-07,2.59e-17,6.3809e-17,1.295e-05,2.4487e-12,1.4293e-17,1.9379e-14,0.00023003,2.1552e-11,3.8716e-09,5.6073e-25,1.0193e-13,6.7071e-23,9.7404e-23,2.2307e-17,1.4358e-11,5.5809e-19,0.034382,5.5228e-26,4.0899e-16,7.6641e-20,3.4419e-19,3.011e-09,4.8788e-22,2.1599e-11,1.3398e-08,1.1311e-13,1,1.897e-06,1.2115e-06,4.0703e-17,1.0044e-08,0.014383,0.0013622
4.643e-08,6.081e-06,5.3504e-05,0.00010141,6.6615e-11,2.9822e-10,1.0089e-10,0.012869,2.2213e-05,3.3889e-11,0.00097871,3.2888e-10,1.552e-10,0.031583,0.0005484,1.5633e-06,3.819e-08,0.021423,7.0398e-12,1.8563e-11,0.036209,6.8341e-07,4.1752e-12,5.2604e-09,0.0031024,5.2188e-06,0.00058051,1.5038e-19,3.2797e-08,2.0781e-17,3.0199e-17,6.6721e-12,4.3303e-06,1.8179e-13,4.1328e-06,1.6579e-20,1.2254e-10,2.1854e-14,9.5558e-14,0.00083338,1.5574e-16,5.6309e-06,0.0047596,3.7241e-08,1.897e-06,1,0.23363,1.0997e-11,0.00063693,8.0911e-07,0.00060519
8.0864e-08,1.0675e-05,9.4374e-05,0.00017894,1.1411e-10,5.1465e-10,1.7202e-10,0.023536,3.8885e-05,5.8153e-11,0.0017511,5.6035e-10,2.6573e-10,0.02767,0.00037963,2.7204e-06,6.5164e-08,0.037142,1.2033e-11,3.1717e-11,0.032412,1.1934e-06,7.1655e-12,8.9683e-09,0.002218,9.026e-06,0.00099499,2.5487e-19,5.6549e-08,3.5151e-17,5.1422e-17,1.1389e-11,7.6234e-06,3.1329e-13,2.6189e-06,2.8175e-20,2.0581e-10,3.6955e-14,1.6264e-13,0.0015255,2.6462e-16,9.6784e-06,0.0089681,6.5398e-08,1.2115e-06,0.23363,1,1.8781e-11,0.00098972,5.1156e-07,0.00040458
0.00013747,1.2264e-06,1.3899e-07,6.1578e-08,0.035013,0.012927,0.02357,3.5743e-10,2.8762e-07,0.022602,5.9979e-09,0.0090469,0.015283,1.413e-12,1.153e-14,4.4856e-06,0.00017152,1.3775e-10,0.036057,0.044766,1.7804e-12,9.488e-06,0.035686,0.001006,7.9897e-14,1.2164e-06,6.0593e-09,7.0914e-09,0.0002343,1.0211e-06,1.5294e-06,0.049839,2.0219e-06,0.0037334,6.0111e-17,9.6134e-10,0.013572,0.00066405,0.0017153,9.9439e-09,6.8623e-06,1.079e-06,1.8688e-09,0.00019962,4.0703e-17,1.0997e-11,1.8781e-11,1,9.2152e-10,1.1512e-17,8.2325e-15
2.7988e-06,0.0001996,0.0011889,0.0015563,5.507e-09,2.2809e-08,8.1767e-09,0.004897,0.00055885,2.7816e-09,0.0048239,2.6785e-08,1.2899e-08,0.00017799,2.4013e-06,6.2987e-05,2.3535e-06,0.003337,6.2605e-10,1.5333e-09,0.00019106,3.0344e-05,3.5258e-10,3.6958e-07,1.3955e-05,0.00018764,0.0032446,1.5939e-17,1.7466e-06,1.944e-15,2.8599e-15,5.4627e-10,0.00014795,1.4227e-11,1.7072e-08,1.7011e-18,8.6635e-09,2.0415e-12,8.7655e-12,0.0049417,1.3897e-14,0.00018577,0.0047972,1.8999e-06,1.0044e-08,0.00063693,0.00098972,9.2152e-10,1,3.2279e-09,1.6288e-06
4.9287e-14,6.7801e-12,6.3997e-11,1.327e-10,6.7666e-17,3.0452e-16,1.0339e-16,2.4663e-08,2.7338e-11,3.5453e-17,1.4214e-09,3.4785e-16,1.6286e-16,6.0418e-06,0.00059034,1.7168e-12,4.0452e-14,5.9686e-08,7.3081e-18,1.8685e-17,4.6889e-06,7.5395e-13,4.1861e-18,5.5758e-15,9.2685e-05,6.2689e-12,1.1174e-09,1.5386e-25,3.1851e-14,1.985e-23,2.8823e-23,6.5454e-18,4.4879e-12,1.7337e-19,0.079226,1.5946e-26,1.224e-16,2.2049e-20,9.972e-20,9.7448e-10,1.4771e-22,6.6611e-12,4.9836e-09,3.6016e-14,0.014383,8.0911e-07,5.1156e-07,1.1512e-17,3.2279e-09,1,0.0010447
3.5556e-11,4.8833e-09,4.5049e-08,9.1491e-08,4.8875e-14,2.2127e-13,7.4497e-14,1.6838e-05,1.8998e-08,2.5382e-14,9.7628e-07,2.4715e-13,1.1579e-13,0.003376,0.07736,1.2324e-09,2.8941e-11,3.9289e-05,5.2227e-15,1.3498e-14,0.0027176,5.404e-10,3.0541e-15,3.9749e-12,0.030245,4.3403e-09,7.0672e-07,1.1015e-22,2.378e-11,1.4679e-20,2.1388e-20,4.8031e-15,3.2935e-09,1.3015e-16,0.0054365,1.177e-23,8.9433e-14,1.5859e-17,7.1272e-17,7.125e-07,1.1026e-19,4.6523e-09,3.8833e-06,2.7126e-11,0.0013622,0.00060519,0.00040458,8.2325e-15,1.6288e-06,0.0010447,1
