1,3.6387e-15,1.5036e-20,0.025522,1.6302e-20,3.8674e-11,1.1229e-14,1.684e-07,8.2836e-18,0.0063591,0.32745,7.5572e-17,3.2349e-13,0.01827,5.0402e-06,3.5145e-08,0.018605,2.036e-16,1.3103e-20,6.6706e-18,0.025225,1.6501e-09,5.7534e-16,2.7198e-12,7.4617e-09,1.7503e-20,1.2696e-20,0.00021728,5.0903e-07,2.2163e-20,0.013761,2.483e-20,8.0131e-09,7.4286e-11,8.401e-07,3.1728e-12,3.1958e-12,3.1213e-09,1.2801e-05,1.5744e-07,3.3727e-20,0.0010835,0.057943,8.6495e-05,0.15207,2.6e-13,9.0165e-06,5.1043e-10,3.3848e-07,1.0207e-06,0.00017874,1.8796e-20,3.5661e-10,8.201e-21,2.6156e-16,3.245e-16,3.4786e-09,1.1881e-10,0.00014939,2.0909e-06,1.1474e-10,9.0544e-11,1.6955e-13,5.9159e-06,6.2553e-23,2.3231e-17,1.4698e-10,2.0469e-16,0.025185,5.7925e-08,0.00055974,0.21552,2.4039e-17,0.00027961,6.8406e-09,1.84e-07,0.057047,0.00064896,0.00051327,3.8818e-06,3.5165e-20,3.4781e-17,0.04539,1.2492e-09,0.00038728,1.7824e-14,5.8098e-12,0.0061403,0.047283,7.0675e-20,4.3742e-09,5.8171e-13,0.00042601,1.4246e-20,1.2361e-09,2.7492e-05,4.9351e-06,3.2894e-17,1.787e-09,2.0838e-20,5.3772e-07,8.6993e-09,8.2725e-09,2.9073e-20,1.5014e-10,9.8107e-11,0.0045245,1.3853e-20,1.5765e-20,7.203e-16,2.0448e-05,0.0040384,6.7436e-22,9.4579e-05,1.7857e-07,0.30738,5.7856e-05,4.2258e-18,2.1583e-20,0.00016136,0.012085,2.7948e-15,1.2706e-20,1.6467e-20,3.4984e-05,0.00035539,6.6451e-14,0.16042,6.7395e-07,3.0255e-20,1.8805e-20,4.7463e-20,0.00062288,3.1833e-09,0.0001575,1.2926e-20,0.018283,0.0246,0.0014284,0.0001352,0.053453,1.5983e-11,4.4506e-07
3.6387e-15,1,3.2782e-06,1.147e-13,3.587e-06,1.4717e-25,0.075105,1.8429e-08,0.0014569,3.2795e-13,1.9537e-15,0.011486,0.0066421,8.7868e-17,6.6315e-10,7.4517e-08,1.1865e-13,0.026813,2.9597e-06,0.0012943,1.2427e-16,1.9783e-06,0.057765,0.00075376,4.2564e-07,3.891e-06,2.8727e-06,1.1848e-11,6.6468e-09,4.986e-06,1.0679e-13,9.4158e-35,3.9165e-07,4.1305e-05,3.8195e-09,0.000793,0.00089007,1.0539e-06,1.9937e-10,6.3931e-22,7.425e-06,2.7242e-12,4.1382e-16,3.1872e-11,7.9105e-16,0.0091652,3.636e-20,5.5842e-06,8.798e-09,3.1773e-09,6.9995e-19,4.2403e-06,9.1381e-06,1.8535e-06,0.032271,0.036668,8.8282e-07,2.4411e-05,1.9051e-11,1.5012e-09,2.5872e-05,3.0775e-05,0.01345,5.4926e-10,1.5238e-08,0.0039842,2.1907e-05,0.027651,1.0409e-13,4.9612e-08,5.3422e-12,8.3914e-15,0.0042995,1.0675e-11,4.8434e-07,7.3401e-10,5.671e-15,1.4547e-12,2.0748e-18,4.4603e-10,8.05e-06,0.0052004,2.7295e-16,1.8008e-06,4.8418e-12,0.082303,0.00049216,2.692e-17,2.1828e-16,1.703e-05,1.7117e-23,0.0044039,1.7117e-18,3.0874e-06,2.5636e-06,1.197e-19,3.6774e-20,0.0043684,1.64e-06,4.68e-06,5.7429e-09,3.3199e-23,3.5365e-07,5.5839e-06,2.1399e-05,3.0836e-05,2.0502e-17,2.8855e-06,3.6948e-06,0.06101,1.0353e-10,8.4129e-13,1.4839e-07,2.7114e-11,1.5715e-08,8.2064e-15,2.3293e-19,0.00076593,4.5664e-06,1.3649e-11,2.749e-13,0.0002314,2.8242e-06,3.927e-06,7.037e-11,1.7191e-18,0.037755,7.6266e-16,2.0636e-09,6.6983e-06,3.7429e-06,7.9706e-06,4.9079e-12,8.5868e-07,2.9583e-18,2.8256e-06,1.7086e-13,1.2434e-13,2.3878e-12,7.7528e-19,4.809e-14,0.00018006,5.5789e-09
1.5036e-20,3.2782e-06,1,4.8473e-19,0.1529,6.0118e-31,1.075e-06,7.8413e-14,0.0013538,1.3118e-18,8.0421e-21,0.00017877,3.6994e-08,3.5762e-22,2.7747e-15,3.2057e-13,4.83e-19,6.5374e-05,0.18907,0.0016202,5.1492e-22,8.7856e-12,2.229e-05,3.9325e-09,1.8151e-12,0.19163,0.2475,4.8025e-17,2.7719e-14,0.22537,4.3227e-19,3.8677e-40,1.7832e-12,1.8503e-10,1.6852e-14,4.3491e-09,4.2713e-09,4.5751e-12,8.0691e-16,2.5832e-27,0.21509,1.1339e-17,1.7012e-21,1.2857e-16,3.2746e-21,5.4399e-08,1.4923e-25,2.58e-11,3.6376e-14,1.3536e-14,2.8814e-24,0.13183,3.8647e-11,0.18904,5.072e-05,4.059e-05,4.0555e-12,1.0873e-10,7.6359e-17,6.3448e-15,1.1264e-10,1.5119e-10,8.0666e-08,2.3197e-15,0.0029747,0.00055493,9.7166e-11,6.7638e-05,4.2685e-19,2.1446e-13,2.2252e-17,3.591e-20,0.00054137,4.3529e-17,2.1416e-12,5.0591e-15,2.3473e-20,6.2058e-18,8.526e-24,1.967e-15,0.12268,0.000239,1.1309e-21,8.1942e-12,2.0645e-17,7.8156e-07,2.3849e-09,1.1e-22,8.8886e-22,0.1039,6.8972e-29,2.2936e-08,7.2566e-24,0.24827,1.148e-11,4.7928e-25,1.5635e-25,0.00021158,7.0505e-12,0.094901,2.5021e-14,1.3695e-28,1.6254e-12,0.052417,9.3833e-11,1.3675e-10,8.4185e-23,0.13741,0.17815,1.7848e-05,4.5589e-16,3.4936e-18,0.021837,1.0719e-16,6.539e-14,3.4185e-20,9.3593e-25,0.0030069,0.07507,5.5759e-17,1.1391e-18,1.6614e-07,0.20257,0.18434,2.8791e-16,6.9035e-24,1.9342e-07,3.1011e-21,9.13e-15,0.23957,0.057283,0.015914,2.1086e-17,4.2555e-12,1.274e-23,0.15002,7.1871e-19,5.0455e-19,1.0036e-17,3.1712e-24,2.0671e-19,8.5274e-10,2.3478e-14
0.025522,1.147e-13,4.8473e-19,1,5.2527e-19,1.2087e-12,3.5893e-13,5.2625e-06,2.6608e-16,0.059048,0.014751,2.4462e-15,1.0119e-11,0.00063317,0.00015733,1.0492e-06,0.13602,6.5887e-15,4.2161e-19,2.1266e-16,0.00092073,5.3095e-08,1.8479e-14,8.2482e-11,2.2941e-07,5.6464e-19,4.1e-19,0.0047675,1.5975e-05,7.1534e-19,0.059909,7.7934e-22,2.5772e-07,2.3576e-09,2.7334e-05,1.0233e-10,1.0188e-10,9.964e-08,0.00032366,4.9275e-09,1.0914e-18,0.028365,0.0026017,0.0021847,0.00598,8.3727e-12,2.8566e-07,1.6349e-08,1.0248e-05,3.1908e-05,5.6756e-06,5.9994e-19,1.1228e-08,2.6305e-19,8.4385e-15,1.0488e-14,1.1236e-07,3.7334e-09,0.0036757,6.382e-05,3.5662e-09,2.8994e-09,5.4261e-12,0.0001859,1.9946e-21,7.5194e-16,4.6669e-09,6.6135e-15,0.19736,1.8102e-06,0.01593,0.063434,7.729e-16,0.0069085,2.2084e-07,3.3322e-06,0.015098,0.0076844,1.6187e-05,9.7073e-05,1.1162e-18,1.0928e-15,0.0018149,3.7085e-08,0.0079439,5.7428e-13,1.8528e-10,0.00020471,0.0015688,2.248e-18,1.3441e-10,1.8462e-11,1.4373e-05,4.6182e-19,3.9727e-08,8.4535e-07,1.8141e-07,1.0103e-15,5.498e-08,6.6147e-19,1.7158e-05,2.7534e-10,2.6997e-07,9.2151e-19,4.7517e-09,3.0843e-09,0.00014867,4.4568e-19,5.0377e-19,2.3216e-14,0.00053767,0.1134,2.1688e-20,0.0020944,5.2218e-06,0.063726,1.7657e-06,1.3663e-16,6.8218e-19,0.0033772,0.26016,7.8108e-14,4.0912e-19,5.266e-19,0.00086839,1.1477e-05,2.0758e-12,0.0055677,1.6611e-05,9.7974e-19,6.0163e-19,1.4772e-18,0.019711,1.0523e-07,8.1157e-06,4.1583e-19,0.34944,0.2326,0.044482,4.6549e-06,0.29347,5.0145e-10,1.2584e-05
1.6302e-20,3.587e-06,0.1529,5.2527e-19,1,6.546e-31,1.183e-06,8.5219e-14,0.001399,1.4287e-18,8.7318e-21,0.00018744,4.0103e-08,3.9017e-22,3.0084e-15,3.5087e-13,5.2907e-19,6.8949e-05,0.18377,0.0017574,5.5963e-22,9.4667e-12,2.3919e-05,4.2244e-09,1.955e-12,0.16506,0.22153,5.1889e-17,3.0133e-14,0.20628,4.7119e-19,4.2102e-40,1.9131e-12,2.0068e-10,1.8218e-14,4.6069e-09,4.6395e-09,4.9631e-12,8.7566e-16,2.8211e-27,0.17313,1.2314e-17,1.8497e-21,1.4037e-16,3.5472e-21,5.8103e-08,1.6158e-25,2.8065e-11,3.974e-14,1.4669e-14,3.1275e-24,0.13181,4.2296e-11,0.14365,5.3454e-05,4.3367e-05,4.3641e-12,1.1808e-10,8.3545e-17,6.8701e-15,1.2333e-10,1.6259e-10,8.6801e-08,2.5276e-15,0.0027205,0.00057092,1.0511e-10,7.0292e-05,4.6298e-19,2.3556e-13,2.4368e-17,3.8764e-20,0.00056474,4.7067e-17,2.3096e-12,5.5318e-15,2.551e-20,6.7472e-18,9.2241e-24,2.1212e-15,0.10615,0.00026422,1.2236e-21,8.8997e-12,2.2409e-17,8.3721e-07,2.559e-09,1.197e-22,9.6303e-22,0.10334,7.4981e-29,2.4877e-08,7.8622e-24,0.19738,1.241e-11,5.201e-25,1.6913e-25,0.00022438,7.6432e-12,0.085179,2.7199e-14,1.4882e-28,1.7747e-12,0.048063,1.0134e-10,1.4683e-10,9.1366e-23,0.10742,0.15706,1.9237e-05,4.9163e-16,3.7846e-18,0.018688,1.163e-16,7.1355e-14,3.7061e-20,1.0163e-24,0.0029724,0.067116,6.0307e-17,1.2309e-18,1.7576e-07,0.16831,0.18131,3.1197e-16,7.473e-24,2.0862e-07,3.3638e-21,9.8428e-15,0.1912,0.048153,0.015555,2.293e-17,4.5848e-12,1.3882e-23,0.13856,7.7574e-19,5.4711e-19,1.0862e-17,3.4469e-24,2.2385e-19,9.0564e-10,2.5515e-14
3.8674e-11,1.4717e-25,6.0118e-31,1.2087e-12,6.546e-31,1,4.5879e-25,7.0619e-18,3.3304e-28,3.8551e-13,7.3067e-11,3.0276e-27,1.3254e-23,1.5649e-09,2.0794e-16,1.5351e-18,1.1195e-12,8.1831e-27,5.238e-31,2.6757e-28,1.0939e-09,6.6525e-20,2.3134e-26,1.1377e-22,3.0461e-19,7.0112e-31,5.0698e-31,1.0615e-14,2.0799e-17,8.8573e-31,1.1233e-12,6.1152e-10,3.2454e-19,3.0126e-21,3.4618e-17,1.2887e-22,1.2915e-22,1.2616e-19,6.0813e-16,0.00019076,1.3484e-30,4.9604e-14,3.1678e-10,4.0578e-15,1.7739e-10,1.0428e-23,3.6626e-06,2.1182e-20,1.4609e-17,4.2251e-17,2.021e-07,7.5202e-31,1.446e-20,3.2695e-31,1.0502e-26,1.3057e-26,1.4179e-19,4.8906e-21,6.8896e-15,8.795e-17,4.6955e-21,3.6927e-21,6.8335e-24,2.4742e-16,2.4984e-33,9.3268e-28,5.9048e-21,8.1847e-27,1.3242e-12,2.4855e-18,2.5288e-14,1.6251e-11,9.5965e-28,1.2477e-14,2.7504e-19,2.3861e-17,1.9827e-11,6.156e-14,6.639e-08,2.1191e-16,1.4013e-30,1.4262e-27,4.8253e-10,5.4981e-20,2.2966e-14,7.1607e-25,2.346e-22,5.1865e-09,6.4084e-10,2.8126e-30,0.0067611,2.35e-23,7.904e-08,5.6997e-31,5.0051e-20,1.039e-06,1.3549e-06,1.35e-27,7.4568e-20,8.3856e-31,2.2572e-17,0.0039511,3.4464e-19,1.1824e-30,6.0465e-21,3.9928e-21,6.5664e-09,5.5617e-31,6.2927e-31,2.902e-26,1.046e-15,1.6903e-13,2.7186e-32,4.6145e-15,7.7809e-18,1.7361e-11,5.926e-07,1.6911e-28,8.6881e-31,8.5605e-15,5.161e-13,1.7209e-25,5.083e-31,6.5723e-31,1.7113e-15,7.1834e-08,2.6766e-24,1.8792e-10,3.9166e-17,1.2099e-30,7.6806e-31,1.9728e-30,2.7423e-14,1.3247e-19,1.4394e-08,5.1905e-31,8.16e-13,1.1387e-12,5.9144e-14,1.3007e-07,2.8184e-12,6.4409e-22,2.0544e-17
1.1229e-14,0.075105,1.075e-06,3.5893e-13,1.183e-06,4.5879e-25,1,5.7098e-08,0.00051079,9.7436e-13,6.0662e-15,0.0043238,0.01493,2.7179e-16,2.0507e-09,2.2417e-07,3.6455e-13,0.010194,9.8297e-07,0.00042253,3.8468e-16,6.0786e-06,0.024231,0.0016302,1.2549e-06,1.3037e-06,9.5924e-07,3.465e-11,2.0443e-08,1.6657e-06,3.1694e-13,2.9581e-34,1.2203e-06,0.00012248,1.2068e-08,0.0022548,0.0025661,3.2654e-06,5.738e-10,1.9742e-21,2.4213e-06,8.3687e-12,1.2758e-15,9.4695e-11,2.435e-15,0.025013,1.12e-19,1.7433e-05,2.6563e-08,9.7289e-09,2.1686e-18,1.3492e-06,2.7284e-05,5.9228e-07,0.012506,0.016613,2.7845e-06,7.0129e-05,5.6194e-11,4.5509e-09,7.2877e-05,9.3335e-05,0.034432,1.7177e-09,4.8002e-09,0.0013577,6.4389e-05,0.010547,3.1898e-13,1.7826e-07,1.6563e-11,2.6384e-14,0.0015038,3.1874e-11,1.504e-06,2.0864e-09,1.7279e-14,4.2925e-12,6.3731e-18,1.2924e-09,2.4871e-06,0.0015851,8.382e-16,4.9675e-06,1.4813e-11,0.14532,0.0014503,8.3574e-17,6.6649e-16,5.2245e-06,5.2446e-23,0.011518,5.4166e-18,1.0468e-06,7.9825e-06,3.6125e-19,1.1191e-19,0.0012257,4.7287e-06,1.4438e-06,1.8079e-08,1.0416e-22,1.1581e-06,1.7455e-06,6.2254e-05,8.5066e-05,6.3338e-17,9.3744e-07,1.1597e-06,0.030131,3.1518e-10,2.6031e-12,4.8767e-08,7.7394e-11,4.5372e-08,2.5593e-14,7.09e-19,0.00026635,1.4346e-06,3.9507e-11,8.4272e-13,0.00020784,9.0924e-07,1.2585e-06,2.0509e-10,5.1968e-18,0.059785,2.3341e-15,5.7617e-09,2.2168e-06,1.2028e-06,2.5155e-06,1.5667e-11,2.8342e-06,8.8901e-18,9.3003e-07,5.2822e-13,3.7667e-13,7.4315e-12,2.371e-18,1.5276e-13,0.00047403,1.6353e-08
1.684e-07,1.8429e-08,7.8413e-14,5.2625e-06,8.5219e-14,7.0619e-18,5.7098e-08,1,4.3098e-11,1.2722e-05,9.1614e-08,3.8775e-10,1.5502e-06,4.0975e-09,0.023481,0.048406,5.2153e-06,1.0403e-09,6.9266e-14,3.4352e-11,5.8082e-09,0.0070168,2.9334e-09,1.1283e-05,0.02339,9.2501e-14,6.7049e-14,0.00040837,0.14558,1.1721e-13,4.1344e-06,4.5634e-27,0.026805,0.00034977,0.096205,1.4861e-05,1.5723e-05,0.013073,0.0049727,3.0035e-14,1.7652e-13,0.00011337,1.8718e-08,0.0010688,3.646e-08,1.2941e-06,1.7109e-12,0.0020985,0.11271,0.074374,3.3247e-11,9.8707e-14,0.0016443,4.2763e-14,1.3287e-09,1.6738e-09,0.013212,0.00052252,0.00068141,0.039569,0.00048587,0.00039204,8.4429e-07,0.019596,3.3236e-16,1.1943e-10,0.00068243,1.0458e-09,4.5389e-06,0.095191,0.00022515,3.8771e-07,1.2458e-10,0.0004093,0.026612,0.0003887,2.3332e-07,4.0672e-05,9.6315e-11,0.0056497,1.8299e-13,1.7581e-10,1.2268e-08,0.0032636,0.00016221,9.1118e-08,2.8162e-05,1.2701e-09,1.0004e-08,3.7319e-13,8.0292e-16,2.8403e-06,8.1903e-11,7.4703e-14,0.0053271,5.4074e-12,1.4936e-12,1.579e-10,0.0063233,1.0832e-13,0.10635,1.5994e-15,0.029283,1.4555e-13,0.00068089,0.00042204,9.5109e-10,7.0812e-14,8.2902e-14,3.6945e-09,0.0026269,3.8106e-05,3.5373e-15,0.00084126,0.079941,3.8469e-07,1.081e-11,2.1651e-11,1.1005e-13,0.00041239,1.2314e-05,6.2021e-09,6.587e-14,8.7668e-14,0.0020593,7.6497e-11,3.2992e-07,3.5268e-08,0.0093486,1.5877e-13,9.5954e-14,2.3361e-13,0.00021799,0.011067,1.0198e-10,6.7611e-14,7.6528e-06,5.5086e-06,0.00010737,3.3948e-11,2.2275e-06,7.0062e-05,0.044737
8.2836e-18,0.0014569,0.0013538,2.6608e-16,0.001399,3.3304e-28,0.00051079,4.3098e-11,1,7.2047e-16,4.4424e-18,0.061327,1.8294e-05,1.9789e-19,1.5256e-12,1.7317e-10,2.6711e-16,0.025418,0.0012114,0.11644,2.8482e-19,4.7216e-09,0.0096525,1.8919e-06,9.6836e-10,0.0015759,0.00122,2.6021e-14,1.5174e-11,0.0020653,2.3629e-16,2.1497e-37,9.5822e-10,9.9476e-08,9.1627e-12,2.2317e-06,2.2576e-06,2.4801e-09,4.3456e-13,1.4329e-24,0.0030655,6.2426e-15,9.3419e-19,6.9806e-14,1.8079e-18,2.795e-05,8.2525e-23,1.3777e-08,2.0052e-11,7.3489e-12,1.5944e-21,0.0016399,2.0919e-08,0.00075664,0.020215,0.016451,2.19e-09,5.6885e-08,4.1819e-14,3.4548e-12,5.9512e-08,7.9225e-08,4.1383e-05,1.2727e-12,6.2092e-06,0.12744,5.2257e-08,0.026528,2.3358e-16,1.1696e-10,1.2271e-14,1.967e-17,0.13656,2.394e-14,1.1596e-09,2.2125e-12,1.2925e-17,3.3535e-15,4.6939e-21,1.042e-12,0.0028274,0.035326,6.2073e-19,4.2082e-09,1.1247e-14,0.00038593,1.2497e-06,6.0951e-20,4.9005e-19,0.0060181,3.8186e-26,1.1729e-05,3.9976e-21,0.0013318,6.1961e-09,2.637e-22,8.4583e-23,0.024383,3.7557e-09,0.0015462,1.3529e-11,7.5998e-26,8.8581e-10,0.0016978,5.0471e-08,7.2259e-08,4.6488e-20,0.0011155,0.0014207,0.0075785,2.4444e-13,1.9223e-15,5.9651e-05,5.8119e-14,3.5018e-11,1.8837e-17,5.1789e-22,0.14141,0.0014805,3.0041e-14,6.2515e-16,1.8735e-05,0.0011163,0.0015156,1.5667e-13,3.8085e-21,9.3701e-05,1.7113e-18,4.7633e-12,0.0027769,0.0011692,0.0016428,1.1606e-14,2.2744e-09,6.8272e-21,0.0011187,3.9352e-16,2.7725e-16,5.5115e-15,1.7404e-21,1.1349e-16,4.4133e-07,1.2581e-11
0.0063591,3.2795e-13,1.3118e-18,0.059048,1.4287e-18,3.8551e-13,9.7436e-13,1.2722e-05,7.2047e-16,1,0.0036389,6.4339e-15,2.8778e-11,0.00018883,0.00035387,2.9548e-06,0.067933,1.7345e-14,1.1503e-18,5.9883e-16,0.00024248,1.3231e-07,4.9781e-14,2.5343e-10,6.395e-07,1.5353e-18,1.1074e-18,0.016485,3.9071e-05,1.9367e-18,0.072302,2.4998e-22,6.1071e-07,6.2701e-09,5.6439e-05,2.6063e-10,2.7441e-10,2.5046e-07,0.0010956,1.6155e-09,2.9324e-18,0.039603,0.00076873,0.0061558,0.0015302,2.189e-11,8.8685e-08,4.0438e-08,2.7019e-05,7.6094e-05,1.6611e-06,1.6892e-18,3.0657e-08,7.27e-19,2.2314e-14,2.768e-14,2.6387e-07,1.0148e-08,0.011327,0.00015662,1.0122e-08,7.2924e-09,1.4451e-11,0.00039515,5.6851e-21,1.9882e-15,1.24e-08,1.7503e-14,0.08766,4.4912e-06,0.022728,0.0095237,2.0912e-15,0.019438,5.3428e-07,7.3518e-06,0.0062482,0.014805,5.0151e-06,0.00025809,3.1868e-18,3.194e-15,0.00054076,1.0995e-07,0.013413,1.5188e-12,4.9823e-10,5.9836e-05,0.00049907,6.4468e-18,4.5865e-11,5.0691e-11,3.5761e-06,1.2284e-18,9.8939e-08,3.1199e-07,6.6488e-08,3.1211e-15,1.5485e-07,1.895e-18,3.7904e-05,8.3188e-11,5.9672e-07,2.6125e-18,1.2786e-08,8.4196e-09,4.7121e-05,1.2111e-18,1.4216e-18,6.1329e-14,0.0011582,0.096472,5.9625e-20,0.0085405,1.5057e-05,0.012428,6.1062e-07,3.6095e-16,1.9638e-18,0.011082,0.12805,2.1482e-13,1.1156e-18,1.4814e-18,0.0025932,4.1247e-06,6.1518e-12,0.001697,4.9114e-05,2.6253e-18,1.682e-18,4.3132e-18,0.01917,2.2205e-07,3.4197e-06,1.1371e-18,0.086623,0.13355,0.048163,1.6485e-06,0.030076,1.3971e-09,3.7176e-05
0.32745,1.9537e-15,8.0421e-21,0.014751,8.7318e-21,7.3067e-11,6.0662e-15,9.1614e-08,4.4424e-18,0.0036389,1,4.0506e-17,1.7399e-13,0.034683,2.7344e-06,1.9136e-08,0.011361,1.0907e-16,7.0226e-21,3.5729e-18,0.047593,8.8839e-10,3.0869e-16,1.4533e-12,3.9917e-09,9.3855e-21,6.8019e-21,0.00011781,2.7542e-07,1.1883e-20,0.0084731,4.6826e-20,4.3005e-09,4.0013e-11,4.5595e-07,1.7052e-12,1.7199e-12,1.6842e-09,6.9624e-06,2.9881e-07,1.8061e-20,0.00060156,0.098166,4.7428e-05,0.26733,1.3951e-13,1.7094e-05,2.7617e-10,1.8531e-07,5.5292e-07,0.00034108,1.007e-20,1.9233e-10,4.3798e-21,1.4002e-16,1.7427e-16,1.8757e-09,6.381e-11,8.1489e-05,1.1304e-06,6.164e-11,4.8629e-11,9.1078e-14,3.2219e-06,3.3481e-23,1.245e-17,7.8851e-11,1.096e-16,0.014841,3.1767e-08,0.00031452,0.15369,1.2867e-17,0.00015117,3.6832e-09,1.0774e-07,0.050918,0.00038964,0.00096293,2.1038e-06,1.8759e-20,1.8682e-17,0.076852,6.7471e-10,0.00022158,9.5726e-15,3.1286e-12,0.011997,0.084608,3.7818e-20,8.2248e-09,3.1178e-13,0.00081573,7.6325e-21,6.6714e-10,5.0937e-05,8.819e-06,1.7525e-17,9.6347e-10,1.115e-20,2.9296e-07,1.6502e-08,4.5141e-09,1.5522e-20,8.0509e-11,5.2571e-11,0.0085492,7.39e-21,8.4447e-21,3.8665e-16,1.1231e-05,0.0022271,3.6142e-22,5.1232e-05,9.6137e-08,0.21023,0.00010891,2.258e-18,1.1505e-20,8.8215e-05,0.0066425,1.5331e-15,6.7891e-21,8.8282e-21,1.9095e-05,0.00065486,3.5576e-14,0.29039,3.7444e-07,1.6216e-20,1.0084e-20,2.5368e-20,0.00034684,1.7252e-09,0.00025703,6.9288e-21,0.010152,0.013781,0.00078276,0.00024844,0.032264,8.5051e-12,2.4314e-07
7.5572e-17,0.011486,0.00017877,2.4462e-15,0.00018744,3.0276e-27,0.0043238,3.8775e-10,0.061327,6.4339e-15,4.0506e-17,1,0.00015864,1.7952e-18,1.3955e-11,1.5594e-09,2.4077e-15,0.20629,0.00015651,0.050027,2.5866e-18,4.424e-08,0.080978,1.618e-05,8.8887e-09,0.00020932,0.00015885,2.3277e-13,1.3917e-10,0.00027332,2.1092e-15,1.9488e-36,8.988e-09,9.0109e-07,8.5234e-11,2.1201e-05,2.0697e-05,2.3017e-08,3.8911e-12,1.2935e-23,0.00041859,5.6637e-14,8.4938e-18,6.3101e-13,1.6445e-17,0.00026896,7.4533e-22,1.278e-07,1.7842e-10,6.768e-11,1.4489e-20,0.00020886,1.9032e-07,9.825e-05,0.15706,0.14468,2.0493e-08,5.1821e-07,3.7752e-13,3.1629e-11,5.3939e-07,7.5167e-07,0.00038291,1.1709e-11,7.4058e-07,0.18066,4.8092e-07,0.25644,2.1287e-15,1.0562e-09,1.12e-13,1.8163e-16,0.19173,2.1431e-13,1.0849e-08,1.8895e-11,1.1517e-16,2.9323e-14,4.274e-20,9.2154e-12,0.00037771,0.052262,5.6513e-18,3.7359e-08,1.0115e-13,0.003702,1.1562e-05,5.5265e-19,4.4492e-18,0.00078027,3.4498e-25,0.00010851,3.6743e-20,0.00017989,5.7809e-08,2.3775e-21,7.5471e-22,0.030385,3.3565e-08,0.00020684,1.2681e-10,6.9101e-25,8.2357e-09,0.00025263,4.6333e-07,6.6129e-07,4.2039e-19,0.00015527,0.00017963,0.069455,2.2107e-12,1.7585e-14,7.6208e-06,5.1436e-13,3.1572e-10,1.7259e-16,4.6746e-21,0.045369,0.00020383,2.6743e-13,5.7215e-15,6.6612e-05,0.00015347,0.00019013,1.391e-12,3.4223e-20,0.00081237,1.5539e-17,4.1123e-11,0.00037857,0.00016432,0.00026251,1.0695e-13,2.1678e-08,6.0273e-20,0.00014773,3.6199e-15,2.5163e-15,5.07e-14,1.5633e-20,1.0486e-15,4.0737e-06,1.1127e-10
3.2349e-13,0.0066421,3.6994e-08,1.0119e-11,4.0103e-08,1.3254e-23,0.01493,1.5502e-06,1.8294e-05,2.8778e-11,1.7399e-13,0.00015864,1,7.8208e-15,5.7432e-08,5.9656e-06,1.0501e-11,0.0004059,3.3091e-08,1.5684e-05,1.1072e-14,0.00015876,0.0011086,0.02849,3.567e-05,4.3644e-08,3.1918e-08,1.0425e-09,5.691e-07,5.5439e-08,9.3808e-12,8.504e-33,3.2223e-05,0.0030699,3.257e-07,0.03554,0.04637,8.5202e-05,1.7073e-08,5.7329e-20,8.3393e-08,2.4031e-10,3.6892e-14,2.752e-09,7.0439e-14,0.10393,3.2681e-18,0.00040951,7.5879e-07,2.7056e-07,6.2747e-17,4.765e-08,0.00071775,2.0645e-08,0.00051331,0.00064103,7.0146e-05,0.0017811,1.6618e-09,1.2967e-07,0.0018654,0.0021474,0.10123,4.7507e-08,1.6637e-10,5.0613e-05,0.0016977,0.00042106,9.2076e-12,4.1102e-06,4.6768e-10,7.4212e-13,5.4185e-05,9.3917e-10,3.9791e-05,4.5195e-08,4.9779e-13,1.2048e-10,1.8556e-16,3.5842e-08,8.9588e-08,7.2022e-05,2.4374e-14,0.00013264,4.1204e-10,0.025695,0.027799,2.4042e-15,1.9454e-14,1.8647e-07,1.5401e-21,0.10291,1.5265e-16,3.4694e-08,0.0002027,1.0743e-17,3.2604e-18,6.7472e-05,0.0001337,5.2554e-08,4.8412e-07,2.9824e-21,2.8099e-05,6.5665e-08,0.0016162,0.0021371,1.8434e-15,3.2643e-08,4.0637e-08,0.0013198,8.7167e-09,7.443e-11,1.6805e-09,2.3643e-09,1.3078e-06,7.2949e-13,2.0919e-17,9.4459e-06,5.3189e-08,1.1785e-09,2.4354e-11,0.00010431,3.1533e-08,4.332e-08,5.9926e-09,1.5271e-16,0.086706,6.8157e-14,1.5708e-07,7.4707e-08,4.3549e-08,1.0328e-07,4.2717e-10,6.561e-05,2.5457e-16,3.19e-08,1.5105e-11,1.1061e-11,2.1035e-10,6.9236e-17,4.2366e-12,0.011548,4.6927e-07
0.01827,8.7868e-17,3.5762e-22,0.00063317,3.9017e-22,1.5649e-09,2.7179e-16,4.0975e-09,1.9789e-19,0.00018883,0.034683,1.7952e-18,7.8208e-15,1,1.1993e-07,8.6379e-10,0.00057948,4.8426e-18,3.1391e-22,1.5991e-19,0.16455,3.9092e-11,1.3746e-17,6.5935e-14,1.7749e-10,4.1971e-22,3.0308e-22,5.6457e-06,1.2181e-08,5.3002e-22,0.00048311,1.0152e-18,1.8833e-10,1.7854e-12,1.9806e-08,7.5038e-14,7.6749e-14,7.4382e-11,3.2799e-07,6.2849e-06,8.0312e-22,2.7157e-05,0.079542,2.2175e-06,0.068618,6.183e-15,0.00033982,1.2308e-11,8.3584e-09,2.4256e-08,0.006403,4.5092e-22,8.586e-12,1.9539e-22,6.2201e-18,7.7515e-18,8.2129e-11,2.8787e-12,3.774e-06,5.0296e-08,2.7763e-12,2.1422e-12,4.0655e-15,1.4228e-07,1.5033e-24,5.5195e-19,3.4947e-12,4.8504e-18,0.00069242,1.4263e-09,1.3927e-05,0.0072972,5.7169e-19,6.8762e-06,1.613e-10,6.3209e-09,0.0061039,2.3896e-05,0.016623,1.0275e-07,8.4285e-22,8.4316e-19,0.097296,3.1038e-11,1.0773e-05,4.2554e-16,1.3908e-13,0.15397,0.16617,1.6961e-21,1.7564e-07,1.3928e-14,0.01338,3.3914e-22,2.9448e-11,0.0009947,0.00013453,7.9249e-19,4.3328e-11,5.0147e-22,1.2872e-08,3.4504e-07,1.9872e-10,6.9569e-22,3.5778e-12,2.34e-12,0.10421,3.2895e-22,3.7788e-22,1.7202e-17,5.2656e-07,9.4756e-05,1.6164e-23,2.4677e-06,4.422e-09,0.0088296,0.002171,1.0008e-19,5.1455e-22,4.3201e-06,0.00028369,7.5207e-17,3.0251e-22,3.9619e-22,9.0484e-07,0.010984,1.6017e-15,0.082187,1.8268e-08,7.2143e-22,4.5269e-22,1.1539e-21,1.5047e-05,7.517e-11,0.0017362,3.099e-22,0.00043305,0.00062085,3.3256e-05,0.0038567,0.001386,3.7758e-13,1.1089e-08
5.0402e-06,6.6315e-10,2.7747e-15,0.00015733,3.0084e-15,2.0794e-16,2.0507e-09,0.023481,1.5256e-12,0.00035387,2.7344e-06,1.3955e-11,5.7432e-08,1.1993e-07,1,0.0044724,0.0001494,3.7414e-11,2.4396e-15,1.2293e-12,1.705e-07,0.0002954,1.0573e-10,4.4689e-07,0.0012105,3.26e-15,2.368e-15,0.0096682,0.076308,4.1369e-15,0.00011235,1.3322e-25,0.0013436,1.3221e-05,0.10933,5.6503e-07,5.7911e-07,0.00055808,0.059756,8.7939e-13,6.2496e-15,0.0032878,5.5076e-07,0.024789,1.0887e-06,4.7399e-08,5.0137e-11,8.847e-05,0.040538,0.11469,9.8332e-10,3.4826e-15,6.4419e-05,1.5162e-15,4.7902e-11,5.9891e-11,0.00059606,2.0543e-05,0.017128,0.15954,1.9621e-05,1.5666e-05,3.085e-08,0.28268,1.1635e-17,4.2789e-12,2.6464e-05,3.7621e-11,0.00013589,0.0082166,0.0064329,1.1653e-05,4.44e-12,0.010804,0.0012185,0.00046914,6.4108e-06,0.00079149,2.8704e-09,0.027108,6.4613e-15,6.2776e-12,3.6159e-07,0.00016917,0.0037332,3.2948e-09,1.0598e-06,3.7517e-08,2.9625e-07,1.3143e-14,2.3659e-14,1.0499e-07,2.4371e-09,2.6484e-15,0.00022063,1.6016e-10,4.1236e-11,5.7611e-12,0.00028811,3.8245e-15,0.071095,4.7191e-14,0.0014143,5.1974e-15,2.6874e-05,1.692e-05,2.7995e-08,2.5269e-15,2.9272e-15,1.329e-10,0.034421,0.0011597,1.2443e-16,0.017457,0.019045,1.1583e-05,3.1958e-10,7.774e-13,3.9082e-15,0.008801,0.00037402,2.8983e-10,2.3518e-15,3.076e-15,0.030115,2.2443e-09,1.2047e-08,1.0557e-06,0.013498,5.6333e-15,3.3949e-15,8.3018e-15,0.0063402,0.00053086,2.6812e-09,2.3927e-15,0.00023414,0.00016465,0.003267,9.6938e-10,6.686e-05,2.7619e-06,0.030383
3.5145e-08,7.4517e-08,3.2057e-13,1.0492e-06,3.5087e-13,1.5351e-18,2.2417e-07,0.048406,1.7317e-10,2.9548e-06,1.9136e-08,1.5594e-09,5.9656e-06,8.6379e-10,0.0044724,1,1.0771e-06,4.1342e-09,2.8671e-13,1.42e-10,1.2222e-09,0.017916,1.1775e-08,4.3962e-05,0.050563,3.8009e-13,2.7601e-13,9.5028e-05,0.031923,4.8227e-13,9.2832e-07,1.0006e-27,0.044571,0.0011452,0.017386,5.2988e-05,5.7843e-05,0.029337,0.0012905,6.5397e-15,7.2549e-13,2.3115e-05,3.9305e-09,0.0002482,7.7035e-09,4.8933e-06,3.6784e-13,0.0054986,0.031176,0.016497,7.0782e-12,4.1357e-13,0.0051252,1.7863e-13,5.2338e-09,6.5934e-09,0.026396,0.0016876,0.00016058,0.0088407,0.0017191,0.0012531,3.2545e-06,0.0036596,1.4063e-15,4.7936e-10,0.0022057,4.1843e-09,9.6999e-07,0.060004,4.4893e-05,7.8758e-08,5.0705e-10,9.0921e-05,0.049196,0.00020737,4.9837e-08,9.3757e-06,2.0898e-11,0.0016035,7.7221e-13,7.2803e-10,2.6601e-09,0.009747,3.4765e-05,3.5344e-07,0.00010181,2.6862e-10,2.1662e-09,1.574e-12,1.7736e-16,1.1057e-05,1.7071e-11,3.0567e-13,0.013661,1.2107e-12,3.3002e-13,6.8258e-10,0.017173,4.5646e-13,0.023605,3.4367e-16,0.039179,6.0669e-13,0.00227,0.0014371,2.0442e-10,2.9521e-13,3.486e-13,1.462e-08,0.00059777,7.7257e-06,1.4695e-14,0.00020712,0.039419,7.9162e-08,2.3824e-12,8.7691e-11,4.6806e-13,0.00010038,2.5635e-06,2.1285e-08,2.7505e-13,3.6542e-13,0.00046178,1.7025e-11,1.3593e-06,7.5598e-09,0.0038317,6.501e-13,4.0073e-13,9.751e-13,4.0737e-05,0.019345,2.3407e-11,2.8015e-13,1.5788e-06,1.1771e-06,2.1256e-05,7.4374e-12,4.4097e-07,0.00026467,0.017781
0.018605,1.1865e-13,4.83e-19,0.13602,5.2907e-19,1.1195e-12,3.6455e-13,5.2153e-06,2.6711e-16,0.067933,0.011361,2.4077e-15,1.0501e-11,0.00057948,0.0001494,1.0771e-06,1,6.4763e-15,4.2768e-19,2.1641e-16,0.00077072,5.1108e-08,1.8471e-14,8.5552e-11,2.2765e-07,5.7021e-19,4.1242e-19,0.0051045,1.5581e-05,7.2133e-19,0.064469,7.2745e-22,2.3885e-07,2.3825e-09,2.4294e-05,9.8492e-11,1.0243e-10,9.7805e-08,0.00035362,4.7096e-09,1.0843e-18,0.023597,0.0023298,0.0023332,0.0044864,8.2124e-12,2.5606e-07,1.6013e-08,1.106e-05,2.9853e-05,4.9624e-06,6.1585e-19,1.1526e-08,2.6433e-19,8.337e-15,1.0448e-14,1.0531e-07,3.8106e-09,0.0038275,6.0092e-05,3.6659e-09,2.7687e-09,5.4209e-12,0.00017456,2.0604e-21,7.4047e-16,4.6178e-09,6.4848e-15,0.13982,1.7906e-06,0.013538,0.031512,7.7209e-16,0.0067018,2.0844e-07,3.2455e-06,0.015054,0.0085096,1.3931e-05,9.6092e-05,1.1409e-18,1.1433e-15,0.0014607,3.8721e-08,0.0075128,5.7456e-13,1.8556e-10,0.00018553,0.001329,2.3193e-18,1.2651e-10,1.8531e-11,1.1511e-05,4.5865e-19,3.8451e-08,8.0157e-07,1.7027e-07,1.0655e-15,5.6796e-08,6.8002e-19,1.592e-05,2.4878e-10,2.5808e-07,9.2523e-19,4.723e-09,3.0384e-09,0.00013375,4.4044e-19,5.148e-19,2.3118e-14,0.00049857,0.075132,2.1872e-20,0.0024224,5.3754e-06,0.039619,1.6549e-06,1.339e-16,6.9563e-19,0.0035259,0.13015,8.2076e-14,4.0805e-19,5.4374e-19,0.00089876,1.0957e-05,2.1608e-12,0.0046722,1.8058e-05,9.7681e-19,6.1024e-19,1.5629e-18,0.014237,9.4675e-08,7.3684e-06,4.1937e-19,0.12582,0.16602,0.030412,4.5669e-06,0.096996,4.8844e-10,1.3384e-05
2.036e-16,0.026813,6.5374e-05,6.5887e-15,6.8949e-05,8.1831e-27,0.010194,1.0403e-09,0.025418,1.7345e-14,1.0907e-16,0.20629,0.0004059,4.8426e-18,3.7414e-11,4.1342e-09,6.4763e-15,1,5.6692e-05,0.020129,6.975e-18,1.1801e-07,0.14477,4.2605e-05,2.3742e-08,7.5552e-05,5.6916e-05,6.2967e-13,3.7352e-10,9.7658e-05,5.7097e-15,5.2591e-36,2.3966e-08,2.4083e-06,2.2738e-10,5.599e-05,5.4304e-05,6.1185e-08,1.0443e-11,3.4945e-23,0.00015261,1.5313e-13,2.2886e-17,1.7014e-12,4.4481e-17,0.00069694,2.0242e-21,3.3589e-07,4.779e-10,1.8188e-10,3.917e-20,7.605e-05,5.0602e-07,3.5603e-05,0.22913,0.20068,5.4285e-08,1.3869e-06,1.014e-12,8.4742e-11,1.4375e-06,1.9766e-06,0.00099947,3.1328e-11,2.7224e-07,0.078589,1.2943e-06,0.31453,5.7355e-15,2.8288e-09,3.0059e-13,4.8787e-16,0.077239,5.7939e-13,2.8914e-08,4.9079e-11,3.0904e-16,7.8296e-14,1.1549e-19,2.4715e-11,0.00014107,0.036171,1.5272e-17,9.9045e-08,2.7137e-13,0.0093111,3.0103e-05,1.4906e-18,1.2025e-17,0.00029084,9.3419e-25,0.00028356,9.8656e-20,6.3981e-05,1.528e-07,6.4532e-21,2.0246e-21,0.023183,8.9918e-08,7.9027e-05,3.345e-10,1.8622e-24,2.1643e-08,9.4307e-05,1.2424e-06,1.767e-06,1.1361e-18,5.7156e-05,6.6148e-05,0.1213,5.9177e-12,4.7358e-14,2.7957e-06,1.3987e-12,8.4633e-10,4.6439e-16,1.2661e-20,0.016954,7.8748e-05,7.2885e-13,1.5426e-14,0.0001063,5.5694e-05,6.9636e-05,3.7742e-12,9.284e-20,0.0021207,4.1985e-17,1.0972e-10,0.00013667,6.3234e-05,0.00010836,2.8572e-13,5.6897e-08,1.6214e-19,5.3405e-05,9.7415e-15,6.8054e-15,1.3625e-13,4.2287e-20,2.8073e-15,1.0977e-05,3.0106e-10
1.3103e-20,2.9597e-06,0.18907,4.2161e-19,0.18377,5.238e-31,9.8297e-07,6.9266e-14,0.0012114,1.1503e-18,7.0226e-21,0.00015651,3.3091e-08,3.1391e-22,2.4396e-15,2.8671e-13,4.2768e-19,5.6692e-05,1,0.0014924,4.4951e-22,7.6678e-12,1.9642e-05,3.3889e-09,1.5827e-12,0.26354,0.36262,4.1715e-17,2.4405e-14,0.31094,3.7688e-19,3.3675e-40,1.5445e-12,1.6333e-10,1.4686e-14,3.7344e-09,3.7982e-09,4.0471e-12,7.0476e-16,2.2612e-27,0.18899,9.8944e-18,1.4852e-21,1.1314e-16,2.8346e-21,4.7374e-08,1.2927e-25,2.2947e-11,3.2613e-14,1.1804e-14,2.503e-24,0.16482,3.4474e-11,0.19803,4.3368e-05,3.663e-05,3.548e-12,9.6619e-11,6.7286e-17,5.5431e-15,9.9769e-11,1.314e-10,7.0974e-08,2.0454e-15,0.0037411,0.00047677,8.4976e-11,5.8327e-05,3.7152e-19,1.91e-13,1.9674e-17,3.1075e-20,0.00048404,3.7811e-17,1.8698e-12,4.5022e-15,2.0578e-20,5.457e-18,7.3716e-24,1.7051e-15,0.12621,0.00022568,9.7924e-22,7.222e-12,1.8139e-17,6.9655e-07,2.0978e-09,9.6369e-23,7.7127e-22,0.1099,5.9916e-29,2.0323e-08,6.3081e-24,0.2878,1.0107e-11,4.1653e-25,1.3506e-25,0.00018315,6.1765e-12,0.10259,2.2105e-14,1.1942e-28,1.4543e-12,0.042392,8.2047e-11,1.1838e-10,7.309e-23,0.11863,0.21091,1.6238e-05,3.9608e-16,3.048e-18,0.025368,9.3179e-17,5.7624e-14,2.9778e-20,8.1363e-25,0.0025362,0.074291,4.8267e-17,9.8697e-19,1.4827e-07,0.20037,0.28446,2.5068e-16,6.0048e-24,1.705e-07,2.6965e-21,8.122e-15,0.22994,0.053203,0.017135,1.8537e-17,3.7289e-12,1.1083e-23,0.17903,6.2166e-19,4.388e-19,8.738e-18,2.7652e-24,1.802e-19,7.2212e-10,2.0465e-14
6.6706e-18,0.0012943,0.0016202,2.1266e-16,0.0017574,2.6757e-28,0.00042253,3.4352e-11,0.11644,5.9883e-16,3.5729e-18,0.050027,1.5684e-05,1.5991e-19,1.2293e-12,1.42e-10,2.1641e-16,0.020129,0.0014924,1,2.2681e-19,3.7942e-09,0.0082719,1.6778e-06,8.017e-10,0.0019726,0.0014872,2.1677e-14,1.2307e-11,0.0025313,1.9445e-16,1.7136e-37,7.6635e-10,8.0677e-08,7.2783e-12,1.7726e-06,1.8396e-06,2.0027e-09,3.6632e-13,1.1577e-24,0.0037113,5.0216e-15,7.5743e-19,5.7902e-14,1.4489e-18,2.2597e-05,6.6147e-23,1.0996e-08,1.6308e-11,5.9553e-12,1.275e-21,0.002198,1.725e-08,0.00097124,0.015863,0.013413,1.7373e-09,4.7733e-08,3.4649e-14,2.8127e-12,4.9967e-08,6.3586e-08,3.3514e-05,1.0242e-12,8.0816e-06,0.09889,4.2427e-08,0.021589,1.9039e-16,9.4358e-11,9.8431e-15,1.562e-17,0.1199,1.9438e-14,9.3134e-10,1.8779e-12,1.0421e-17,2.7367e-15,3.7934e-21,8.5105e-13,0.0038613,0.043089,4.9994e-19,3.5745e-09,9.171e-15,0.00031085,1.0308e-06,4.9025e-20,3.9657e-19,0.0084852,3.0985e-26,9.7112e-06,3.1725e-21,0.0015976,5.0082e-09,2.1595e-22,6.855e-23,0.032853,3.1272e-09,0.002101,1.0939e-11,6.063e-26,6.9647e-10,0.0021986,4.1245e-08,5.9034e-08,3.7612e-20,0.0013925,0.0019156,0.0063433,1.9803e-13,1.5493e-15,7.4742e-05,4.8996e-14,2.9107e-11,1.5113e-17,4.2132e-22,0.13564,0.0019872,2.5088e-14,5.058e-16,1.7854e-05,0.0014402,0.0019853,1.2899e-13,3.0983e-21,8.458e-05,1.3879e-18,3.9849e-12,0.0034326,0.001506,0.0021511,9.1944e-15,1.7669e-09,5.6292e-21,0.0013727,3.1673e-16,2.2616e-16,4.4239e-15,1.4175e-21,8.9979e-17,3.6863e-07,1.037e-11
0.025225,1.2427e-16,5.1492e-22,0.00092073,5.5963e-22,1.0939e-09,3.8468e-16,5.8082e-09,2.8482e-19,0.00024248,0.047593,2.5866e-18,1.1072e-14,0.16455,1.705e-07,1.2222e-09,0.00077072,6.975e-18,4.4951e-22,2.2681e-19,1,5.6134e-11,1.9648e-17,9.2364e-14,2.5125e-10,6.0054e-22,4.3506e-22,7.6165e-06,1.724e-08,7.5971e-22,0.0006476,7.1188e-19,2.7202e-10,2.5392e-12,2.8699e-08,1.0869e-13,1.0913e-13,1.0626e-10,4.4831e-07,4.2994e-06,1.1573e-21,3.776e-05,0.08741,3.0316e-06,0.096799,8.8599e-15,0.00024218,1.7536e-11,1.1899e-08,3.4785e-08,0.0046644,6.4346e-22,1.2143e-11,2.8032e-22,8.9544e-18,1.1129e-17,1.1851e-10,4.0655e-12,5.1366e-06,7.0895e-08,3.9047e-12,3.0936e-12,5.8097e-15,2.0149e-07,2.1394e-24,7.9652e-19,4.9964e-12,6.9941e-18,0.00092833,1.9992e-09,1.9683e-05,0.011114,8.202e-19,9.4583e-06,2.319e-10,8.7639e-09,0.0071219,3.0088e-05,0.011835,1.4436e-07,1.1966e-21,1.1954e-18,0.11417,4.3197e-11,1.5058e-05,6.0993e-16,1.9772e-13,0.10814,0.17472,2.412e-21,1.1983e-07,1.9806e-14,0.010474,4.8858e-22,4.2032e-11,0.00065915,9.9303e-05,1.1182e-18,6.1164e-11,7.1223e-22,1.8385e-08,2.4352e-07,2.8602e-10,9.9416e-22,5.0924e-12,3.3363e-12,0.074684,4.7373e-22,5.3899e-22,2.4659e-17,7.4021e-07,0.00013493,2.3148e-23,3.2887e-06,6.1248e-09,0.012645,0.0014492,1.4453e-19,7.3569e-22,5.7937e-06,0.0004023,1.0587e-16,4.3514e-22,5.6389e-22,1.2342e-06,0.0073982,2.2587e-15,0.10131,2.4813e-08,1.0383e-21,6.4689e-22,1.6353e-21,2.1694e-05,1.0986e-10,0.0013038,4.4438e-22,0.00062455,0.00084941,4.7825e-05,0.0026254,0.0020666,5.4017e-13,1.5603e-08
1.6501e-09,1.9783e-06,8.7856e-12,5.3095e-08,9.4667e-12,6.6525e-20,6.0786e-06,0.0070168,4.7216e-09,1.3231e-07,8.8839e-10,4.424e-08,0.00015876,3.9092e-11,0.0002954,0.017916,5.1108e-08,1.1801e-07,7.6678e-12,3.7942e-09,5.6134e-11,1,3.2745e-07,0.0010225,0.11016,1.0254e-11,7.479e-12,4.5979e-06,0.0028826,1.3044e-11,4.2763e-08,4.2628e-29,0.14471,0.033846,0.0017691,0.0016841,0.0016971,0.31122,7.0323e-05,2.8273e-16,1.9849e-11,1.2032e-06,1.8252e-10,1.2531e-05,3.5883e-10,0.00014766,1.6289e-14,0.14525,0.0031052,0.0013736,3.1818e-13,1.0827e-11,0.13795,4.7887e-12,1.5015e-07,1.8791e-07,0.25997,0.041907,7.6235e-06,0.00062599,0.04137,0.040453,9.4719e-05,0.00024538,3.639e-14,1.3496e-08,0.070687,1.1961e-07,4.5944e-08,0.016062,2.3758e-06,3.9241e-09,1.391e-08,4.4145e-06,0.20873,4.6302e-05,2.3338e-09,4.8901e-07,9.3425e-13,0.00012994,2.0199e-11,1.8627e-08,1.2127e-10,0.051039,1.8888e-06,1.028e-05,0.0031063,1.2089e-11,9.7001e-11,4.1057e-11,7.5862e-18,0.00031385,7.9711e-13,8.3894e-12,0.35117,5.1943e-14,1.485e-14,1.6487e-08,0.13325,1.1858e-11,0.0025362,1.5134e-17,0.11478,1.5986e-11,0.069213,0.039117,9.1459e-12,7.9594e-12,9.1641e-12,4.1179e-07,3.796e-05,3.8529e-07,3.876e-13,9.8652e-06,0.0047976,3.7857e-09,1.0277e-13,2.4625e-09,1.2091e-11,4.9935e-06,1.2536e-07,3.5972e-07,7.4572e-12,9.616e-12,2.5285e-05,7.3998e-13,3.5625e-05,3.4177e-10,0.00040071,1.7879e-11,1.0372e-11,2.4381e-11,2.2826e-06,0.20972,1.0806e-12,7.4943e-12,7.892e-08,5.5043e-08,1.1086e-06,3.267e-13,2.2606e-08,0.0075993,0.0016126
5.7534e-16,0.057765,2.229e-05,1.8479e-14,2.3919e-05,2.3134e-26,0.024231,2.9334e-09,0.0096525,4.9781e-14,3.0869e-16,0.080978,0.0011086,1.3746e-17,1.0573e-10,1.1775e-08,1.8471e-14,0.14477,1.9642e-05,0.0082719,1.9648e-17,3.2745e-07,1,0.00011887,6.6917e-08,2.6129e-05,1.9588e-05,1.7993e-12,1.0563e-09,3.3729e-05,1.6349e-14,1.4866e-35,6.6439e-08,6.7185e-06,6.3321e-10,0.00014861,0.00015046,1.7132e-07,2.9698e-11,9.9263e-23,5.1337e-05,4.3065e-13,6.5197e-17,4.8649e-12,1.254e-16,0.0018571,5.7057e-21,9.2697e-07,1.363e-09,5.0953e-10,1.1036e-19,2.8556e-05,1.444e-06,1.2546e-05,0.14746,0.16706,1.5039e-07,3.8521e-06,2.9073e-12,2.4001e-10,4.0877e-06,5.3023e-06,0.0027063,8.8415e-11,9.604e-08,0.026445,3.5975e-06,0.16066,1.6273e-14,7.9219e-09,8.4826e-13,1.3613e-15,0.028799,1.6408e-12,8.0669e-08,1.2764e-10,8.8582e-16,2.2551e-13,3.2723e-19,6.8887e-11,5.0663e-05,0.020462,4.2915e-17,2.8056e-07,7.6849e-13,0.021877,8.5206e-05,4.2306e-18,3.4022e-17,0.00010609,2.6615e-24,0.00075385,2.7696e-19,2.1727e-05,4.3114e-07,1.8349e-20,5.7719e-21,0.014314,2.5534e-07,2.8668e-05,9.4631e-10,5.2605e-24,6.0373e-08,3.4233e-05,3.4863e-06,4.8989e-06,3.2288e-18,1.9412e-05,2.3889e-05,0.18027,1.6627e-11,1.3374e-13,9.8838e-07,4.0377e-12,2.3899e-09,1.3097e-15,3.6048e-20,0.0055148,2.822e-05,2.079e-12,4.3687e-14,0.00015502,1.9022e-05,2.4969e-05,1.0699e-11,2.6364e-19,0.0056773,1.1929e-16,3.1286e-10,4.6612e-05,2.2881e-05,4.3044e-05,8.0063e-13,1.5468e-07,4.6004e-19,1.8631e-05,2.7463e-14,1.934e-14,3.8362e-13,1.2046e-19,7.8607e-15,3.0398e-05,8.5336e-10
2.7198e-12,0.00075376,3.9325e-09,8.2482e-11,4.2244e-09,1.1377e-22,0.0016302,1.1283e-05,1.8919e-06,2.5343e-10,1.4533e-12,1.618e-05,0.02849,6.5935e-14,4.4689e-07,4.3962e-05,8.5552e-11,4.2605e-05,3.3889e-09,1.6778e-06,9.2364e-14,0.0010225,0.00011887,1,0.00027021,4.4622e-09,3.2654e-09,9.1419e-09,4.3507e-06,5.6609e-09,8.2261e-11,7.3243e-32,0.00022117,0.014745,2.3949e-06,0.051029,0.06087,0.00054956,1.481e-07,4.8955e-19,8.7761e-09,1.9632e-09,3.1079e-13,2.3287e-08,5.9807e-13,0.02337,2.8187e-17,0.0021168,5.4985e-06,2.1378e-06,5.3318e-16,5.0782e-09,0.0043179,2.2165e-09,5.4118e-05,6.3191e-05,0.00043765,0.0092864,1.4164e-08,1.0314e-06,0.011111,0.0098748,0.017854,3.6078e-07,1.7905e-11,5.2565e-06,0.0096557,4.4262e-05,7.7662e-11,2.865e-05,3.722e-09,6.0764e-12,5.5882e-06,8.1191e-09,0.00026977,2.8819e-07,4.1805e-12,9.9586e-10,1.6092e-15,2.9918e-07,9.8745e-09,8.2108e-06,2.0826e-13,0.00096453,3.415e-09,0.0026264,0.055568,2.0033e-14,1.6859e-13,2.0126e-08,1.3519e-20,0.040962,1.2614e-15,3.562e-09,0.0012483,9.5167e-17,2.7925e-17,8.6252e-06,0.00091397,5.7975e-09,3.483e-06,2.5201e-20,0.00016061,7.6486e-09,0.0098378,0.012721,1.5747e-14,3.5726e-09,4.3972e-09,0.00013323,6.9929e-08,6.1153e-10,1.7866e-10,2.1476e-08,1.075e-05,6.0407e-12,1.8333e-16,9.9684e-07,6.0108e-09,1.0493e-08,2.0601e-10,3.4559e-05,3.3666e-09,4.4984e-09,5.1415e-08,1.3356e-15,0.013418,5.8449e-13,1.2844e-06,7.7367e-09,4.818e-09,1.1567e-08,3.2745e-09,0.00035831,2.2022e-15,3.3395e-09,1.2614e-10,9.4909e-11,1.7109e-09,5.9753e-16,3.3778e-11,0.062858,3.7534e-06
7.4617e-09,4.2564e-07,1.8151e-12,2.2941e-07,1.955e-12,3.0461e-19,1.2549e-06,0.02339,9.6836e-10,6.395e-07,3.9917e-09,8.8887e-09,3.567e-05,1.7749e-10,0.0012105,0.050563,2.2765e-07,2.3742e-08,1.5827e-12,8.017e-10,2.5125e-10,0.11016,6.6917e-08,0.00027021,1,2.1121e-12,1.5332e-12,2.2348e-05,0.011529,2.6694e-12,2.0261e-07,1.947e-28,0.18214,0.007006,0.0062723,0.00033256,0.00034859,0.15479,0.00033943,1.2998e-15,4.0865e-12,5.2971e-06,8.2384e-10,5.7993e-05,1.6231e-09,2.9108e-05,7.487e-14,0.031692,0.011587,0.0054772,1.443e-12,2.2813e-12,0.03192,1.0007e-12,3.0419e-08,3.7614e-08,0.12508,0.010113,3.6138e-05,0.0026413,0.010645,0.0079796,1.9106e-05,0.00099783,7.7162e-15,2.7383e-09,0.014409,2.4273e-08,2.094e-07,0.045599,1.0099e-05,1.6963e-08,2.8561e-09,2.0943e-05,0.20857,0.0001149,1.0604e-08,2.1689e-06,4.2993e-12,0.00051311,4.321e-12,4.0362e-09,5.5582e-10,0.04124,8.1072e-06,2.0531e-06,0.00061787,5.4623e-11,4.5099e-10,8.7655e-12,3.5447e-17,6.5927e-05,3.5023e-12,1.706e-12,0.080067,2.4623e-13,6.9084e-14,3.8431e-09,0.084187,2.5437e-12,0.0088138,6.8361e-17,0.097155,3.4448e-12,0.01502,0.0093165,4.1812e-11,1.6621e-12,1.9359e-12,8.2934e-08,0.00015816,1.7026e-06,8.1118e-14,4.9561e-05,0.019383,1.6784e-08,4.8193e-13,5.0155e-10,2.6419e-12,2.4017e-05,5.647e-07,1.0008e-07,1.5471e-12,2.0214e-12,0.0001189,3.4669e-12,8.0267e-06,1.5746e-09,0.0015113,3.6449e-12,2.2193e-12,5.4335e-12,9.283e-06,0.077412,4.9723e-12,1.5523e-12,3.4914e-07,2.5477e-07,4.8056e-06,1.524e-12,9.5555e-08,0.0017357,0.0066413
1.7503e-20,3.891e-06,0.19163,5.6464e-19,0.16506,7.0112e-31,1.3037e-06,9.2501e-14,0.0015759,1.5353e-18,9.3855e-21,0.00020932,4.3644e-08,4.1971e-22,3.26e-15,3.8009e-13,5.7021e-19,7.5552e-05,0.26354,0.0019726,6.0054e-22,1.0254e-11,2.6129e-05,4.4622e-09,2.1121e-12,1,0.33603,5.5532e-17,3.2617e-14,0.31849,5.0045e-19,4.511e-40,2.0698e-12,2.1724e-10,1.9664e-14,4.9873e-09,5.0513e-09,5.4063e-12,9.3814e-16,3.0242e-27,0.2128,1.3218e-17,1.9839e-21,1.5036e-16,3.791e-21,6.3503e-08,1.7266e-25,3.0676e-11,4.3311e-14,1.5729e-14,3.3485e-24,0.15803,4.5849e-11,0.16854,5.7637e-05,4.882e-05,4.7447e-12,1.2809e-10,8.9638e-17,7.3985e-15,1.3261e-10,1.7592e-10,9.4643e-08,2.7386e-15,0.0027266,0.00063258,1.1331e-10,7.7721e-05,4.9632e-19,2.5471e-13,2.6217e-17,4.1683e-20,0.00064213,5.0377e-17,2.5035e-12,5.9227e-15,2.7445e-20,7.2601e-18,9.85e-24,2.2655e-15,0.13269,0.00028459,1.3077e-21,9.6113e-12,2.4119e-17,9.3075e-07,2.7983e-09,1.2902e-22,1.0306e-21,0.12417,8.0027e-29,2.7078e-08,8.4655e-24,0.30148,1.3545e-11,5.555e-25,1.8104e-25,0.00022723,8.2034e-12,0.097242,2.964e-14,1.6012e-28,1.952e-12,0.043699,1.0929e-10,1.5746e-10,9.767e-23,0.11367,0.18475,2.1667e-05,5.2863e-16,4.0781e-18,0.019861,1.2337e-16,7.6478e-14,3.9872e-20,1.086e-24,0.003367,0.074285,6.3903e-17,1.3197e-18,1.8807e-07,0.18863,0.26143,3.3376e-16,7.9981e-24,2.239e-07,3.6029e-21,1.0664e-14,0.26509,0.051327,0.016685,2.4867e-17,5.0184e-12,1.478e-23,0.17005,8.3239e-19,5.8548e-19,1.1698e-17,3.7025e-24,2.4182e-19,9.5869e-10,2.7204e-14
