1,0.92484,0.88106,0.63064,0.69612,0.57343,0.87994,0.87348,0.85245,0.83363,0.62021,0.80256,0.80599,0.84824,0.82427,0.9464,0.8521,0.87833,0.86629,0.88503,0.95902,0.78574,0.72781,0.76044,0.88369,0.72363,0.60991,0.85285,0.90182,0.69189,0.8519,0.8666,0.97535,0.70445,0.92769,0.93167,0.79648,0.95843,0.80902,0.90418,0.93661,0.8266,0.89197,0.69589,0.83094,0.93526,0.75312,0.70567,0.91191,0.82735,0.94055
0.92484,1,0.8171,0.58491,0.64556,0.53181,0.94747,0.94085,0.91852,0.77329,0.57515,0.74432,0.74765,0.78695,0.76425,0.95751,0.91815,0.94557,0.93325,0.82112,0.95821,0.72889,0.67512,0.70511,0.95096,0.67127,0.56571,0.91736,0.96906,0.64188,0.79051,0.80431,0.90983,0.65332,0.96865,0.86504,0.73877,0.95974,0.75038,0.83919,0.87009,0.89018,0.95497,0.64528,0.89539,0.97915,0.69863,0.65455,0.85462,0.76792,0.87486
0.88106,0.8171,1,0.71444,0.78875,0.6497,0.77652,0.77076,0.75218,0.94116,0.70279,0.90846,0.91113,0.95564,0.93404,0.84065,0.7519,0.77508,0.7644,0.97858,0.84824,0.88887,0.82384,0.8618,0.78007,0.81895,0.69085,0.75308,0.79587,0.78291,0.95751,0.96687,0.89531,0.79797,0.82156,0.94136,0.90097,0.84769,0.91564,0.96453,0.93474,0.72959,0.78843,0.78844,0.73333,0.82616,0.85207,0.7988,0.91944,0.93115,0.928
0.63064,0.58491,0.71444,1,0.90452,0.90606,0.55563,0.55156,0.53814,0.75564,0.97195,0.78478,0.78181,0.7427,0.76389,0.60247,0.53796,0.55465,0.54693,0.71156,0.60699,0.8019,0.86478,0.82817,0.55815,0.86909,0.96021,0.53887,0.56969,0.90877,0.73763,0.7265,0.64128,0.89383,0.58806,0.6751,0.79133,0.60676,0.77801,0.69487,0.67099,0.52206,0.56398,0.90476,0.52447,0.59122,0.83617,0.89219,0.67173,0.75828,0.6659
0.69612,0.64556,0.78875,0.90452,1,0.82268,0.61327,0.60875,0.59399,0.8338,0.88959,0.86616,0.86258,0.81959,0.84332,0.6649,0.59378,0.61217,0.60367,0.78532,0.66999,0.88464,0.95132,0.91406,0.61608,0.95428,0.87462,0.59478,0.62876,0.97398,0.81385,0.80148,0.70781,0.97941,0.64908,0.74517,0.87312,0.66973,0.85856,0.76695,0.74051,0.5762,0.62256,0.98523,0.57895,0.65256,0.92134,0.97535,0.74055,0.83612,0.73496
0.57343,0.53181,0.6497,0.90606,0.82268,1,0.5052,0.50149,0.48931,0.687,0.92029,0.71362,0.71071,0.67521,0.69472,0.54791,0.48915,0.5043,0.49728,0.64692,0.5519,0.72901,0.78642,0.75315,0.50751,0.79048,0.93377,0.49002,0.51797,0.82643,0.6709,0.66043,0.5831,0.81274,0.53475,0.61385,0.71936,0.5517,0.70762,0.63192,0.61011,0.47469,0.51289,0.8229,0.4769,0.53757,0.76015,0.81112,0.61141,0.68976,0.60557
0.87994,0.94747,0.77652,0.55563,0.61327,0.5052,1,0.9869,0.96685,0.73475,0.54637,0.70718,0.71034,0.74775,0.72619,0.9171,0.96646,0.98714,0.98129,0.78032,0.91375,0.69247,0.64141,0.6699,0.98492,0.63776,0.5374,0.96162,0.97264,0.6098,0.75125,0.76427,0.86537,0.62065,0.93771,0.82222,0.70187,0.91463,0.71297,0.79778,0.82706,0.93634,0.97052,0.61303,0.94272,0.93819,0.66373,0.62183,0.81488,0.72983,0.83202
0.87348,0.94085,0.77076,0.55156,0.60875,0.50149,0.9869,1,0.97376,0.72938,0.54237,0.70193,0.70518,0.74229,0.72083,0.91048,0.97285,0.98751,0.98738,0.77458,0.90706,0.68744,0.63671,0.66497,0.98049,0.63314,0.53347,0.9665,0.9665,0.6054,0.74584,0.75882,0.85925,0.61613,0.93154,0.81622,0.69679,0.90798,0.70777,0.7919,0.82135,0.94323,0.96678,0.60853,0.94902,0.9321,0.65896,0.61734,0.80909,0.72458,0.82605
0.85245,0.91852,0.75218,0.53814,0.59399,0.48931,0.96685,0.97376,1,0.71165,0.52919,0.68494,0.688,0.72423,0.70342,0.88936,0.98914,0.96799,0.98135,0.7558,0.88538,0.67068,0.62122,0.64886,0.96153,0.6177,0.52049,0.9756,0.94347,0.59061,0.72775,0.74024,0.83831,0.60114,0.91048,0.79645,0.6798,0.88614,0.69058,0.77283,0.80119,0.96372,0.94784,0.59374,0.97222,0.90934,0.64285,0.60226,0.79044,0.70699,0.80616
0.83363,0.77329,0.94116,0.75564,0.8338,0.687,0.73475,0.72938,0.71165,1,0.74296,0.95762,0.96346,0.97652,0.97414,0.79587,0.7114,0.73345,0.72325,0.93907,0.80245,0.94038,0.87162,0.90961,0.73799,0.86641,0.73077,0.71237,0.75331,0.82894,0.96284,0.9579,0.84763,0.84377,0.77704,0.89193,0.95313,0.80219,0.96253,0.91593,0.88647,0.69024,0.74549,0.83351,0.69355,0.78173,0.90186,0.84544,0.87833,0.96521,0.8788
0.62021,0.57515,0.70279,0.97195,0.88959,0.92029,0.54637,0.54237,0.52919,0.74296,1,0.77178,0.76859,0.7302,0.75151,0.59247,0.52901,0.54541,0.53781,0.69968,0.59693,0.78835,0.85008,0.81469,0.54887,0.85429,0.96864,0.52996,0.56017,0.89252,0.72552,0.71419,0.63066,0.87884,0.57836,0.66391,0.778,0.59667,0.76529,0.68346,0.65989,0.51339,0.55472,0.88981,0.51578,0.58143,0.82196,0.87675,0.66087,0.74576,0.65495
0.80256,0.74432,0.90846,0.78478,0.86616,0.71362,0.70718,0.70193,0.68494,0.95762,0.77178,1,0.97972,0.94272,0.96732,0.76626,0.68472,0.70592,0.69611,0.90473,0.77258,0.97127,0.90437,0.94456,0.71039,0.89853,0.75889,0.68578,0.72499,0.85998,0.93418,0.92215,0.8159,0.87613,0.74823,0.85877,0.98045,0.77214,0.97467,0.88314,0.85313,0.66438,0.7177,0.86582,0.66761,0.75237,0.93454,0.87734,0.84906,0.95242,0.84658
0.80599,0.74765,0.91113,0.78181,0.86258,0.71071,0.71034,0.70518,0.688,0.96346,0.76859,0.97972,1,0.94876,0.96686,0.76969,0.68775,0.7091,0.69923,0.90897,0.77579,0.97296,0.90188,0.93964,0.71348,0.8965,0.75614,0.6887,0.72835,0.85807,0.93817,0.92865,0.81964,0.87304,0.75126,0.8626,0.98605,0.77564,0.97695,0.88641,0.85756,0.66731,0.72067,0.86226,0.67044,0.75581,0.93349,0.87506,0.8519,0.95636,0.85016
0.84824,0.78695,0.95564,0.7427,0.81959,0.67521,0.74775,0.74229,0.72423,0.97652,0.7302,0.94272,0.94876,1,0.96296,0.80997,0.72398,0.74639,0.73605,0.95539,0.81651,0.92518,0.85701,0.89426,0.75107,0.85191,0.71832,0.7249,0.76668,0.81503,0.97068,0.97458,0.86253,0.82941,0.79058,0.90752,0.93779,0.81642,0.94886,0.93115,0.90208,0.7024,0.75852,0.8192,0.70579,0.79553,0.88683,0.83115,0.8915,0.95982,0.89388
0.82427,0.76425,0.93404,0.76389,0.84332,0.69472,0.72619,0.72083,0.70342,0.97414,0.75151,0.96732,0.96686,0.96296,1,0.78676,0.70317,0.72486,0.71484,0.92801,0.79338,0.94736,0.88008,0.92122,0.72956,0.87469,0.73864,0.70435,0.74438,0.83644,0.9561,0.94284,0.83786,0.85301,0.76856,0.88183,0.95938,0.79295,0.97262,0.90709,0.87601,0.68233,0.73744,0.843,0.68575,0.77273,0.90951,0.85357,0.87052,0.96299,0.86958
0.9464,0.95751,0.84065,0.60247,0.6649,0.54791,0.9171,0.91048,0.88936,0.79587,0.59247,0.76626,0.76969,0.80997,0.78676,1,0.88902,0.9153,0.90335,0.8448,0.96723,0.75044,0.69534,0.72611,0.9209,0.69136,0.58278,0.88918,0.93805,0.66104,0.81338,0.82749,0.9327,0.67286,0.95496,0.88909,0.76058,0.9697,0.77256,0.86295,0.89399,0.86236,0.92722,0.66461,0.86734,0.96456,0.71937,0.67408,0.87674,0.79023,0.89842
0.8521,0.91815,0.7519,0.53796,0.59378,0.48915,0.96646,0.97285,0.98914,0.7114,0.52901,0.68472,0.68775,0.72398,0.70317,0.88902,1,0.96741,0.98054,0.75554,0.88498,0.67045,0.62102,0.64864,0.96112,0.61749,0.52032,0.97539,0.94301,0.5904,0.72747,0.73995,0.83795,0.60093,0.91005,0.79617,0.67955,0.88581,0.69033,0.77257,0.80083,0.96367,0.94718,0.59353,0.97248,0.9088,0.64262,0.60204,0.79012,0.70673,0.80582
0.87833,0.94557,0.77508,0.55465,0.61217,0.5043,0.98714,0.98751,0.96799,0.73345,0.54541,0.70592,0.7091,0.74639,0.72486,0.9153,0.96741,1,0.98223,0.77891,0.91222,0.69125,0.64027,0.6687,0.98269,0.63663,0.53645,0.96248,0.97098,0.60875,0.74994,0.76298,0.86379,0.61959,0.93609,0.82068,0.70065,0.91291,0.71168,0.79628,0.82566,0.93781,0.96873,0.61196,0.9437,0.93662,0.66261,0.62076,0.81359,0.72859,0.83061
0.86629,0.93325,0.7644,0.54693,0.60367,0.49728,0.98129,0.98738,0.98135,0.72325,0.53781,0.69611,0.69923,0.73605,0.71484,0.90335,0.98054,0.98223,1,0.76811,0.89981,0.68163,0.63135,0.65943,0.97533,0.62779,0.52898,0.97198,0.9587,0.60026,0.73958,0.75235,0.85197,0.61095,0.92452,0.80939,0.6909,0.90048,0.70183,0.78535,0.81425,0.95038,0.96065,0.60344,0.95731,0.92397,0.65337,0.61211,0.80276,0.71848,0.8192
0.88503,0.82112,0.97858,0.71156,0.78532,0.64692,0.78032,0.77458,0.7558,0.93907,0.69968,0.90473,0.90897,0.95539,0.92801,0.8448,0.75554,0.77891,0.76811,1,0.85218,0.88628,0.82103,0.85747,0.78379,0.81618,0.68815,0.75646,0.8,0.78061,0.95435,0.97251,0.8997,0.79472,0.82495,0.94595,0.89839,0.85191,0.91125,0.96586,0.93966,0.73301,0.79153,0.78503,0.73662,0.83009,0.84953,0.79613,0.92114,0.92854,0.93101
0.95902,0.95821,0.84824,0.60699,0.66999,0.5519,0.91375,0.90706,0.88538,0.80245,0.59693,0.77258,0.77579,0.81651,0.79338,0.96723,0.88498,0.91222,0.89981,0.85218,1,0.75631,0.70053,0.73194,0.91743,0.69652,0.58702,0.88545,0.93624,0.66599,0.82032,0.8344,0.94335,0.67804,0.95873,0.89746,0.76664,0.98204,0.77868,0.8709,0.90231,0.85854,0.92488,0.66983,0.863,0.96832,0.72496,0.67923,0.88408,0.79675,0.90754
0.78574,0.72889,0.88887,0.8019,0.88464,0.72901,0.69247,0.68744,0.67068,0.94038,0.78835,0.97127,0.97296,0.92518,0.94736,0.75044,0.67045,0.69125,0.68163,0.88628,0.75631,1,0.92462,0.96142,0.69554,0.91909,0.77559,0.67142,0.71002,0.87998,0.91633,0.90531,0.79905,0.89534,0.73246,0.84103,0.98443,0.75613,0.9634,0.86462,0.83608,0.65054,0.70262,0.88431,0.65359,0.73681,0.95675,0.89744,0.83202,0.93803,0.82903
0.72781,0.67512,0.82384,0.86478,0.95132,0.78642,0.64141,0.63671,0.62122,0.87162,0.85008,0.90437,0.90188,0.85701,0.88008,0.69534,0.62102,0.64027,0.63135,0.82103,0.70053,0.92462,1,0.95062,0.64429,0.97525,0.83658,0.62197,0.65765,0.94706,0.85018,0.83845,0.74012,0.9616,0.67854,0.77903,0.91273,0.70036,0.89635,0.80143,0.77439,0.60259,0.65087,0.95084,0.60541,0.68243,0.96147,0.96455,0.77303,0.87288,0.76815
0.76044,0.70511,0.8618,0.82817,0.91406,0.75315,0.6699,0.66497,0.64886,0.90961,0.81469,0.94456,0.93964,0.89426,0.92122,0.72611,0.64864,0.6687,0.65943,0.85747,0.73194,0.96142,0.95062,1,0.67299,0.94448,0.80076,0.64974,0.68678,0.90552,0.88795,0.87432,0.77312,0.92405,0.70907,0.81389,0.95098,0.73156,0.93624,0.83764,0.80873,0.62946,0.68019,0.91366,0.63249,0.71286,0.973,0.9241,0.80705,0.91016,0.80267
0.88369,0.95096,0.78007,0.55815,0.61608,0.50751,0.98492,0.98049,0.96153,0.73799,0.54887,0.71039,0.71348,0.75107,0.72956,0.9209,0.96112,0.98269,0.97533,0.78379,0.91743,0.69554,0.64429,0.67299,1,0.6406,0.53983,0.95749,0.97426,0.61248,0.7546,0.76753,0.86902,0.62345,0.94121,0.82586,0.70499,0.91838,0.71621,0.80139,0.83058,0.93131,0.97152,0.61581,0.93821,0.94156,0.66666,0.62458,0.81866,0.73305,0.8357
0.72363,0.67127,0.81895,0.86909,0.95428,0.79048,0.63776,0.63314,0.6177,0.86641,0.85429,0.89853,0.8965,0.85191,0.87469,0.69136,0.61749,0.63663,0.62779,0.81618,0.69652,0.91909,0.97525,0.94448,0.6406,1,0.84096,0.61847,0.65393,0.95128,0.84544,0.83366,0.73602,0.96312,0.67472,0.77465,0.90726,0.69637,0.89111,0.79681,0.77012,0.5992,0.64721,0.95442,0.60195,0.67859,0.95625,0.96835,0.76845,0.86835,0.76378
0.60991,0.56571,0.69085,0.96021,0.87462,0.93377,0.5374,0.53347,0.52049,0.73077,0.96864,0.75889,0.75614,0.71832,0.73864,0.58278,0.52032,0.53645,0.52898,0.68815,0.58702,0.77559,0.83658,0.80076,0.53983,0.84096,1,0.52121,0.55101,0.87954,0.71342,0.7027,0.62024,0.86429,0.56875,0.65295,0.76531,0.58685,0.75246,0.672,0.64901,0.50493,0.54546,0.87483,0.50725,0.57182,0.80882,0.86307,0.64983,0.73348,0.64403
0.85285,0.91736,0.75308,0.53887,0.59478,0.49002,0.96162,0.9665,0.9756,0.71237,0.52996,0.68578,0.6887,0.7249,0.70435,0.88918,0.97539,0.96248,0.97198,0.75646,0.88545,0.67142,0.62197,0.64974,0.95749,0.61847,0.52121,1,0.94098,0.59127,0.72858,0.7408,0.83873,0.60191,0.91028,0.79706,0.68053,0.88588,0.69146,0.77365,0.80177,0.95668,0.94579,0.59458,0.96411,0.90847,0.64358,0.60299,0.79111,0.70777,0.80682
0.90182,0.96906,0.79587,0.56969,0.62876,0.51797,0.97264,0.9665,0.94347,0.75331,0.56017,0.72499,0.72835,0.76668,0.74438,0.93805,0.94301,0.97098,0.9587,0.8,0.93624,0.71002,0.65765,0.68678,0.97426,0.65393,0.55101,0.94098,1,0.62532,0.77013,0.78374,0.88703,0.63635,0.95675,0.84283,0.71968,0.93712,0.73089,0.81759,0.84807,0.91403,0.97079,0.62854,0.91944,0.96077,0.6806,0.63763,0.83399,0.74817,0.85266
0.69189,0.64188,0.78291,0.90877,0.97398,0.82643,0.6098,0.6054,0.59061,0.82894,0.89252,0.85998,0.85807,0.81503,0.83644,0.66104,0.5904,0.60875,0.60026,0.78061,0.66599,0.87998,0.94706,0.90552,0.61248,0.95128,0.87954,0.59127,0.62532,1,0.80866,0.79778,0.70369,0.97202,0.64506,0.74062,0.86846,0.66583,0.85242,0.76173,0.73642,0.57293,0.61868,0.97509,0.57548,0.64884,0.91802,0.97859,0.7355,0.83114,0.73031
0.8519,0.79051,0.95751,0.73763,0.81385,0.6709,0.75125,0.74584,0.72775,0.96284,0.72552,0.93418,0.93817,0.97068,0.9561,0.81338,0.72747,0.74994,0.73958,0.95435,0.82032,0.91633,0.85018,0.88795,0.7546,0.84544,0.71342,0.72858,0.77013,0.80866,1,0.96632,0.86601,0.82355,0.79444,0.91022,0.92842,0.81997,0.94082,0.93388,0.90527,0.70594,0.76253,0.81363,0.70931,0.79933,0.87943,0.82486,0.8945,0.95165,0.89749
0.8666,0.80431,0.96687,0.7265,0.80148,0.66043,0.76427,0.75882,0.74024,0.9579,0.71419,0.92215,0.92865,0.97458,0.94284,0.82749,0.73995,0.76298,0.75235,0.97251,0.8344,0.90531,0.83845,0.87432,0.76753,0.83366,0.7027,0.7408,0.78374,0.79778,0.96632,1,0.88142,0.81137,0.80769,0.92656,0.9178,0.83428,0.92857,0.94739,0.92216,0.71797,0.775,0.80129,0.72123,0.81317,0.86814,0.81342,0.90592,0.94499,0.91234
0.97535,0.90983,0.89531,0.64128,0.70781,0.5831,0.86537,0.85925,0.83831,0.84763,0.63066,0.8159,0.81964,0.86253,0.83786,0.9327,0.83795,0.86379,0.85197,0.8997,0.94335,0.79905,0.74012,0.77312,0.86902,0.73602,0.62024,0.83873,0.88703,0.70369,0.86601,0.88142,1,0.71631,0.91319,0.94687,0.80999,0.94347,0.82264,0.91866,0.95252,0.813,0.87765,0.70762,0.81704,0.92032,0.76598,0.71768,0.92148,0.84121,0.95398
0.70445,0.65332,0.79797,0.89383,0.97941,0.81274,0.62065,0.61613,0.60114,0.84377,0.87884,0.87613,0.87304,0.82941,0.85301,0.67286,0.60093,0.61959,0.61095,0.79472,0.67804,0.89534,0.9616,0.92405,0.62345,0.96312,0.86429,0.60191,0.63635,0.97202,0.82355,0.81137,0.71631,1,0.65682,0.75406,0.88373,0.67778,0.86864,0.77603,0.74957,0.58316,0.63001,0.97937,0.58586,0.66048,0.93276,0.98243,0.74913,0.84589,0.74378
0.92769,0.96865,0.82156,0.58806,0.64908,0.53475,0.93771,0.93154,0.91048,0.77704,0.57836,0.74823,0.75126,0.79058,0.76856,0.95496,0.91005,0.93609,0.92452,0.82495,0.95873,0.73246,0.67854,0.70907,0.94121,0.67472,0.56875,0.91028,0.95675,0.64506,0.79444,0.80769,0.91319,0.65682,1,0.86884,0.74242,0.9586,0.75434,0.84348,0.87358,0.88354,0.94885,0.64886,0.88846,0.97136,0.70211,0.6579,0.85861,0.77172,0.87901
0.93167,0.86504,0.94136,0.6751,0.74517,0.61385,0.82222,0.81622,0.79645,0.89193,0.66391,0.85877,0.8626,0.90752,0.88183,0.88909,0.79617,0.82068,0.80939,0.94595,0.89746,0.84103,0.77903,0.81389,0.82586,0.77465,0.65295,0.79706,0.84283,0.74062,0.91022,0.92656,0.94687,0.75406,0.86884,1,0.85251,0.89743,0.86566,0.96214,0.9801,0.77244,0.83416,0.74488,0.77629,0.87467,0.80614,0.75537,0.93895,0.88406,0.97035
0.79648,0.73877,0.90097,0.79133,0.87312,0.71936,0.70187,0.69679,0.6798,0.95313,0.778,0.98045,0.98605,0.93779,0.95938,0.76058,0.67955,0.70065,0.6909,0.89839,0.76664,0.98443,0.91273,0.95098,0.70499,0.90726,0.76531,0.68053,0.71968,0.86846,0.92842,0.9178,0.80999,0.88373,0.74242,0.85251,1,0.76641,0.97355,0.87631,0.84757,0.65939,0.71218,0.87288,0.66246,0.74687,0.94497,0.88577,0.84259,0.94896,0.84032
0.95843,0.95974,0.84769,0.60676,0.66973,0.5517,0.91463,0.90798,0.88614,0.80219,0.59667,0.77214,0.77564,0.81642,0.79295,0.9697,0.88581,0.91291,0.90048,0.85191,0.98204,0.75613,0.70036,0.73156,0.91838,0.69637,0.58685,0.88588,0.93712,0.66583,0.81997,0.83428,0.94347,0.67778,0.9586,0.89743,0.76641,1,0.77852,0.87058,0.90249,0.85899,0.92578,0.66946,0.8637,0.97019,0.72474,0.67901,0.88362,0.79646,0.90701
0.80902,0.75038,0.91564,0.77801,0.85856,0.70762,0.71297,0.70777,0.69058,0.96253,0.76529,0.97467,0.97695,0.94886,0.97262,0.77256,0.69033,0.71168,0.70183,0.91125,0.77868,0.9634,0.89635,0.93624,0.71621,0.89111,0.75246,0.69146,0.73089,0.85242,0.94082,0.92857,0.82264,0.86864,0.75434,0.86566,0.97355,0.77852,1,0.89029,0.86059,0.66989,0.72382,0.85818,0.67314,0.75868,0.92636,0.86968,0.8552,0.95688,0.85355
0.90418,0.83919,0.96453,0.69487,0.76695,0.63192,0.79778,0.7919,0.77283,0.91593,0.68346,0.88314,0.88641,0.93115,0.90709,0.86295,0.77257,0.79628,0.78535,0.96586,0.8709,0.86462,0.80143,0.83764,0.80139,0.79681,0.672,0.77365,0.81759,0.76173,0.93388,0.94739,0.91866,0.77603,0.84348,0.96214,0.87631,0.87058,0.89029,1,0.95618,0.74969,0.80977,0.76666,0.7534,0.84861,0.82894,0.77705,0.93155,0.90738,0.94882
0.93661,0.87009,0.93474,0.67099,0.74051,0.61011,0.82706,0.82135,0.80119,0.88647,0.65989,0.85313,0.85756,0.90208,0.87601,0.89399,0.80083,0.82566,0.81425,0.93966,0.90231,0.83608,0.77439,0.80873,0.83058,0.77012,0.64901,0.80177,0.84807,0.73642,0.90527,0.92216,0.95252,0.74957,0.87358,0.9801,0.84757,0.90249,0.86059,0.95618,1,0.77713,0.83921,0.74029,0.78073,0.88041,0.8016,0.75106,0.93681,0.87922,0.9726
0.8266,0.89018,0.72959,0.52206,0.5762,0.47469,0.93634,0.94323,0.96372,0.69024,0.51339,0.66438,0.66731,0.7024,0.68233,0.86236,0.96367,0.93781,0.95038,0.73301,0.85854,0.65054,0.60259,0.62946,0.93131,0.5992,0.50493,0.95668,0.91403,0.57293,0.70594,0.71797,0.813,0.58316,0.88354,0.77244,0.65939,0.85899,0.66989,0.74969,0.77713,1,0.92022,0.576,0.97672,0.88158,0.62361,0.58424,0.76725,0.68587,0.78204
0.89197,0.95497,0.78843,0.56398,0.62256,0.51289,0.97052,0.96678,0.94784,0.74549,0.55472,0.7177,0.72067,0.75852,0.73744,0.92722,0.94718,0.96873,0.96065,0.79153,0.92488,0.70262,0.65087,0.68019,0.97152,0.64721,0.54546,0.94579,0.97079,0.61868,0.76253,0.775,0.87765,0.63001,0.94885,0.83416,0.71218,0.92578,0.72382,0.80977,0.83921,0.92022,1,0.62229,0.9263,0.94926,0.67348,0.63101,0.82655,0.74059,0.84427
0.69589,0.64528,0.78844,0.90476,0.98523,0.8229,0.61303,0.60853,0.59374,0.83351,0.88981,0.86582,0.86226,0.8192,0.843,0.66461,0.59353,0.61196,0.60344,0.78503,0.66983,0.88431,0.95084,0.91366,0.61581,0.95442,0.87483,0.59458,0.62854,0.97509,0.81363,0.80129,0.70762,0.97937,0.64886,0.74488,0.87288,0.66946,0.85818,0.76666,0.74029,0.576,0.62229,1,0.57868,0.6523,0.92142,0.97669,0.7402,0.83594,0.73475
0.83094,0.89539,0.73333,0.52447,0.57895,0.4769,0.94272,0.94902,0.97222,0.69355,0.51578,0.66761,0.67044,0.70579,0.68575,0.86734,0.97248,0.9437,0.95731,0.73662,0.863,0.65359,0.60541,0.63249,0.93821,0.60195,0.50725,0.96411,0.91944,0.57548,0.70931,0.72123,0.81704,0.58586,0.88846,0.77629,0.66246,0.8637,0.67314,0.7534,0.78073,0.97672,0.9263,0.57868,1,0.88609,0.62642,0.58687,0.77112,0.68904,0.78584
0.93526,0.97915,0.82616,0.59122,0.65256,0.53757,0.93819,0.9321,0.90934,0.78173,0.58143,0.75237,0.75581,0.79553,0.77273,0.96456,0.9088,0.93662,0.92397,0.83009,0.96832,0.73681,0.68243,0.71286,0.94156,0.67859,0.57182,0.90847,0.96077,0.64884,0.79933,0.81317,0.92032,0.66048,0.97136,0.87467,0.74687,0.97019,0.75868,0.84861,0.88041,0.88158,0.94926,0.6523,0.88609,1,0.70628,0.66169,0.86354,0.7764,0.88475
0.75312,0.69863,0.85207,0.83617,0.92134,0.76015,0.66373,0.65896,0.64285,0.90186,0.82196,0.93454,0.93349,0.88683,0.90951,0.71937,0.64262,0.66261,0.65337,0.84953,0.72496,0.95675,0.96147,0.973,0.66666,0.95625,0.80882,0.64358,0.6806,0.91802,0.87943,0.86814,0.76598,0.93276,0.70211,0.80614,0.94497,0.72474,0.92636,0.82894,0.8016,0.62361,0.67348,0.92142,0.62642,0.70628,1,0.93608,0.79888,0.90261,0.79483
0.70567,0.65455,0.7988,0.89219,0.97535,0.81112,0.62183,0.61734,0.60226,0.84544,0.87675,0.87734,0.87506,0.83115,0.85357,0.67408,0.60204,0.62076,0.61211,0.79613,0.67923,0.89744,0.96455,0.9241,0.62458,0.96835,0.86307,0.60299,0.63763,0.97859,0.82486,0.81342,0.71768,0.98243,0.6579,0.75537,0.88577,0.67901,0.86968,0.77705,0.75106,0.58424,0.63101,0.97669,0.58687,0.66169,0.93608,1,0.75,0.84757,0.74492
0.91191,0.85462,0.91944,0.67173,0.74055,0.61141,0.81488,0.80909,0.79044,0.87833,0.66087,0.84906,0.8519,0.8915,0.87052,0.87674,0.79012,0.81359,0.80276,0.92114,0.88408,0.83202,0.77303,0.80705,0.81866,0.76845,0.64983,0.79111,0.83399,0.7355,0.8945,0.90592,0.92148,0.74913,0.85861,0.93895,0.84259,0.88362,0.8552,0.93155,0.93681,0.76725,0.82655,0.7402,0.77112,0.86354,0.79888,0.75,1,0.87164,0.93546
0.82735,0.76792,0.93115,0.75828,0.83612,0.68976,0.72983,0.72458,0.70699,0.96521,0.74576,0.95242,0.95636,0.95982,0.96299,0.79023,0.70673,0.72859,0.71848,0.92854,0.79675,0.93803,0.87288,0.91016,0.73305,0.86835,0.73348,0.70777,0.74817,0.83114,0.95165,0.94499,0.84121,0.84589,0.77172,0.88406,0.94896,0.79646,0.95688,0.90738,0.87922,0.68587,0.74059,0.83594,0.68904,0.7764,0.90261,0.84757,0.87164,1,0.87189
0.94055,0.87486,0.928,0.6659,0.73496,0.60557,0.83202,0.82605,0.80616,0.8788,0.65495,0.84658,0.85016,0.89388,0.86958,0.89842,0.80582,0.83061,0.8192,0.93101,0.90754,0.82903,0.76815,0.80267,0.8357,0.76378,0.64403,0.80682,0.85266,0.73031,0.89749,0.91234,0.95398,0.74378,0.87901,0.97035,0.84032,0.90701,0.85355,0.94882,0.9726,0.78204,0.84427,0.73475,0.78584,0.88475,0.79483,0.74492,0.93546,0.87189,1
