1,0.78624,0.84965,0.94993,0.92922,0.83532,0.77635,0.84248,0.84155,0.87198,0.88747,0.82363,0.92525,0.77843,0.87704,0.96299,0.97311,0.98204,0.70003,0.57948,0.72727,0.88979,0.97398,0.87755,0.83203,0.86125,0.86414,0.95069,0.77444,0.71066,0.66867,0.88003,0.94074,0.76853,0.73426,0.89779,0.81534,0.96689,0.86269,0.60779,0.97413,0.94446,0.93983,0.75509,0.9217,0.85506,0.70481,0.78935,0.78389,0.84672,0.83056,0.83431,0.79442,0.89628,0.98753,0.69566,0.75656,0.91146,0.8468,0.61833,0.87698,0.88617,0.97626,0.80798,0.98992,0.93924,0.89979,0.79747,0.95614,0.98363,0.9337,0.83116,0.88848,0.88924,0.94593,0.9403,0.79069,0.97536,0.88353,0.82545,0.61233,0.86985,0.9633,0.90358,0.90443,0.78941,0.76736,0.67778,0.85595,0.86933,0.76287,0.81505,0.82085,0.93414,0.89041,0.97165,0.98648,0.84327,0.76327,0.8123,0.9639,0.86036,0.94932,0.83456,0.79799,0.89738,0.80313,0.98449,0.76323,0.78056,0.85623,0.92547,0.95482,0.85968,0.7105,0.93606,0.82505,0.88903,0.86798,0.87996,0.90899,0.9767,0.97177,0.81598,0.80257,0.87962,0.65214,0.84203,0.81302,0.7954,0.68272,0.83228,0.77249,0.96764,0.85816,0.94177,0.59689,0.9086,0.6317,0.84813,0.89353,0.69229,0.65513,0.63293,0.82263,0.77183,0.64236,0.96929,0.66197,0.64825,0.84645,0.79366,0.73691,0.63658,0.69877,0.78824,0.90672,0.90346,0.7304,0.73786,0.63353,0.71106,0.62241,0.90353,0.96958,0.62465,0.63456,0.86884,0.82168,0.73844,0.93367,0.66226,0.94003,0.81279,0.95968,0.97475,0.8426,0.63834,0.94318,0.81128,0.73055,0.89936,0.9051,0.85581,0.78114,0.6397,0.70977,0.94048,0.62965,0.93375,0.63476,0.95558,0.94082,0.90773,0.85493,0.63788,0.86482,0.8416,0.73501,0.95488,0.81978,0.68156,0.80837,0.6625,0.97338,0.7087,0.9867,0.63344,0.77207,0.92921,0.75819,0.72619,0.86143,0.90812,0.69252,0.94639,0.91871,0.95,0.81171,0.64557,0.63856,0.67033,0.63714,0.95508,0.95689,0.78587,0.77675,0.75413,0.93497,0.9876,0.67659,0.81116,0.78959,0.64526,0.77807,0.83606,0.76565,0.97286,0.69044,0.89475,0.63268,0.83679,0.85291,0.63108,0.85185,0.70471,0.73033,0.97966,0.89732,0.86528,0.65989,0.72764,0.94589,0.85433,0.94049,0.83086,0.66935,0.85304,0.64705,0.65,0.69144
0.78624,1,0.92478,0.7486,0.73181,0.93899,0.97399,0.93219,0.93048,0.68637,0.88465,0.95207,0.84801,0.9813,0.89387,0.76052,0.80593,0.7775,0.8898,0.73622,0.92373,0.88308,0.7696,0.89514,0.94369,0.91149,0.90918,0.7488,0.97512,0.90257,0.84939,0.89265,0.83467,0.97426,0.93182,0.7065,0.96055,0.8117,0.91015,0.77219,0.80368,0.83131,0.74061,0.95436,0.85201,0.91725,0.89462,0.98197,0.97463,0.92782,0.94492,0.94043,0.98387,0.87581,0.78347,0.88323,0.95959,0.71788,0.9265,0.78534,0.89484,0.88681,0.77087,0.96579,0.78672,0.83592,0.87327,0.98105,0.82152,0.79071,0.84115,0.94485,0.88407,0.8825,0.74529,0.74093,0.9845,0.76914,0.8891,0.95072,0.77747,0.90238,0.81441,0.71126,0.86798,0.97962,0.965,0.86057,0.91677,0.90362,0.96471,0.96076,0.95514,0.84107,0.88192,0.8071,0.78126,0.93129,0.96792,0.96635,0.76026,0.91314,0.74858,0.94107,0.97613,0.87454,0.96902,0.79107,0.96699,0.97541,0.91697,0.72848,0.82159,0.91355,0.90225,0.83918,0.95208,0.70015,0.90506,0.892,0.8646,0.80324,0.76712,0.95996,0.97157,0.89274,0.82808,0.93123,0.96342,0.98138,0.86725,0.93802,0.96766,0.76876,0.9136,0.83333,0.75825,0.86501,0.80204,0.66746,0.71354,0.8777,0.83101,0.8036,0.95266,0.97284,0.81619,0.78334,0.84043,0.82242,0.92606,0.9834,0.93013,0.80806,0.88669,0.97857,0.71537,0.86755,0.92493,0.93152,0.80423,0.90132,0.79051,0.71261,0.76824,0.79358,0.80605,0.88651,0.95103,0.93552,0.83917,0.84115,0.83575,0.95712,0.80572,0.80132,0.93224,0.81015,0.83219,0.96383,0.92653,0.86918,0.86843,0.6763,0.97345,0.81192,0.89904,0.74051,0.79882,0.73452,0.80654,0.81981,0.82766,0.86153,0.91793,0.81045,0.90583,0.92575,0.93306,0.80266,0.95724,0.86615,0.96509,0.84034,0.77644,0.89946,0.77765,0.80466,0.60816,0.84501,0.94944,0.91985,0.90897,0.71586,0.87863,0.75903,0.7284,0.82412,0.95229,0.81946,0.81149,0.85086,0.80886,0.752,0.75726,0.94053,0.9824,0.93562,0.84056,0.78866,0.85908,0.9593,0.98074,0.8182,0.97642,0.9375,0.96608,0.76752,0.87617,0.70669,0.80319,0.93823,0.90689,0.80091,0.92243,0.89366,0.92596,0.77302,0.87232,0.90742,0.83806,0.92289,0.75515,0.91905,0.83346,0.94284,0.84973,0.91618,0.82171,0.82564,0.87733
0.84965,0.92478,1,0.80872,0.7907,0.97839,0.91213,0.98638,0.97834,0.74154,0.95475,0.967,0.91577,0.91532,0.96344,0.8215,0.87074,0.83995,0.82357,0.6816,0.85554,0.95349,0.83141,0.96604,0.9764,0.97971,0.98038,0.80895,0.91031,0.83595,0.78655,0.96278,0.90166,0.90401,0.86359,0.76333,0.95737,0.8769,0.9793,0.71493,0.8681,0.89811,0.80013,0.88742,0.92061,0.98336,0.82881,0.92789,0.92058,0.98928,0.9753,0.97658,0.93414,0.94579,0.84651,0.81828,0.88985,0.77556,0.98483,0.72731,0.96473,0.95747,0.83295,0.94837,0.85003,0.90308,0.94341,0.93746,0.88776,0.85411,0.90882,0.97593,0.95442,0.95136,0.80513,0.8004,0.92963,0.83109,0.95908,0.9696,0.72011,0.9732,0.87976,0.76845,0.93645,0.92772,0.90122,0.79716,0.98213,0.97479,0.8966,0.95702,0.96415,0.90875,0.95206,0.87194,0.84403,0.98677,0.89773,0.95466,0.82129,0.98354,0.80861,0.9797,0.9375,0.94388,0.94276,0.85458,0.89769,0.91685,0.98176,0.78709,0.88759,0.98253,0.83565,0.90643,0.96949,0.7564,0.97542,0.96208,0.934,0.86804,0.82868,0.95781,0.94187,0.96413,0.76702,0.98339,0.95526,0.93495,0.80289,0.96839,0.90625,0.83017,0.97616,0.89999,0.70208,0.9343,0.74288,0.7211,0.7693,0.81367,0.77028,0.74429,0.96494,0.90713,0.75563,0.84531,0.77843,0.76196,0.9801,0.93249,0.86496,0.74848,0.8217,0.92584,0.77254,0.93549,0.8582,0.86663,0.74499,0.83591,0.73198,0.76961,0.82986,0.73468,0.74636,0.94123,0.96264,0.86797,0.90577,0.77888,0.90284,0.95009,0.86904,0.86549,0.98742,0.75045,0.89884,0.95241,0.85909,0.93552,0.93815,0.73009,0.91726,0.75208,0.83392,0.80005,0.74026,0.79374,0.74668,0.88532,0.89257,0.92848,0.98388,0.75035,0.97104,0.96744,0.86439,0.86547,0.96256,0.80171,0.94846,0.77888,0.83848,0.8334,0.8403,0.74505,0.65684,0.91253,0.8885,0.85354,0.97242,0.77315,0.81438,0.81883,0.7863,0.88967,0.94561,0.75918,0.75121,0.78819,0.7493,0.8125,0.81778,0.91058,0.91347,0.88073,0.90811,0.85197,0.79558,0.94938,0.92785,0.75827,0.91411,0.97853,0.89951,0.82922,0.81178,0.76303,0.74401,0.98043,0.95545,0.74204,0.99054,0.82849,0.85863,0.83516,0.93974,0.97785,0.77605,0.8557,0.81482,0.98708,0.89981,0.97255,0.78711,0.97276,0.76104,0.76453,0.81293
0.94993,0.7486,0.80872,1,0.97182,0.79484,0.73867,0.80183,0.80071,0.91626,0.84441,0.78372,0.88085,0.74073,0.83421,0.98055,0.92777,0.96166,0.66642,0.55147,0.69216,0.84725,0.97021,0.83525,0.79203,0.81983,0.8225,0.98807,0.73687,0.67634,0.63636,0.83813,0.89569,0.73145,0.6988,0.94312,0.77594,0.92147,0.82117,0.57842,0.92991,0.89969,0.98541,0.71849,0.87682,0.8137,0.67073,0.75117,0.74572,0.80597,0.79045,0.7942,0.75608,0.85283,0.95258,0.662,0.72002,0.95746,0.80577,0.58838,0.83459,0.84359,0.96846,0.76871,0.95021,0.89388,0.85622,0.75906,0.91007,0.9456,0.88855,0.7912,0.84563,0.8469,0.98841,0.98571,0.75254,0.97118,0.84151,0.78558,0.58264,0.82755,0.91817,0.94888,0.86179,0.75117,0.73012,0.64498,0.81467,0.82726,0.72603,0.77557,0.78114,0.88884,0.84741,0.92663,0.95639,0.80261,0.72648,0.77323,0.98177,0.81904,0.98607,0.79442,0.75923,0.85394,0.76403,0.94525,0.72644,0.74267,0.81544,0.97083,0.90968,0.81821,0.6762,0.8917,0.78543,0.93424,0.82649,0.83759,0.86511,0.9294,0.97415,0.77656,0.76386,0.83689,0.62053,0.80122,0.77366,0.75703,0.6501,0.79249,0.73585,0.9683,0.81802,0.89777,0.56811,0.86516,0.60112,0.89128,0.92706,0.65898,0.62326,0.60237,0.78289,0.7345,0.61136,0.95054,0.63004,0.61718,0.80608,0.75585,0.70173,0.60593,0.6649,0.7502,0.95322,0.86122,0.69549,0.70191,0.60287,0.67657,0.59243,0.94879,0.96709,0.59467,0.60395,0.82973,0.78161,0.70286,0.89031,0.63041,0.89523,0.77429,0.92502,0.93243,0.80199,0.60765,0.89905,0.77193,0.69534,0.85823,0.86156,0.89854,0.7431,0.60897,0.67577,0.98695,0.59903,0.97753,0.60418,0.91183,0.90049,0.86524,0.81387,0.60711,0.82387,0.80215,0.69967,0.92218,0.78051,0.64884,0.76921,0.6303,0.95769,0.67454,0.96112,0.60287,0.81175,0.88552,0.72208,0.69099,0.82094,0.95447,0.65891,0.95655,0.95625,0.90746,0.77351,0.61426,0.6078,0.63805,0.60625,0.99088,0.98037,0.74944,0.73945,0.71857,0.89023,0.94859,0.64416,0.77234,0.75135,0.6143,0.74063,0.79539,0.72879,0.9738,0.65728,0.93922,0.60201,0.7965,0.81359,0.60044,0.81077,0.67057,0.69509,0.96761,0.85555,0.82334,0.6281,0.69239,0.96465,0.81288,0.89725,0.79097,0.63715,0.8126,0.61579,0.61859,0.65817
0.92922,0.73181,0.7907,0.97182,1,0.7773,0.72251,0.78403,0.78316,0.93526,0.82582,0.76642,0.86147,0.7244,0.81611,0.95799,0.90689,0.93904,0.65157,0.53934,0.67685,0.82822,0.9483,0.81667,0.77434,0.80157,0.80425,0.97201,0.72068,0.6614,0.62231,0.81915,0.8758,0.71525,0.68333,0.96139,0.75877,0.90064,0.80288,0.56568,0.90878,0.87949,0.97808,0.70274,0.85761,0.79579,0.65594,0.73458,0.72945,0.78804,0.77297,0.77651,0.73928,0.83412,0.93189,0.64746,0.70408,0.97282,0.78803,0.57549,0.81617,0.82465,0.94692,0.75186,0.92872,0.8742,0.83732,0.74218,0.88985,0.92373,0.86894,0.77349,0.82683,0.82779,0.97488,0.97807,0.73587,0.94932,0.82253,0.76818,0.56989,0.80944,0.89759,0.96648,0.84218,0.73465,0.7141,0.6308,0.79651,0.80893,0.70996,0.75846,0.76392,0.86919,0.82866,0.90566,0.9347,0.78473,0.71037,0.75601,0.95894,0.80073,0.97056,0.77668,0.74256,0.83499,0.74733,0.92365,0.71033,0.72642,0.79706,0.98253,0.88952,0.8,0.66125,0.87149,0.76788,0.95205,0.80791,0.81903,0.84586,0.90946,0.95127,0.75939,0.7469,0.81853,0.60692,0.78364,0.75655,0.74026,0.63561,0.77485,0.71933,0.94631,0.79935,0.87722,0.5556,0.84568,0.58793,0.91003,0.93295,0.64446,0.60967,0.5891,0.76561,0.71832,0.59787,0.92794,0.61614,0.60349,0.78804,0.7389,0.68615,0.59255,0.65029,0.73366,0.96633,0.84161,0.68001,0.68667,0.58966,0.66175,0.57936,0.96405,0.94727,0.58149,0.59063,0.81153,0.76456,0.68736,0.87017,0.61644,0.87503,0.75693,0.9032,0.91144,0.78417,0.59427,0.87859,0.75493,0.68001,0.83871,0.84227,0.91475,0.7269,0.5955,0.66072,0.98062,0.58598,0.98416,0.59081,0.89107,0.87981,0.8463,0.79571,0.5937,0.80535,0.78406,0.68414,0.90207,0.76306,0.6344,0.75232,0.61656,0.93719,0.65964,0.93957,0.58956,0.82894,0.86533,0.70612,0.67585,0.80244,0.96903,0.64448,0.94233,0.9598,0.88643,0.7562,0.60078,0.59437,0.62394,0.59296,0.96961,0.95948,0.73291,0.72296,0.70275,0.87016,0.92654,0.62991,0.75527,0.7348,0.60073,0.72419,0.77796,0.71269,0.95123,0.64273,0.95342,0.5888,0.77874,0.79546,0.58734,0.79271,0.65584,0.67976,0.94503,0.83622,0.80522,0.61423,0.6772,0.9504,0.79494,0.87666,0.77344,0.6231,0.79451,0.60222,0.60495,0.64359
0.83532,0.93899,0.97839,0.79484,0.7773,1,0.92768,0.98464,0.98499,0.72882,0.94015,0.98211,0.90057,0.93106,0.95077,0.80725,0.85604,0.8255,0.83735,0.69346,0.87,0.93655,0.81702,0.9503,0.98553,0.96671,0.96402,0.79529,0.92649,0.8502,0.8001,0.94628,0.88657,0.91906,0.87849,0.7504,0.97265,0.8621,0.96584,0.72733,0.85351,0.88241,0.78632,0.903,0.90557,0.97212,0.84342,0.94378,0.93723,0.98101,0.98413,0.9845,0.95017,0.93064,0.83239,0.83215,0.90498,0.7622,0.98299,0.7398,0.95119,0.94138,0.81849,0.96581,0.83559,0.8883,0.92726,0.95263,0.87273,0.83939,0.8938,0.98643,0.939,0.9362,0.79138,0.78674,0.94487,0.8168,0.94245,0.98333,0.73272,0.95905,0.86474,0.75538,0.92067,0.94361,0.91764,0.81095,0.97215,0.96,0.91249,0.97387,0.97854,0.89359,0.93681,0.85707,0.82989,0.98474,0.91283,0.96954,0.80727,0.96799,0.79491,0.98438,0.95425,0.92956,0.96007,0.83974,0.91276,0.93337,0.96818,0.77375,0.87265,0.9695,0.85019,0.89073,0.98005,0.74333,0.95877,0.9468,0.91819,0.85364,0.81449,0.97418,0.95901,0.94817,0.78029,0.98259,0.97093,0.95088,0.81607,0.97385,0.91954,0.81569,0.96035,0.88432,0.7141,0.91814,0.75586,0.7088,0.75618,0.82746,0.78389,0.75712,0.98002,0.92285,0.76864,0.83021,0.7918,0.77474,0.97424,0.94606,0.87884,0.76123,0.83599,0.94156,0.75905,0.91922,0.87205,0.88246,0.75796,0.85072,0.74447,0.75633,0.81568,0.74707,0.75916,0.92962,0.98057,0.88276,0.89034,0.79205,0.88742,0.95949,0.85336,0.85067,0.98491,0.76321,0.88306,0.96965,0.87329,0.91931,0.92222,0.71738,0.93415,0.76471,0.8477,0.78638,0.75342,0.78042,0.75949,0.87002,0.87678,0.91316,0.97184,0.76326,0.95658,0.96315,0.87916,0.85056,0.97491,0.81522,0.9648,0.79272,0.82418,0.84754,0.82613,0.75789,0.64547,0.89646,0.90217,0.86858,0.9568,0.75988,0.82867,0.80485,0.77287,0.87394,0.95369,0.77246,0.76393,0.80165,0.76246,0.79866,0.80351,0.92029,0.92812,0.8936,0.8926,0.83739,0.80869,0.96164,0.94452,0.77106,0.92922,0.9904,0.91514,0.81494,0.8254,0.74979,0.75715,0.98845,0.9471,0.75513,0.97822,0.84307,0.87341,0.82087,0.92342,0.96405,0.7893,0.87054,0.80068,0.97667,0.88395,0.97837,0.80044,0.96311,0.77409,0.77783,0.82669
0.77635,0.97399,0.91213,0.73867,0.72251,0.92768,1,0.92043,0.92072,0.6774,0.87392,0.94097,0.83762,0.9856,0.88406,0.75026,0.79555,0.76716,0.89972,0.74592,0.93484,0.87107,0.75947,0.88373,0.93039,0.89964,0.89737,0.73907,0.98613,0.91416,0.8604,0.88003,0.82406,0.98197,0.94334,0.69732,0.94951,0.80113,0.89845,0.78232,0.79314,0.8202,0.73073,0.96925,0.84162,0.90598,0.90636,0.97712,0.9817,0.91552,0.93307,0.92801,0.97242,0.86521,0.77363,0.8952,0.97038,0.70838,0.91554,0.79605,0.88384,0.87503,0.76076,0.95851,0.77641,0.82562,0.86223,0.96907,0.81089,0.78011,0.83062,0.93157,0.8728,0.87051,0.73543,0.73104,0.97572,0.75908,0.8765,0.93874,0.78824,0.89191,0.80374,0.70197,0.85569,0.97724,0.97801,0.87228,0.90509,0.89223,0.97388,0.9505,0.94422,0.8304,0.87055,0.79658,0.77115,0.91929,0.97642,0.95258,0.75016,0.90065,0.73882,0.92823,0.96964,0.86358,0.96354,0.7806,0.9754,0.98403,0.9036,0.71905,0.81116,0.90188,0.91347,0.82792,0.93781,0.6908,0.89244,0.88104,0.85337,0.79332,0.75701,0.94831,0.96098,0.88205,0.83943,0.92078,0.9529,0.97152,0.87639,0.92625,0.96321,0.75819,0.89879,0.82188,0.76811,0.85338,0.81293,0.65869,0.70391,0.88831,0.84298,0.81413,0.94184,0.98131,0.8267,0.77201,0.85115,0.83226,0.91305,0.96647,0.93829,0.81814,0.89892,0.97665,0.70552,0.85519,0.93322,0.94752,0.81515,0.9146,0.80042,0.70304,0.75831,0.80325,0.81643,0.87421,0.94297,0.94626,0.82794,0.85137,0.82472,0.94264,0.79383,0.79074,0.92013,0.8203,0.82095,0.95484,0.93837,0.85627,0.85702,0.66698,0.98335,0.8217,0.90839,0.73077,0.81033,0.72521,0.81662,0.80872,0.81581,0.85028,0.90592,0.82081,0.89312,0.9119,0.94303,0.79161,0.94316,0.87622,0.9572,0.85255,0.7662,0.91085,0.76767,0.81485,0.5999,0.83335,0.9534,0.93323,0.89557,0.70624,0.89109,0.74882,0.71858,0.81255,0.93836,0.83079,0.82163,0.86153,0.82,0.74219,0.74689,0.93308,0.98009,0.93862,0.82948,0.77816,0.86887,0.94813,0.97584,0.828,0.97535,0.92763,0.97435,0.75737,0.88649,0.69712,0.81425,0.92566,0.89401,0.81225,0.91026,0.90626,0.93777,0.76283,0.85985,0.89645,0.84867,0.93564,0.74464,0.90802,0.82179,0.93102,0.86041,0.90351,0.83261,0.83636,0.88774
0.84248,0.93219,0.98638,0.80183,0.78403,0.98464,0.92043,1,0.98466,0.73522,0.94759,0.9751,0.90888,0.92326,0.95717,0.81445,0.86353,0.83277,0.83065,0.68759,0.86289,0.94544,0.82434,0.95874,0.98296,0.97485,0.97343,0.80213,0.91838,0.84325,0.79336,0.95489,0.89429,0.91187,0.87106,0.75684,0.96601,0.86959,0.97388,0.72119,0.86086,0.89025,0.79323,0.89561,0.91307,0.97779,0.83608,0.93586,0.92875,0.98969,0.98265,0.98435,0.94227,0.93838,0.83949,0.8254,0.89755,0.76891,0.98593,0.73367,0.95789,0.94978,0.82569,0.95693,0.84269,0.89585,0.93559,0.9458,0.88004,0.84682,0.90138,0.9827,0.9471,0.94432,0.79827,0.79355,0.93768,0.82392,0.95126,0.97713,0.72647,0.96672,0.87233,0.76189,0.92879,0.93588,0.90938,0.80418,0.97826,0.96766,0.90449,0.96561,0.97268,0.90119,0.94413,0.86465,0.837,0.99153,0.90557,0.96305,0.81428,0.97642,0.80188,0.98589,0.94555,0.9364,0.95093,0.84734,0.90535,0.92524,0.97747,0.78041,0.88039,0.97742,0.84291,0.89872,0.97614,0.74983,0.96772,0.95561,0.92616,0.86074,0.8217,0.96599,0.95021,0.95673,0.77372,0.98767,0.96352,0.94343,0.80979,0.97317,0.91366,0.823,0.97064,0.89223,0.70819,0.92649,0.74939,0.71495,0.76285,0.82066,0.77695,0.75081,0.97384,0.91508,0.76226,0.83807,0.78521,0.76853,0.98061,0.94053,0.87229,0.75491,0.8289,0.93452,0.76592,0.92769,0.86547,0.87446,0.75151,0.84341,0.73831,0.76309,0.82289,0.74107,0.75288,0.93629,0.97078,0.87554,0.89846,0.78565,0.89526,0.95673,0.86164,0.85826,0.9931,0.75699,0.89126,0.96114,0.86674,0.92791,0.93037,0.72386,0.92549,0.75853,0.84094,0.79323,0.74678,0.78701,0.75315,0.87782,0.88503,0.92154,0.98012,0.75688,0.96526,0.96791,0.87193,0.8582,0.97064,0.80866,0.95712,0.78577,0.83147,0.84073,0.83318,0.75149,0.65119,0.9048,0.89578,0.8612,0.96672,0.76665,0.82149,0.81198,0.7796,0.88215,0.95154,0.76583,0.75774,0.79503,0.75584,0.8056,0.8108,0.91607,0.92135,0.88753,0.90047,0.84475,0.80242,0.95703,0.93571,0.76473,0.92168,0.98602,0.90771,0.82212,0.81876,0.75663,0.75052,0.98684,0.95237,0.7486,0.9867,0.83589,0.86622,0.82806,0.93194,0.9717,0.78288,0.86314,0.8079,0.98324,0.89205,0.98042,0.79393,0.96999,0.7677,0.77119,0.81987
0.84155,0.93048,0.97834,0.80071,0.78316,0.98499,0.92072,0.98466,1,0.73427,0.94746,0.97411,0.90791,0.92334,0.95819,0.81314,0.86247,0.83154,0.83062,0.68822,0.86307,0.94225,0.82299,0.95673,0.97959,0.97348,0.96885,0.8013,0.91926,0.84354,0.79383,0.95185,0.89337,0.91147,0.87156,0.75604,0.96573,0.86856,0.97236,0.72178,0.85988,0.88846,0.79204,0.89644,0.91239,0.97568,0.83694,0.9361,0.93037,0.98257,0.97664,0.98192,0.94218,0.93746,0.83883,0.82562,0.89775,0.76783,0.98723,0.73409,0.95818,0.94744,0.82424,0.95873,0.84162,0.89527,0.93335,0.94497,0.87889,0.84553,0.90041,0.97836,0.9459,0.94291,0.79728,0.79255,0.93683,0.82275,0.94796,0.97511,0.72723,0.9655,0.8711,0.76108,0.92695,0.9364,0.91116,0.80475,0.97759,0.96612,0.90553,0.96653,0.97102,0.90005,0.94294,0.86344,0.83623,0.98377,0.90544,0.96144,0.81315,0.97203,0.80104,0.97842,0.94652,0.93635,0.9529,0.8458,0.90515,0.92676,0.97236,0.77959,0.87931,0.97581,0.84354,0.89701,0.97094,0.74866,0.96385,0.95424,0.92456,0.86004,0.82063,0.96649,0.95165,0.95414,0.77429,0.98301,0.96301,0.94348,0.8096,0.97046,0.91222,0.82142,0.96246,0.89033,0.70861,0.92444,0.75009,0.71416,0.76148,0.82105,0.77783,0.75126,0.97333,0.91567,0.76276,0.83596,0.78567,0.76874,0.97619,0.93845,0.87219,0.75529,0.82958,0.93543,0.76458,0.92469,0.86516,0.8761,0.75221,0.84438,0.73869,0.76199,0.82171,0.74132,0.75335,0.93285,0.97382,0.87591,0.89695,0.786,0.89381,0.95301,0.85912,0.85704,0.98451,0.75738,0.88928,0.96252,0.86654,0.9246,0.92864,0.72259,0.92728,0.75878,0.84091,0.79222,0.74778,0.78631,0.75356,0.87616,0.88259,0.91987,0.97719,0.75733,0.96127,0.96213,0.87233,0.85639,0.96753,0.80883,0.95839,0.7868,0.83037,0.84098,0.83229,0.75197,0.65023,0.90266,0.89539,0.86219,0.95962,0.76567,0.8223,0.81061,0.77837,0.88006,0.94806,0.76663,0.75796,0.79544,0.75668,0.80462,0.80934,0.91445,0.92061,0.88715,0.89899,0.84354,0.80233,0.95593,0.93658,0.76505,0.92143,0.98716,0.90846,0.82085,0.81892,0.75543,0.75141,0.98522,0.94801,0.7495,0.98149,0.83679,0.86673,0.82693,0.9288,0.97061,0.78332,0.86378,0.80636,0.98197,0.88997,0.97469,0.7943,0.96571,0.76822,0.77182,0.82011
0.87198,0.68637,0.74154,0.91626,0.93526,0.72882,0.6774,0.73522,0.73427,1,0.77433,0.71863,0.80799,0.67918,0.76511,0.90196,0.851,0.88234,0.61102,0.50563,0.63464,0.77691,0.89135,0.76589,0.7262,0.75174,0.75423,0.91572,0.67564,0.62013,0.58346,0.7685,0.82149,0.67066,0.64068,0.9693,0.71148,0.84505,0.75296,0.53034,0.85297,0.82521,0.92598,0.65883,0.80424,0.74625,0.61497,0.68876,0.68384,0.73904,0.72487,0.72824,0.69321,0.78212,0.87477,0.60703,0.66018,0.95486,0.73887,0.53951,0.76528,0.77344,0.88982,0.70487,0.87186,0.8199,0.78522,0.69598,0.83476,0.86762,0.81494,0.72539,0.77541,0.77659,0.92022,0.92552,0.68999,0.89187,0.7716,0.7203,0.53424,0.75892,0.84226,0.96287,0.79021,0.68877,0.66947,0.5914,0.74698,0.75853,0.66566,0.71112,0.71629,0.81521,0.77713,0.84997,0.87759,0.7359,0.66611,0.70896,0.90217,0.75098,0.91577,0.72843,0.69619,0.78302,0.7006,0.86723,0.66607,0.68102,0.74771,0.94078,0.83448,0.75024,0.61997,0.81762,0.72017,0.97704,0.75785,0.76814,0.7933,0.85304,0.89424,0.71203,0.70034,0.76751,0.56899,0.7348,0.70936,0.69413,0.59614,0.72685,0.67491,0.89137,0.75022,0.82329,0.52092,0.79327,0.55116,0.97041,0.92608,0.6043,0.57149,0.55234,0.71787,0.67348,0.56055,0.87433,0.57771,0.56601,0.7392,0.6931,0.64361,0.55564,0.60965,0.68795,0.95695,0.78992,0.63782,0.64365,0.55279,0.62036,0.54324,0.95866,0.8913,0.54528,0.55378,0.76247,0.71674,0.6445,0.8167,0.57806,0.82091,0.71018,0.84988,0.85565,0.7354,0.55723,0.82455,0.70781,0.63767,0.78741,0.78998,0.96124,0.6814,0.55846,0.61974,0.9265,0.54927,0.93282,0.55395,0.83647,0.82677,0.79401,0.74632,0.55665,0.75565,0.73592,0.64151,0.84936,0.71567,0.59491,0.70536,0.57794,0.88166,0.6185,0.88196,0.55276,0.88486,0.81205,0.6624,0.63361,0.7531,0.95658,0.60416,0.89478,0.93069,0.83239,0.70965,0.56322,0.55732,0.58507,0.55587,0.91231,0.90519,0.68814,0.67802,0.65948,0.81627,0.86998,0.59072,0.70837,0.68892,0.56338,0.67912,0.72938,0.66826,0.89396,0.60271,0.96166,0.55196,0.73028,0.74691,0.55056,0.74339,0.61484,0.63736,0.88765,0.78487,0.75498,0.57594,0.63487,0.9022,0.74535,0.82294,0.72544,0.58426,0.74543,0.56464,0.56716,0.60352
0.88747,0.88465,0.95475,0.84441,0.82582,0.94015,0.87392,0.94759,0.94746,0.77433,1,0.92711,0.95604,0.87643,0.98396,0.85744,0.90927,0.87685,0.78818,0.65266,0.81893,0.98301,0.86783,0.98389,0.93611,0.96771,0.97011,0.84498,0.8721,0.80026,0.75302,0.98156,0.94188,0.86522,0.82688,0.79732,0.91768,0.91582,0.96989,0.68452,0.90656,0.93647,0.83522,0.85025,0.96121,0.96027,0.79381,0.88863,0.88254,0.95219,0.93387,0.93863,0.89445,0.98428,0.88444,0.78326,0.8519,0.80969,0.95328,0.69627,0.9851,0.98809,0.86923,0.90981,0.8876,0.94365,0.98113,0.89769,0.92672,0.89145,0.94891,0.9351,0.98835,0.98238,0.84079,0.83579,0.88995,0.86763,0.98229,0.92901,0.68963,0.97731,0.91845,0.80259,0.97372,0.88873,0.86415,0.76326,0.96234,0.97739,0.85917,0.91777,0.92388,0.94885,0.98687,0.91033,0.88174,0.94839,0.85933,0.91431,0.85756,0.96637,0.84452,0.93846,0.89846,0.98405,0.9043,0.89185,0.85918,0.87901,0.96064,0.82211,0.92674,0.96689,0.80022,0.94563,0.92787,0.78957,0.97303,0.98413,0.97394,0.90685,0.86535,0.91858,0.90364,0.98347,0.73438,0.94669,0.91523,0.89553,0.7684,0.93394,0.86807,0.86599,0.95813,0.93814,0.67215,0.97315,0.71141,0.75313,0.80168,0.77917,0.73772,0.7126,0.92603,0.86896,0.72344,0.88086,0.74533,0.72953,0.95019,0.89264,0.8287,0.71658,0.78689,0.88741,0.80623,0.96823,0.82163,0.83089,0.71344,0.8008,0.70076,0.80344,0.86622,0.70329,0.71454,0.94609,0.92503,0.8313,0.94436,0.74561,0.94223,0.91209,0.90463,0.90342,0.94765,0.71859,0.93702,0.91352,0.82221,0.96445,0.97766,0.7617,0.8796,0.72,0.79843,0.83545,0.70913,0.8292,0.71478,0.92332,0.92821,0.96348,0.96019,0.71834,0.96566,0.93986,0.82765,0.9008,0.92213,0.76744,0.91004,0.74614,0.87522,0.79789,0.87769,0.71329,0.68573,0.95061,0.85177,0.81774,0.96019,0.80734,0.7799,0.85361,0.82031,0.9271,0.90941,0.727,0.71901,0.75466,0.71757,0.84853,0.85328,0.87774,0.87418,0.84558,0.9477,0.88954,0.76154,0.91155,0.88909,0.72605,0.87541,0.94099,0.86209,0.86562,0.77714,0.79634,0.7126,0.94162,0.9436,0.71077,0.95814,0.79364,0.8223,0.87204,0.96844,0.97324,0.74303,0.81942,0.84959,0.96144,0.93755,0.9333,0.75359,0.95339,0.72861,0.73204,0.77824
0.82363,0.95207,0.967,0.78372,0.76642,0.98211,0.94097,0.9751,0.97411,0.71863,0.92711,1,0.88826,0.94429,0.93737,0.79602,0.84403,0.81394,0.84936,0.70333,0.88252,0.92389,0.80565,0.93737,0.98308,0.95368,0.95142,0.78412,0.93946,0.86244,0.81153,0.93344,0.87423,0.93225,0.89098,0.73985,0.98378,0.85,0.95284,0.73768,0.84158,0.87018,0.77531,0.91584,0.89275,0.95978,0.85528,0.95689,0.94976,0.96988,0.98359,0.98006,0.96323,0.91772,0.82068,0.84414,0.91796,0.75151,0.97047,0.75043,0.93755,0.92843,0.80705,0.97808,0.82383,0.87576,0.91461,0.96598,0.86038,0.82769,0.88118,0.98462,0.92592,0.9231,0.78029,0.77568,0.95825,0.80536,0.92978,0.98861,0.74316,0.94586,0.85263,0.74478,0.90794,0.95652,0.93022,0.82251,0.95942,0.94659,0.92529,0.98574,0.98872,0.88103,0.9235,0.84504,0.8182,0.97395,0.92577,0.98135,0.79594,0.95519,0.78373,0.98088,0.96693,0.91636,0.97239,0.8281,0.92549,0.9462,0.95725,0.76289,0.86043,0.95643,0.86231,0.87846,0.98602,0.73292,0.94641,0.93409,0.90542,0.84162,0.80312,0.98415,0.97056,0.93534,0.79144,0.97404,0.98339,0.96396,0.82771,0.97089,0.93145,0.80433,0.95053,0.87197,0.72433,0.90544,0.76662,0.69886,0.74591,0.83908,0.79492,0.76785,0.98755,0.93569,0.77965,0.81888,0.80306,0.78569,0.96516,0.95851,0.89113,0.772,0.84792,0.9544,0.7485,0.90679,0.8843,0.89458,0.76873,0.86272,0.75509,0.74584,0.80432,0.75778,0.76998,0.92017,0.98674,0.89523,0.87813,0.80338,0.87502,0.96723,0.84189,0.83888,0.97446,0.77409,0.87085,0.98142,0.88577,0.90745,0.90931,0.70745,0.94675,0.77561,0.85946,0.77533,0.76406,0.76939,0.7703,0.85793,0.865,0.90106,0.95965,0.77413,0.94539,0.9574,0.89153,0.83905,0.98333,0.82693,0.97691,0.80393,0.81279,0.85972,0.81447,0.76867,0.63645,0.8841,0.91407,0.88089,0.94694,0.74929,0.84041,0.79385,0.76215,0.86196,0.96,0.78341,0.77489,0.81302,0.77324,0.78744,0.79235,0.92842,0.94115,0.90436,0.88009,0.82569,0.82041,0.97093,0.95699,0.78186,0.94162,0.98144,0.92778,0.80353,0.83711,0.73938,0.76784,0.97952,0.93936,0.76587,0.96527,0.85505,0.88578,0.80936,0.91118,0.95082,0.80062,0.88302,0.78972,0.96303,0.87186,0.97803,0.8119,0.95393,0.78516,0.78887,0.83832
0.92525,0.84801,0.91577,0.88085,0.86147,0.90057,0.83762,0.90888,0.90791,0.80799,0.95604,0.88826,1,0.83974,0.9447,0.89448,0.94832,0.91461,0.75542,0.62546,0.78476,0.95805,0.90531,0.9461,0.89733,0.92916,0.93171,0.88139,0.83552,0.76689,0.72153,0.94797,0.97976,0.82919,0.79224,0.83172,0.87977,0.9544,0.93046,0.65597,0.9444,0.97315,0.87128,0.81496,0.9858,0.92154,0.76055,0.85142,0.84567,0.91337,0.89581,0.90026,0.85705,0.96422,0.92235,0.75073,0.81631,0.84483,0.91316,0.66729,0.94477,0.95453,0.90644,0.87155,0.92512,0.98157,0.96778,0.86038,0.96417,0.92961,0.98419,0.89627,0.95764,0.95765,0.87704,0.87173,0.85291,0.90487,0.9513,0.89027,0.66088,0.93769,0.95718,0.83733,0.97117,0.85173,0.82791,0.7315,0.92265,0.93701,0.82305,0.87925,0.88553,0.98299,0.9577,0.9494,0.91944,0.90943,0.82362,0.87633,0.89424,0.92725,0.88136,0.89995,0.86073,0.9642,0.8662,0.93009,0.82341,0.84229,0.92309,0.85757,0.966,0.92734,0.76667,0.9807,0.88952,0.82365,0.93578,0.94936,0.97628,0.94465,0.90278,0.88011,0.86559,0.94765,0.70376,0.90829,0.87697,0.85834,0.73676,0.89675,0.83308,0.90296,0.92442,0.97394,0.64419,0.97685,0.68166,0.78579,0.83464,0.74688,0.70678,0.68298,0.8873,0.83269,0.69332,0.91828,0.71434,0.69944,0.9126,0.8564,0.79483,0.68685,0.754,0.85092,0.84127,0.96687,0.78795,0.79606,0.68367,0.76734,0.67163,0.83828,0.9034,0.67418,0.68485,0.92694,0.886,0.79672,0.97854,0.7148,0.97926,0.87608,0.94158,0.9421,0.90907,0.68885,0.97525,0.87521,0.78852,0.96098,0.97394,0.79467,0.84261,0.69023,0.76554,0.87156,0.67941,0.86481,0.68502,0.96081,0.9613,0.97051,0.9223,0.6884,0.93151,0.90589,0.79326,0.93549,0.8844,0.73548,0.8721,0.71488,0.91249,0.76479,0.91523,0.68351,0.71554,0.98323,0.81735,0.78366,0.92768,0.84247,0.74725,0.88909,0.85485,0.96495,0.87438,0.69669,0.68918,0.72335,0.68757,0.88515,0.89019,0.8447,0.83819,0.81218,0.98352,0.92755,0.73008,0.87487,0.85156,0.69607,0.83907,0.90174,0.82628,0.90292,0.74497,0.8311,0.68271,0.90254,0.91434,0.68105,0.91869,0.7605,0.78809,0.90958,0.96071,0.93294,0.71224,0.78513,0.88539,0.92121,0.97231,0.89661,0.72236,0.91841,0.69839,0.70143,0.74593
0.77843,0.9813,0.91532,0.74073,0.7244,0.93106,0.9856,0.92326,0.92334,0.67918,0.87643,0.94429,0.83974,1,0.8865,0.75242,0.79774,0.76931,0.89845,0.74423,0.93364,0.87374,0.7615,0.88637,0.93405,0.90258,0.90008,0.74109,0.99014,0.91249,0.85872,0.88299,0.82633,0.98459,0.94237,0.69921,0.95303,0.8034,0.9013,0.78058,0.79547,0.82263,0.73279,0.96727,0.84394,0.9088,0.90489,0.98228,0.98457,0.91838,0.93597,0.93131,0.97842,0.86763,0.77565,0.89315,0.97054,0.71031,0.9185,0.79406,0.88663,0.87777,0.76285,0.96192,0.77865,0.8278,0.86468,0.97335,0.81324,0.78234,0.83292,0.93537,0.87543,0.87336,0.73748,0.73314,0.98092,0.76116,0.87943,0.94219,0.78634,0.89437,0.806,0.70388,0.85855,0.98135,0.97895,0.87036,0.90813,0.89505,0.97592,0.95412,0.94725,0.83277,0.87326,0.79877,0.77332,0.92229,0.97744,0.95656,0.7523,0.90372,0.74081,0.93137,0.97407,0.86636,0.96698,0.78277,0.9769,0.98634,0.90683,0.72102,0.81332,0.90471,0.91226,0.83038,0.94177,0.69272,0.89533,0.88333,0.85592,0.79546,0.75908,0.95237,0.96589,0.88449,0.83747,0.92318,0.95652,0.97606,0.87507,0.92918,0.9661,0.7604,0.90208,0.8244,0.76632,0.85596,0.81109,0.66048,0.70577,0.88682,0.84107,0.81234,0.9448,0.98388,0.82494,0.77433,0.84947,0.83062,0.91624,0.97114,0.93748,0.81651,0.8971,0.97919,0.70751,0.85799,0.93252,0.94526,0.81328,0.9126,0.79875,0.70496,0.76032,0.80155,0.81463,0.87701,0.94597,0.9454,0.83034,0.84974,0.82711,0.94638,0.79627,0.79295,0.92306,0.81859,0.8233,0.95828,0.93631,0.85915,0.8596,0.66886,0.98615,0.82009,0.9075,0.73279,0.80838,0.72716,0.81503,0.8111,0.81831,0.85262,0.90882,0.81912,0.89599,0.91515,0.94244,0.7939,0.94688,0.87473,0.96018,0.85053,0.76835,0.90914,0.76979,0.81326,0.60154,0.83588,0.95409,0.93128,0.89835,0.70819,0.88919,0.75086,0.72063,0.81498,0.94198,0.8289,0.81988,0.85982,0.81817,0.74423,0.74902,0.93592,0.98469,0.93938,0.83191,0.7804,0.8673,0.95121,0.9817,0.82649,0.97978,0.93039,0.97536,0.75948,0.88503,0.69899,0.81242,0.92919,0.89725,0.81029,0.91332,0.90438,0.93625,0.76496,0.86265,0.89911,0.84688,0.93406,0.74677,0.91086,0.82433,0.93361,0.85867,0.9065,0.83071,0.83471,0.88638
0.87704,0.89387,0.96344,0.83421,0.81611,0.95077,0.88406,0.95717,0.95819,0.76511,0.98396,0.93737,0.9447,0.8865,1,0.84697,0.89842,0.86616,0.79697,0.66027,0.82819,0.97447,0.8573,0.9843,0.94533,0.97536,0.9767,0.83486,0.88234,0.80942,0.76173,0.97759,0.93028,0.8749,0.83635,0.78785,0.92784,0.90466,0.9775,0.69249,0.89564,0.92502,0.82523,0.86017,0.95049,0.96957,0.80302,0.89881,0.8932,0.96088,0.94369,0.94795,0.90445,0.97495,0.87396,0.79234,0.86152,0.79997,0.96358,0.70444,0.98837,0.98017,0.85885,0.9206,0.87694,0.93248,0.9703,0.90738,0.91571,0.88054,0.93784,0.94462,0.98074,0.97388,0.83061,0.82569,0.89991,0.85726,0.97589,0.939,0.69778,0.98656,0.90718,0.793,0.96119,0.899,0.87438,0.77217,0.97108,0.98468,0.8689,0.92819,0.934,0.93754,0.97834,0.89924,0.8712,0.95788,0.86891,0.92383,0.84717,0.97329,0.83436,0.9474,0.90894,0.97405,0.91515,0.88097,0.86887,0.8894,0.96657,0.81237,0.91569,0.97517,0.80938,0.93361,0.93703,0.78013,0.97606,0.9826,0.96197,0.89643,0.85477,0.92878,0.91366,0.98566,0.74299,0.95684,0.92556,0.90552,0.77682,0.94274,0.87686,0.85532,0.96043,0.92643,0.67991,0.96078,0.71975,0.74417,0.79213,0.78803,0.74659,0.72089,0.93608,0.87894,0.73178,0.86953,0.7539,0.73777,0.95773,0.90159,0.83757,0.72482,0.79607,0.8974,0.7963,0.95751,0.83056,0.84095,0.7218,0.81026,0.70882,0.7937,0.85592,0.71124,0.72279,0.94491,0.93632,0.84066,0.9326,0.7541,0.93056,0.92022,0.89276,0.89237,0.95702,0.72682,0.92526,0.92413,0.83157,0.95416,0.96556,0.75244,0.89024,0.72818,0.80731,0.82544,0.71763,0.81952,0.72302,0.91193,0.91662,0.95317,0.96834,0.72664,0.96827,0.94582,0.8369,0.89007,0.93124,0.776,0.92047,0.75506,0.86467,0.80701,0.8673,0.72155,0.67744,0.93852,0.86087,0.82735,0.96245,0.79748,0.78913,0.84339,0.81054,0.91518,0.91721,0.7356,0.72723,0.7633,0.72607,0.83838,0.84277,0.88539,0.88369,0.8543,0.93596,0.87865,0.76998,0.92086,0.89928,0.73432,0.88517,0.95208,0.87169,0.85518,0.78591,0.78658,0.72101,0.95135,0.9466,0.71921,0.96712,0.80292,0.83171,0.8615,0.95896,0.98217,0.75152,0.82896,0.83902,0.97187,0.92553,0.94254,0.76219,0.95899,0.73707,0.74055,0.78712
0.96299,0.76052,0.8215,0.98055,0.95799,0.80725,0.75026,0.81445,0.81314,0.90196,0.85744,0.79602,0.89448,0.75242,0.84697,1,0.94185,0.97558,0.67703,0.56022,0.70315,0.86067,0.98284,0.84834,0.80455,0.83276,0.83549,0.97991,0.74842,0.68704,0.64642,0.85141,0.90951,0.74302,0.70979,0.92785,0.78815,0.93553,0.83403,0.58758,0.94344,0.91402,0.97156,0.72979,0.89036,0.82653,0.6813,0.76299,0.7574,0.81874,0.80298,0.80681,0.768,0.86594,0.96533,0.67251,0.73142,0.94309,0.81835,0.59769,0.84746,0.85671,0.98134,0.78069,0.96434,0.90746,0.86962,0.77102,0.92412,0.9605,0.90222,0.80362,0.85888,0.86021,0.97707,0.97179,0.76439,0.98365,0.85485,0.79792,0.59185,0.84039,0.93259,0.93413,0.87544,0.76297,0.7415,0.6552,0.82735,0.84016,0.73739,0.78771,0.79347,0.90253,0.86067,0.94095,0.96914,0.81516,0.73799,0.78546,0.98729,0.83193,0.97962,0.80697,0.77117,0.8669,0.77593,0.95964,0.73792,0.75431,0.8284,0.95578,0.92355,0.83105,0.68687,0.90562,0.79788,0.91974,0.8396,0.85073,0.87864,0.94289,0.9859,0.78875,0.77576,0.84993,0.63035,0.81385,0.78576,0.76899,0.66049,0.80495,0.74759,0.9801,0.83123,0.91194,0.57711,0.8788,0.61058,0.87715,0.91843,0.66941,0.63304,0.61189,0.79512,0.74604,0.62106,0.96548,0.64002,0.627,0.81885,0.76794,0.71287,0.61553,0.67538,0.76209,0.93949,0.87483,0.70656,0.71282,0.61238,0.68718,0.60184,0.93477,0.97691,0.60413,0.61354,0.84254,0.79372,0.71396,0.90426,0.64046,0.90924,0.7866,0.94004,0.94688,0.81471,0.61729,0.91345,0.78399,0.70644,0.87185,0.87507,0.8857,0.75466,0.61866,0.68651,0.97205,0.60842,0.96239,0.61376,0.92611,0.91463,0.87871,0.82679,0.61673,0.83692,0.81493,0.71078,0.93532,0.7929,0.65914,0.78124,0.64018,0.96958,0.6852,0.9739,0.61241,0.79919,0.89968,0.73349,0.70185,0.8342,0.94009,0.66928,0.96071,0.94589,0.92208,0.78586,0.62397,0.61749,0.64816,0.61581,0.98465,0.98567,0.76116,0.75124,0.72981,0.90414,0.9628,0.65443,0.78456,0.76313,0.62402,0.75228,0.80781,0.74026,0.98659,0.6677,0.92638,0.61147,0.80905,0.82617,0.60989,0.82354,0.68109,0.70607,0.98129,0.86909,0.83616,0.63808,0.70332,0.96736,0.82555,0.91148,0.80361,0.64728,0.82545,0.62556,0.62836,0.66859
0.97311,0.80593,0.87074,0.92777,0.90689,0.85604,0.79555,0.86353,0.86247,0.851,0.90927,0.84403,0.94832,0.79774,0.89842,0.94185,1,0.96301,0.71761,0.59397,0.74541,0.91204,0.95296,0.89947,0.85286,0.88297,0.88571,0.92819,0.79366,0.72839,0.68534,0.90231,0.96399,0.7877,0.75257,0.87608,0.83572,0.98874,0.88442,0.62298,0.98561,0.96718,0.91774,0.77392,0.94414,0.87625,0.7224,0.80898,0.80326,0.86794,0.85121,0.85529,0.81426,0.9182,0.97014,0.71298,0.77542,0.8898,0.8678,0.63371,0.89875,0.90826,0.95424,0.82797,0.97355,0.96236,0.92171,0.8174,0.97795,0.97772,0.95665,0.85191,0.91073,0.91166,0.92365,0.91822,0.81036,0.95303,0.9058,0.84596,0.62758,0.89131,0.98456,0.88182,0.92748,0.80903,0.78642,0.69468,0.87722,0.89092,0.78188,0.83532,0.84132,0.95671,0.91236,0.99114,0.96775,0.86428,0.78239,0.83265,0.94189,0.88187,0.92787,0.85533,0.81769,0.91916,0.82293,0.97733,0.7823,0.80002,0.87781,0.90325,0.97871,0.88123,0.72825,0.95916,0.8456,0.86767,0.88988,0.90215,0.93132,0.98645,0.95055,0.8363,0.82259,0.90121,0.66835,0.86295,0.83318,0.81536,0.69993,0.85293,0.79195,0.94969,0.88001,0.9648,0.61183,0.93145,0.64742,0.8276,0.87544,0.70955,0.6713,0.6487,0.8431,0.79103,0.65845,0.9623,0.6785,0.66451,0.86777,0.81377,0.75534,0.65246,0.71611,0.80813,0.88593,0.92582,0.74872,0.75603,0.64931,0.72874,0.63797,0.88263,0.94979,0.64035,0.65044,0.88914,0.84184,0.75688,0.95671,0.67889,0.96344,0.83317,0.9727,0.98514,0.86375,0.6543,0.96696,0.83143,0.7489,0.92163,0.92774,0.83627,0.8004,0.6557,0.72749,0.91809,0.64524,0.91083,0.65064,0.97718,0.96142,0.93009,0.87651,0.65384,0.88658,0.86261,0.75351,0.9628,0.84041,0.69865,0.82849,0.67892,0.95811,0.72641,0.96384,0.64924,0.75363,0.9527,0.77708,0.74427,0.8832,0.88717,0.70972,0.9313,0.89882,0.9731,0.832,0.66164,0.65456,0.68708,0.653,0.93239,0.93692,0.80495,0.79628,0.77272,0.95832,0.97624,0.69356,0.83144,0.80917,0.66132,0.7974,0.85673,0.78489,0.95089,0.70771,0.87467,0.64841,0.85773,0.87341,0.64676,0.87314,0.72224,0.74859,0.95805,0.91944,0.88674,0.67643,0.74573,0.9293,0.87549,0.9631,0.85181,0.68612,0.87425,0.66324,0.66621,0.70867
0.98204,0.7775,0.83995,0.96166,0.93904,0.8255,0.76716,0.83277,0.83154,0.88234,0.87685,0.81394,0.91461,0.76931,0.86616,0.97558,0.96301,1,0.69217,0.57279,0.71892,0.87993,0.98438,0.86744,0.82264,0.8515,0.85422,0.9613,0.7653,0.70247,0.66094,0.87048,0.92998,0.75968,0.72578,0.90815,0.80592,0.95639,0.85284,0.60078,0.96383,0.93429,0.95137,0.74625,0.91056,0.84514,0.69664,0.78014,0.77453,0.83716,0.82104,0.82486,0.78527,0.8855,0.98384,0.6876,0.74784,0.92268,0.83678,0.61113,0.86661,0.87606,0.98507,0.79833,0.98373,0.92818,0.88905,0.78833,0.9449,0.98051,0.92265,0.82168,0.87825,0.87949,0.95735,0.95175,0.78152,0.98597,0.87391,0.81586,0.60516,0.85939,0.95316,0.91419,0.89492,0.7802,0.75825,0.66992,0.84602,0.85913,0.75399,0.80546,0.81131,0.92294,0.88005,0.96217,0.98593,0.83355,0.75461,0.8031,0.97517,0.85059,0.96104,0.8251,0.78852,0.88652,0.7935,0.97919,0.7545,0.77136,0.84682,0.93593,0.9444,0.84984,0.7023,0.92583,0.8157,0.89978,0.85852,0.86998,0.89835,0.96344,0.98381,0.8065,0.79327,0.86904,0.64453,0.83218,0.8035,0.78628,0.6752,0.82292,0.76414,0.9793,0.8495,0.93216,0.59007,0.8985,0.62432,0.85813,0.90286,0.68438,0.64733,0.62561,0.81299,0.76284,0.635,0.97728,0.65437,0.64099,0.8371,0.78503,0.72869,0.62931,0.69056,0.77927,0.91876,0.89408,0.72229,0.72896,0.62615,0.70269,0.61531,0.91477,0.97738,0.61764,0.6273,0.86027,0.81169,0.72996,0.92414,0.6548,0.92962,0.80402,0.95761,0.96705,0.83303,0.63107,0.93377,0.8017,0.72227,0.89071,0.89478,0.86663,0.77173,0.63246,0.70181,0.95174,0.62215,0.94346,0.62752,0.94647,0.93372,0.89796,0.8454,0.63057,0.85554,0.83284,0.72673,0.95115,0.81062,0.67387,0.79885,0.65463,0.97843,0.70056,0.98921,0.62614,0.78157,0.9197,0.74977,0.71767,0.85256,0.91974,0.68438,0.95472,0.92924,0.94211,0.80313,0.63803,0.6313,0.66268,0.62969,0.96615,0.96994,0.77758,0.76805,0.7459,0.92449,0.98322,0.669,0.80205,0.78031,0.63795,0.76915,0.82609,0.75692,0.98403,0.6826,0.90642,0.62526,0.82724,0.84409,0.62363,0.84208,0.69645,0.72192,0.9902,0.88817,0.85502,0.65237,0.71912,0.95706,0.8442,0.93141,0.82165,0.66174,0.84374,0.63963,0.64247,0.68355
0.70003,0.8898,0.82357,0.66642,0.65157,0.83735,0.89972,0.83065,0.83062,0.61102,0.78818,0.84936,0.75542,0.89845,0.79697,0.67703,0.71761,0.69217,1,0.82692,0.9611,0.78627,0.68516,0.79733,0.8409,0.81217,0.80978,0.66664,0.90253,0.98074,0.95248,0.79481,0.7433,0.91043,0.95138,0.62895,0.85783,0.7227,0.81093,0.8672,0.71555,0.7401,0.65929,0.92464,0.75888,0.81764,0.98097,0.88587,0.89075,0.82649,0.84231,0.83838,0.88082,0.78026,0.69765,0.98202,0.92454,0.63908,0.82599,0.88167,0.79739,0.78966,0.68624,0.86518,0.70037,0.74452,0.77765,0.87738,0.73143,0.70394,0.74909,0.84181,0.78744,0.78607,0.66348,0.65958,0.88463,0.68473,0.79162,0.84762,0.8727,0.80419,0.7251,0.63319,0.77284,0.88558,0.90928,0.96352,0.81703,0.80493,0.91579,0.85818,0.85232,0.74893,0.78549,0.71861,0.6956,0.82979,0.91656,0.86151,0.6768,0.81324,0.6665,0.8384,0.87619,0.77906,0.87008,0.70426,0.91624,0.89497,0.81669,0.64854,0.73167,0.8139,0.97939,0.7471,0.84799,0.62324,0.80597,0.79483,0.76984,0.71526,0.68296,0.85707,0.87086,0.79535,0.92885,0.83055,0.86041,0.87959,0.96774,0.83818,0.90088,0.68441,0.81376,0.74186,0.85126,0.77013,0.89979,0.59416,0.63605,0.96771,0.92999,0.9011,0.85027,0.90527,0.91658,0.69746,0.94118,0.91919,0.8256,0.88092,0.93845,0.90513,0.97974,0.88671,0.63683,0.77259,0.94935,0.94108,0.90193,0.97228,0.88675,0.63444,0.68407,0.89047,0.90455,0.79335,0.85051,0.94343,0.74734,0.94246,0.74409,0.85762,0.71747,0.71349,0.83057,0.90708,0.7409,0.86198,0.95449,0.77433,0.77324,0.60226,0.8937,0.90894,0.96423,0.65921,0.8955,0.65394,0.90534,0.72991,0.73718,0.76778,0.81804,0.90978,0.80733,0.82716,0.9505,0.71518,0.85333,0.97056,0.8646,0.94021,0.69143,0.97742,0.69234,0.9029,0.54137,0.75228,0.91275,0.9573,0.81013,0.63732,0.97596,0.67631,0.64874,0.73372,0.8563,0.91888,0.91112,0.951,0.90738,0.66946,0.67416,0.87084,0.90057,0.90701,0.74836,0.70209,0.95901,0.86015,0.88537,0.91357,0.89721,0.83652,0.91198,0.68326,0.97093,0.62926,0.90107,0.83611,0.81161,0.89832,0.82162,0.97644,0.95397,0.68817,0.77709,0.80857,0.93939,0.95831,0.67259,0.81902,0.742,0.84133,0.95026,0.81746,0.92183,0.92638,0.97094
