1,0.93404,0.92465,0.89234,0.95246,0.8576,0.90606,0.91668,0.90837,0.89346,0.91447,0.9104,0.91653,0.91378,0.90738,0.94632,0.90755,0.90626,0.94356,0.92534,0.9265,0.94097,0.90558,0.8691,0.93692,0.89445,0.93571,0.90445,0.91056,0.89845,0.89846,0.91584,0.92421,0.94345,0.92612,0.91576,0.90611,0.90975,0.94919,0.93873,0.92482,0.91833,0.94018,0.94004,0.91721,0.95016,0.88407,0.91661,0.93715,0.91323,0.89691,0.91431,0.94072,0.92896,0.92066,0.90797,0.9394,0.92612,0.90932,0.92503,0.92467,0.88163,0.90922,0.94384,0.92026,0.94778,0.9445,0.92489,0.8924,0.92807,0.92129,0.91002,0.91212,0.92402,0.95447,0.94066,0.94775,0.91342,0.92487,0.91538,0.91825,0.93527,0.91025,0.92195,0.9422,0.92759,0.93379,0.90023,0.9181,0.91997,0.89521,0.9166,0.94626,0.94751,0.91879,0.94144,0.94069,0.92224,0.9084,0.94862,0.92635,0.91191,0.93707,0.92724,0.93283,0.92923,0.95514,0.91354,0.91949,0.94674,0.93386,0.91382,0.91492,0.91868,0.91979,0.92977,0.91058,0.92517,0.91831,0.92725,0.9529,0.90286,0.93667,0.91511,0.94248,0.94293,0.92046,0.91304,0.94231,0.89637,0.91183,0.83128,0.91973,0.89394,0.88908,0.88658,0.90753,0.90785,0.87189,0.9168,0.91519,0.91154,0.88693,0.87761,0.89271,0.92492,0.88958,0.90632,0.90768,0.93829,0.87843,0.93192,0.94093,0.88378,0.93759,0.9156,0.92543,0.87429,0.91085,0.89132,0.92652,0.90963,0.89933,0.89665,0.8699,0.87936,0.89686,0.86064,0.89134,0.87339,0.89395,0.9332,0.91189,0.94002,0.89731,0.93813,0.93889,0.89191,0.91663,0.90656,0.90823,0.90637,0.92228,0.91279,0.90307,0.84335,0.87405,0.8346,0.88072,0.88709,0.8677,0.8672,0.92292,0.93048,0.83844,0.87614,0.89421,0.91004,0.89174,0.90703,0.924,0.90223,0.91801,0.89044,0.90093,0.92578,0.91673,0.92355,0.89325,0.87629,0.88857,0.93474,0.9215,0.92034,0.92159,0.91636,0.86509,0.91378,0.92994,0.92306,0.91082,0.9068,0.8882,0.90599,0.89383,0.87686,0.91143,0.91083,0.90389,0.85651,0.86486,0.89759,0.91686,0.88187,0.94545,0.89668,0.91994,0.8965,0.88497,0.93251,0.89896,0.87459,0.93141,0.88085,0.89629,0.92143,0.90648,0.83459,0.79732,0.89329,0.86138,0.91588,0.93226,0.89607,0.8923,0.8896,0.91676,0.90946,0.85296,0.92497,0.89969
0.93404,1,0.91621,0.9105,0.93971,0.86132,0.94036,0.91316,0.92814,0.91138,0.91366,0.94147,0.94038,0.93619,0.91473,0.93922,0.93907,0.93108,0.94509,0.94391,0.94025,0.94559,0.90777,0.88179,0.93872,0.89367,0.91602,0.91898,0.9359,0.90755,0.89408,0.94347,0.94223,0.95559,0.92142,0.92837,0.93007,0.93332,0.93928,0.93416,0.94391,0.94014,0.94715,0.94304,0.92698,0.92986,0.91015,0.92806,0.93054,0.94183,0.92455,0.92712,0.95216,0.94231,0.93897,0.9113,0.92996,0.93641,0.91355,0.94972,0.94412,0.88881,0.91456,0.9479,0.93851,0.94616,0.94422,0.92045,0.90836,0.9394,0.92028,0.93015,0.91951,0.94716,0.92989,0.94559,0.93493,0.90385,0.93236,0.92677,0.92764,0.9369,0.93381,0.94744,0.9267,0.9444,0.94413,0.92197,0.92063,0.9295,0.90213,0.92594,0.93408,0.9375,0.93878,0.9203,0.92259,0.92189,0.91842,0.94702,0.93356,0.93281,0.95954,0.93038,0.94097,0.94935,0.93392,0.93248,0.93262,0.91755,0.94403,0.90393,0.91953,0.9285,0.93296,0.93999,0.92348,0.94495,0.9326,0.959,0.93882,0.90138,0.9415,0.9156,0.94396,0.93702,0.9405,0.92604,0.93262,0.91389,0.90903,0.85288,0.93902,0.87922,0.91034,0.91982,0.93941,0.91722,0.89,0.93529,0.93809,0.92568,0.90304,0.89728,0.91204,0.92078,0.9055,0.89943,0.92886,0.95302,0.91129,0.91708,0.9506,0.89262,0.93792,0.92098,0.92015,0.89788,0.91778,0.90601,0.9394,0.93072,0.92768,0.92124,0.88593,0.89215,0.92214,0.87773,0.91983,0.88709,0.92727,0.93511,0.92318,0.94062,0.90521,0.92749,0.93568,0.91533,0.94401,0.92675,0.92586,0.91527,0.94014,0.92065,0.89193,0.84672,0.86905,0.84417,0.87713,0.87965,0.88323,0.88521,0.91507,0.93667,0.85216,0.91145,0.90774,0.93025,0.91755,0.93315,0.93148,0.90722,0.92174,0.90456,0.91495,0.91467,0.93213,0.93413,0.90051,0.86658,0.90643,0.9235,0.92575,0.94443,0.93831,0.91209,0.86053,0.91563,0.94377,0.94291,0.92201,0.93612,0.89214,0.922,0.88346,0.90533,0.92624,0.9116,0.93003,0.87543,0.87271,0.92103,0.8974,0.88761,0.94999,0.91581,0.91318,0.92369,0.89407,0.90065,0.91199,0.90359,0.94474,0.8908,0.90939,0.92826,0.89231,0.8215,0.79029,0.89658,0.86074,0.93197,0.94119,0.89146,0.92106,0.91546,0.91519,0.91194,0.86273,0.90105,0.90137
0.92465,0.91621,1,0.91538,0.93671,0.89521,0.91494,0.94507,0.89045,0.91279,0.93806,0.90402,0.91274,0.90344,0.90571,0.94375,0.90976,0.90817,0.92492,0.92863,0.92207,0.94306,0.95251,0.91128,0.93007,0.93117,0.92055,0.93089,0.91542,0.93801,0.92076,0.91366,0.91586,0.92026,0.93418,0.91852,0.90673,0.91602,0.91368,0.9227,0.91926,0.91075,0.91972,0.91424,0.95607,0.92942,0.89374,0.93698,0.94482,0.9174,0.91674,0.92229,0.91779,0.93407,0.94053,0.94508,0.92514,0.91942,0.91866,0.9074,0.90677,0.91342,0.93458,0.92632,0.92162,0.91538,0.92953,0.92625,0.93641,0.91454,0.95848,0.90639,0.91066,0.9094,0.93359,0.94892,0.93241,0.88847,0.91187,0.92158,0.92178,0.92762,0.92583,0.90388,0.93443,0.9082,0.92955,0.90457,0.93512,0.91049,0.92583,0.91147,0.90647,0.92456,0.90199,0.91521,0.91472,0.91294,0.91982,0.91699,0.9466,0.91671,0.91855,0.92436,0.91942,0.91193,0.9283,0.9084,0.91623,0.91958,0.91667,0.90932,0.9221,0.89981,0.92064,0.94913,0.92453,0.9136,0.90207,0.92226,0.91878,0.8996,0.91273,0.93409,0.91796,0.9236,0.9149,0.90536,0.92279,0.91412,0.90486,0.85613,0.91419,0.91548,0.90791,0.89717,0.91639,0.91139,0.906,0.90991,0.91529,0.89314,0.88707,0.89485,0.87845,0.9081,0.89812,0.91282,0.92284,0.92423,0.88192,0.92225,0.92082,0.90661,0.92074,0.92955,0.90065,0.88979,0.92579,0.91618,0.91564,0.9114,0.89225,0.8906,0.90313,0.8939,0.90225,0.89472,0.88694,0.90473,0.90168,0.91023,0.8917,0.91156,0.9073,0.91363,0.91838,0.90791,0.91974,0.9136,0.92546,0.91192,0.90696,0.88627,0.91654,0.83074,0.86586,0.87362,0.91357,0.88171,0.9051,0.85982,0.90537,0.92002,0.86025,0.87702,0.90265,0.90467,0.91899,0.92076,0.89993,0.91979,0.92839,0.88789,0.9046,0.91014,0.91301,0.91079,0.8805,0.86978,0.89869,0.91715,0.93942,0.90732,0.90728,0.94483,0.84815,0.91334,0.92199,0.90352,0.90525,0.90898,0.91163,0.89602,0.88338,0.90176,0.90661,0.90191,0.90337,0.86266,0.90695,0.9189,0.90429,0.89747,0.92033,0.89879,0.9128,0.91656,0.91419,0.90291,0.88839,0.9035,0.91779,0.9008,0.91326,0.9174,0.90879,0.86393,0.79587,0.9213,0.90049,0.93319,0.91946,0.88036,0.88975,0.92494,0.93868,0.89777,0.86074,0.89143,0.90428
0.89234,0.9105,0.91538,1,0.91362,0.8995,0.92909,0.92798,0.91104,0.94293,0.94866,0.92315,0.91622,0.90982,0.86765,0.92302,0.91215,0.89196,0.91938,0.93025,0.90404,0.91983,0.91656,0.91567,0.9331,0.94026,0.86719,0.95229,0.90229,0.94286,0.86849,0.92382,0.9271,0.89925,0.88962,0.92563,0.92259,0.94062,0.90381,0.89494,0.89879,0.93711,0.90526,0.90692,0.91162,0.88773,0.9345,0.94679,0.90365,0.90425,0.90928,0.92904,0.92043,0.91494,0.91327,0.93589,0.90346,0.89352,0.91116,0.91839,0.91539,0.9364,0.95336,0.90543,0.90286,0.90746,0.92094,0.9136,0.93447,0.91092,0.91025,0.92019,0.89992,0.91291,0.90242,0.91609,0.89978,0.88309,0.91252,0.90853,0.92524,0.91553,0.93755,0.91877,0.89077,0.91455,0.92185,0.92858,0.9333,0.89465,0.89124,0.88039,0.89637,0.91266,0.92267,0.8866,0.88557,0.86703,0.89787,0.90777,0.91474,0.94649,0.91386,0.91427,0.91497,0.90998,0.88794,0.91303,0.93993,0.87696,0.89638,0.88737,0.90414,0.91725,0.89433,0.91656,0.91653,0.9039,0.9184,0.92175,0.90467,0.86842,0.90489,0.91723,0.90689,0.91907,0.90574,0.90122,0.90753,0.93389,0.88767,0.86733,0.9348,0.88512,0.91986,0.93095,0.92643,0.9377,0.92559,0.92318,0.90945,0.9215,0.93628,0.89913,0.91363,0.90845,0.93904,0.87324,0.94156,0.91348,0.93184,0.88907,0.91896,0.88289,0.8948,0.94344,0.89124,0.91046,0.91165,0.95598,0.93037,0.93747,0.92176,0.92931,0.89863,0.88287,0.95342,0.91102,0.93434,0.92188,0.93585,0.91495,0.90835,0.89378,0.90892,0.89763,0.90132,0.92972,0.93836,0.91781,0.93456,0.90579,0.92486,0.90259,0.8643,0.84294,0.84237,0.87008,0.89838,0.86536,0.92609,0.86835,0.884,0.9103,0.87375,0.91605,0.90427,0.93522,0.94095,0.92512,0.90339,0.89505,0.92144,0.87448,0.94576,0.89261,0.92993,0.90957,0.88554,0.83632,0.95686,0.88191,0.94915,0.91928,0.90889,0.92771,0.84425,0.90886,0.91242,0.9262,0.88059,0.93151,0.86826,0.91089,0.85818,0.95358,0.92078,0.88745,0.93729,0.86321,0.89801,0.96082,0.87185,0.90166,0.91127,0.91073,0.90218,0.93159,0.91475,0.88972,0.9189,0.94454,0.91514,0.91007,0.94078,0.93639,0.8893,0.82393,0.7654,0.89006,0.87747,0.92524,0.92279,0.86805,0.9198,0.92638,0.90652,0.91157,0.85117,0.86724,0.89268
0.95246,0.93971,0.93671,0.91362,1,0.87756,0.92417,0.92949,0.91485,0.91395,0.93012,0.92378,0.9316,0.92435,0.91116,0.96367,0.9239,0.90824,0.95829,0.95284,0.95174,0.95548,0.92202,0.89709,0.95511,0.91114,0.92172,0.92971,0.92223,0.92203,0.89779,0.93025,0.92685,0.94329,0.93287,0.93163,0.92243,0.92487,0.93964,0.94387,0.92651,0.93242,0.94601,0.95182,0.92812,0.94623,0.90285,0.9366,0.94416,0.92606,0.91455,0.92977,0.94713,0.9395,0.92698,0.92043,0.93943,0.93377,0.91238,0.93149,0.92912,0.90462,0.93349,0.95783,0.93388,0.95091,0.96068,0.93326,0.91645,0.93692,0.93763,0.92427,0.92395,0.93341,0.954,0.94518,0.95665,0.90664,0.94542,0.92592,0.93905,0.95535,0.92636,0.92683,0.92965,0.93364,0.94647,0.91056,0.93478,0.92611,0.91029,0.91609,0.93763,0.95458,0.92283,0.93425,0.93243,0.91927,0.91767,0.94318,0.9408,0.93013,0.94601,0.94432,0.941,0.93242,0.9435,0.9155,0.93756,0.94263,0.9393,0.92684,0.9239,0.92333,0.92551,0.94713,0.93261,0.92868,0.92507,0.94088,0.95516,0.9115,0.93331,0.92247,0.94761,0.9519,0.93174,0.9266,0.94256,0.91657,0.90987,0.8512,0.93317,0.8994,0.90665,0.90628,0.92967,0.9181,0.89487,0.92352,0.93105,0.91537,0.9014,0.8872,0.90107,0.92371,0.90503,0.9159,0.92474,0.93768,0.89487,0.93869,0.94508,0.89943,0.92747,0.93305,0.91039,0.89558,0.92668,0.91565,0.94143,0.92575,0.90726,0.90966,0.89165,0.89215,0.91328,0.88136,0.90339,0.89886,0.90958,0.93238,0.91532,0.94314,0.90376,0.92676,0.94563,0.91235,0.93577,0.91763,0.92755,0.91782,0.92772,0.90429,0.90451,0.83413,0.88679,0.85355,0.89842,0.89779,0.89293,0.87457,0.92593,0.92894,0.8535,0.89491,0.9122,0.92472,0.91185,0.92922,0.92866,0.9172,0.93463,0.90112,0.92151,0.91605,0.92512,0.93145,0.88608,0.87865,0.90547,0.93137,0.93637,0.93508,0.93168,0.93319,0.86188,0.91522,0.94526,0.92912,0.91619,0.9261,0.89478,0.9147,0.89963,0.89989,0.93403,0.92034,0.91927,0.86967,0.88927,0.91835,0.91962,0.89134,0.94711,0.91434,0.92365,0.916,0.91236,0.91406,0.90092,0.90296,0.93388,0.89477,0.91357,0.93396,0.91205,0.84357,0.79974,0.90888,0.87345,0.93597,0.93368,0.89847,0.90301,0.91046,0.93231,0.91081,0.8675,0.90361,0.90993
0.8576,0.86132,0.89521,0.8995,0.87756,1,0.86731,0.90947,0.8402,0.89457,0.89778,0.86151,0.88091,0.84773,0.84372,0.88797,0.85917,0.85705,0.87835,0.89219,0.87172,0.88783,0.90956,0.91306,0.88053,0.93341,0.85504,0.9102,0.86017,0.91881,0.87482,0.87004,0.86258,0.86616,0.88107,0.90072,0.88411,0.86435,0.84879,0.86054,0.86709,0.87547,0.85884,0.87461,0.88425,0.86131,0.88898,0.90319,0.88233,0.85943,0.88112,0.90801,0.8596,0.87359,0.87694,0.89959,0.86156,0.86438,0.886,0.85169,0.84941,0.9148,0.9151,0.87804,0.86691,0.8583,0.87601,0.90572,0.90684,0.85865,0.89181,0.87022,0.89684,0.87936,0.86832,0.88023,0.87255,0.82853,0.87985,0.88278,0.90658,0.8764,0.86552,0.84864,0.86174,0.84989,0.87248,0.8498,0.88385,0.87462,0.88784,0.8681,0.8582,0.86099,0.85749,0.87471,0.87503,0.8621,0.88764,0.84959,0.8955,0.89155,0.87497,0.88989,0.86035,0.8515,0.86372,0.85206,0.88618,0.86117,0.86369,0.88367,0.90061,0.85642,0.8691,0.88983,0.88736,0.86264,0.84907,0.86519,0.86661,0.85337,0.85626,0.86989,0.8596,0.86717,0.88433,0.86335,0.87608,0.92018,0.87229,0.89917,0.87119,0.89945,0.8988,0.88139,0.88274,0.87351,0.91238,0.84869,0.87944,0.84645,0.88295,0.85471,0.83484,0.84634,0.85838,0.88282,0.87271,0.86079,0.85659,0.87991,0.86441,0.89921,0.86212,0.89128,0.8584,0.87796,0.88984,0.90979,0.87641,0.87423,0.85861,0.84688,0.91625,0.89805,0.873,0.90919,0.85572,0.90194,0.87113,0.85433,0.83696,0.86958,0.87855,0.84734,0.87335,0.88589,0.89657,0.88639,0.9124,0.86879,0.85468,0.8332,0.85754,0.79089,0.84859,0.91842,0.94523,0.87727,0.92557,0.83178,0.86343,0.8648,0.88545,0.85358,0.89223,0.86479,0.89254,0.88755,0.86396,0.90467,0.90563,0.87966,0.879,0.84358,0.86984,0.86879,0.83156,0.84896,0.87522,0.86085,0.9008,0.86595,0.8552,0.91505,0.82727,0.87687,0.87054,0.87108,0.8662,0.86375,0.8783,0.85482,0.85945,0.8954,0.87928,0.88135,0.8718,0.88074,0.92646,0.89624,0.87519,0.88414,0.87192,0.88749,0.88893,0.88592,0.91641,0.84769,0.85014,0.89786,0.87151,0.90348,0.87812,0.88003,0.88365,0.86103,0.79943,0.90905,0.88938,0.89882,0.85998,0.85464,0.84252,0.89344,0.89424,0.84569,0.886,0.82954,0.87563
0.90606,0.94036,0.91494,0.92909,0.92417,0.86731,1,0.91272,0.93017,0.91548,0.92085,0.94524,0.93324,0.9467,0.9047,0.93214,0.95391,0.93832,0.93081,0.93675,0.92573,0.93313,0.91189,0.89501,0.94012,0.90373,0.89367,0.92886,0.9421,0.91553,0.88905,0.94637,0.93462,0.9199,0.90858,0.92196,0.92845,0.94363,0.92467,0.91003,0.93754,0.93955,0.92701,0.92063,0.92518,0.91389,0.91991,0.93249,0.92286,0.95042,0.94145,0.91986,0.93371,0.94745,0.94412,0.92683,0.92341,0.92561,0.89799,0.94532,0.94047,0.90501,0.91822,0.92705,0.9391,0.93333,0.93699,0.90817,0.9278,0.94534,0.91815,0.92884,0.90372,0.93145,0.91406,0.92603,0.92061,0.89062,0.92469,0.93535,0.92126,0.93064,0.94525,0.93835,0.9113,0.93641,0.93497,0.93765,0.92607,0.90867,0.89784,0.91441,0.91075,0.92939,0.93576,0.89383,0.89837,0.89398,0.91768,0.92851,0.92207,0.93895,0.93279,0.92536,0.93443,0.94306,0.90743,0.93792,0.92925,0.89774,0.92374,0.89446,0.90878,0.92526,0.92437,0.93344,0.92854,0.94385,0.93139,0.95178,0.91586,0.88623,0.93353,0.92551,0.93305,0.92341,0.92633,0.92536,0.91508,0.92003,0.88597,0.85746,0.9389,0.87106,0.91087,0.93003,0.93877,0.92421,0.89877,0.94242,0.92498,0.93024,0.90921,0.91384,0.91833,0.9181,0.92207,0.88703,0.94524,0.94432,0.92783,0.89734,0.9368,0.884,0.92105,0.9224,0.90421,0.90455,0.91473,0.91853,0.93789,0.93862,0.93243,0.93653,0.89113,0.88528,0.93741,0.88816,0.93034,0.89811,0.93303,0.92959,0.92427,0.91136,0.90769,0.91327,0.91231,0.9276,0.93819,0.92228,0.9249,0.9169,0.93782,0.91342,0.87383,0.84443,0.85503,0.84671,0.8733,0.87164,0.89599,0.88745,0.89956,0.9319,0.85917,0.92141,0.89864,0.94299,0.93913,0.93384,0.91647,0.89961,0.91596,0.88344,0.9256,0.90854,0.93438,0.92405,0.88538,0.85159,0.92392,0.90194,0.92979,0.9327,0.93147,0.91242,0.84644,0.90804,0.94341,0.93043,0.90394,0.94496,0.89307,0.92088,0.86798,0.92543,0.92728,0.89374,0.93921,0.86846,0.87943,0.93963,0.8753,0.89007,0.92589,0.9088,0.90121,0.92964,0.89584,0.88688,0.91809,0.92336,0.92461,0.8948,0.92446,0.92253,0.88327,0.81296,0.77383,0.88639,0.86095,0.92438,0.9395,0.8715,0.93714,0.93021,0.90668,0.9225,0.8504,0.88533,0.90067
0.91668,0.91316,0.94507,0.92798,0.92949,0.90947,0.91272,1,0.89366,0.92442,0.94801,0.90636,0.91257,0.89899,0.8821,0.94051,0.90342,0.89707,0.92474,0.92738,0.9139,0.93097,0.95201,0.91581,0.9355,0.94862,0.89946,0.93447,0.9053,0.93699,0.90279,0.91436,0.91803,0.90974,0.91428,0.92418,0.91177,0.92248,0.9144,0.90597,0.91028,0.92568,0.91231,0.91084,0.93747,0.91104,0.9044,0.94838,0.92814,0.90429,0.91196,0.9315,0.92269,0.92684,0.92843,0.94823,0.92644,0.91116,0.91587,0.90634,0.90306,0.92943,0.95138,0.9169,0.91141,0.90953,0.92587,0.93294,0.94033,0.91088,0.93849,0.90435,0.90572,0.91906,0.92148,0.93448,0.92061,0.88902,0.916,0.91622,0.93146,0.91777,0.92308,0.90394,0.92333,0.91186,0.92146,0.90861,0.94716,0.90649,0.90328,0.90332,0.90579,0.92643,0.90457,0.90579,0.91433,0.89595,0.90701,0.91304,0.93414,0.93036,0.91728,0.92126,0.91,0.90498,0.91998,0.90431,0.9165,0.90361,0.90646,0.89608,0.92177,0.90102,0.91459,0.93737,0.92184,0.90858,0.90026,0.91299,0.912,0.88269,0.90688,0.93752,0.91501,0.9312,0.91503,0.90371,0.92684,0.92713,0.90374,0.8592,0.91881,0.91932,0.91367,0.90296,0.91943,0.92998,0.91529,0.91174,0.91261,0.8972,0.8972,0.89373,0.88602,0.90027,0.90244,0.90419,0.92608,0.91921,0.88938,0.92104,0.91799,0.89933,0.91969,0.94371,0.91088,0.89497,0.9105,0.9345,0.91779,0.91108,0.90415,0.8964,0.90007,0.90179,0.91496,0.90093,0.89433,0.90813,0.90689,0.91018,0.89169,0.90861,0.90293,0.90996,0.91023,0.91665,0.93073,0.92103,0.94143,0.90906,0.9101,0.89247,0.89671,0.84269,0.86192,0.87694,0.92523,0.87831,0.92016,0.86468,0.90545,0.91427,0.85794,0.88259,0.90461,0.91063,0.92377,0.91855,0.91588,0.92084,0.93248,0.88545,0.91522,0.90494,0.91082,0.90653,0.88,0.85858,0.90632,0.90514,0.95768,0.91213,0.90704,0.95058,0.86273,0.91696,0.92714,0.91396,0.90255,0.90985,0.90313,0.89568,0.87424,0.91209,0.91141,0.90592,0.90515,0.86618,0.90278,0.92284,0.89674,0.89599,0.92024,0.89788,0.91036,0.9126,0.92586,0.91062,0.89571,0.91223,0.92401,0.89882,0.92655,0.92681,0.89831,0.85467,0.78611,0.91409,0.8951,0.92929,0.91886,0.88075,0.89114,0.92538,0.92522,0.8929,0.86063,0.88537,0.89672
0.90837,0.92814,0.89045,0.91104,0.91485,0.8402,0.93017,0.89366,1,0.90809,0.90573,0.93944,0.90561,0.94125,0.87711,0.91057,0.9172,0.89556,0.92161,0.91768,0.9142,0.91641,0.88404,0.86255,0.92602,0.88067,0.87365,0.90773,0.91299,0.88485,0.8575,0.93286,0.93368,0.90562,0.87956,0.9091,0.91839,0.9448,0.93397,0.91071,0.90311,0.942,0.91592,0.9084,0.89474,0.90156,0.89558,0.91698,0.89622,0.91537,0.88957,0.9009,0.94143,0.9152,0.90268,0.89678,0.91184,0.91031,0.88138,0.96483,0.96264,0.87783,0.90048,0.91121,0.91703,0.93344,0.92696,0.89384,0.88855,0.93463,0.89195,0.92158,0.88682,0.9166,0.91485,0.9061,0.90725,0.89694,0.91956,0.90155,0.90431,0.90882,0.93868,0.96484,0.8918,0.93237,0.92637,0.94672,0.9094,0.90118,0.86633,0.88485,0.91574,0.9258,0.95395,0.88495,0.88719,0.87095,0.88318,0.9276,0.8919,0.91701,0.92447,0.90495,0.92855,0.9376,0.89955,0.92903,0.92341,0.88719,0.90134,0.87706,0.88433,0.94621,0.89546,0.90782,0.89151,0.91753,0.94645,0.9371,0.91291,0.87343,0.92172,0.90416,0.9282,0.92545,0.89922,0.91184,0.91737,0.88662,0.8682,0.82379,0.93053,0.8519,0.87341,0.9011,0.91382,0.92098,0.87757,0.93526,0.90811,0.94565,0.8977,0.88407,0.94332,0.91503,0.91832,0.86503,0.9264,0.93265,0.91513,0.88675,0.9244,0.8488,0.89762,0.9082,0.89664,0.88897,0.88263,0.90009,0.91967,0.91735,0.93081,0.94269,0.85097,0.85411,0.93312,0.85216,0.93707,0.86666,0.90448,0.92456,0.93024,0.90607,0.8768,0.91281,0.89926,0.91273,0.91348,0.90877,0.90215,0.88793,0.93614,0.94075,0.85116,0.86629,0.84877,0.81774,0.84849,0.85208,0.86358,0.89293,0.89268,0.91256,0.82529,0.92337,0.86719,0.93773,0.90028,0.89829,0.92298,0.86988,0.88842,0.87,0.92377,0.89865,0.91147,0.90641,0.88043,0.83034,0.91724,0.88835,0.91379,0.9254,0.93207,0.88379,0.85205,0.88528,0.9248,0.93433,0.89093,0.93303,0.85672,0.9265,0.84648,0.89839,0.91728,0.87465,0.93167,0.83984,0.84758,0.90649,0.8575,0.85671,0.91746,0.88378,0.87622,0.89401,0.87415,0.89742,0.93069,0.90048,0.92658,0.86215,0.89984,0.90797,0.85875,0.79153,0.75483,0.85273,0.82927,0.89415,0.92854,0.87023,0.9331,0.8972,0.87466,0.92729,0.82604,0.88578,0.87518
0.89346,0.91138,0.91279,0.94293,0.91395,0.89457,0.91548,0.92442,0.90809,1,0.93872,0.91042,0.911,0.91462,0.86525,0.92414,0.90792,0.88945,0.91598,0.93009,0.90666,0.92187,0.91897,0.91068,0.93249,0.92898,0.87274,0.93766,0.89579,0.91894,0.87688,0.91222,0.92494,0.8972,0.88835,0.91941,0.90849,0.92716,0.90334,0.89914,0.89983,0.93124,0.90082,0.90792,0.91572,0.89034,0.91416,0.94261,0.91203,0.90424,0.89876,0.92026,0.91353,0.91919,0.90813,0.92361,0.90827,0.89594,0.92446,0.9113,0.90604,0.93407,0.9476,0.91181,0.91092,0.91038,0.9265,0.92446,0.92893,0.91326,0.90782,0.91029,0.89977,0.90649,0.90844,0.91784,0.90061,0.88722,0.92347,0.90224,0.9279,0.90549,0.93096,0.91146,0.8966,0.90487,0.91551,0.91828,0.9223,0.90351,0.89103,0.8877,0.89357,0.9113,0.90867,0.88781,0.89278,0.87377,0.89697,0.90496,0.91685,0.93434,0.91714,0.90784,0.92016,0.89877,0.89938,0.90211,0.92977,0.88722,0.90319,0.88597,0.90183,0.90175,0.90126,0.91449,0.90526,0.9008,0.91122,0.91751,0.91166,0.86634,0.90823,0.91522,0.90844,0.91804,0.90059,0.88973,0.9125,0.92302,0.8857,0.85669,0.93059,0.88252,0.90167,0.90675,0.91699,0.91373,0.92122,0.90811,0.90168,0.9092,0.9064,0.8831,0.90322,0.90395,0.92288,0.87998,0.92562,0.91241,0.91018,0.89191,0.91246,0.87842,0.89477,0.93348,0.87853,0.89293,0.89781,0.93752,0.92459,0.91849,0.90029,0.91166,0.89036,0.87839,0.93211,0.89563,0.9169,0.91733,0.91929,0.90648,0.89898,0.89744,0.89147,0.89216,0.89568,0.91744,0.92722,0.90432,0.92689,0.89181,0.91343,0.89151,0.8673,0.83162,0.85029,0.85944,0.89689,0.86047,0.90723,0.85253,0.8895,0.90587,0.85418,0.90961,0.90015,0.91951,0.91909,0.91473,0.90257,0.89784,0.91102,0.87225,0.94291,0.88752,0.90879,0.89795,0.88399,0.83467,0.92803,0.88171,0.94256,0.9078,0.90622,0.92064,0.84665,0.89836,0.90575,0.91763,0.88482,0.92108,0.87322,0.8997,0.85204,0.92032,0.9041,0.88076,0.91599,0.8606,0.8889,0.93054,0.87158,0.88621,0.91652,0.89205,0.89399,0.91519,0.90537,0.89095,0.9011,0.92809,0.91343,0.89148,0.92458,0.93247,0.87609,0.82494,0.76867,0.88863,0.87297,0.91058,0.91917,0.86033,0.90206,0.9262,0.90294,0.88741,0.84935,0.86379,0.88082
0.91447,0.91366,0.93806,0.94866,0.93012,0.89778,0.92085,0.94801,0.90573,0.93872,1,0.91215,0.90952,0.9138,0.87582,0.94088,0.90788,0.89544,0.92637,0.92878,0.90745,0.92834,0.93499,0.91831,0.94428,0.95074,0.88858,0.94173,0.90256,0.93854,0.88617,0.91427,0.93011,0.90616,0.90073,0.91886,0.90925,0.93575,0.91962,0.90321,0.90474,0.92827,0.91558,0.91453,0.93147,0.90668,0.90865,0.95011,0.92467,0.90512,0.9041,0.92154,0.92587,0.92725,0.92379,0.9536,0.92574,0.90061,0.92192,0.91515,0.91315,0.94121,0.96041,0.91436,0.90858,0.92047,0.93581,0.92498,0.93677,0.91927,0.9276,0.9091,0.89984,0.90927,0.92122,0.93133,0.9128,0.90114,0.9164,0.90995,0.92555,0.92112,0.93779,0.91582,0.91711,0.9192,0.92487,0.92743,0.95051,0.89846,0.89613,0.88973,0.90949,0.93296,0.91312,0.89813,0.89888,0.88072,0.90143,0.92195,0.92681,0.93676,0.91452,0.91598,0.92596,0.91198,0.90917,0.91276,0.9292,0.89807,0.90888,0.89319,0.90909,0.90883,0.90511,0.92434,0.91847,0.90638,0.91541,0.91771,0.91804,0.8734,0.91802,0.94151,0.91962,0.93492,0.90486,0.89632,0.91481,0.92381,0.90148,0.84886,0.92855,0.90181,0.90968,0.9061,0.91477,0.93743,0.90874,0.92284,0.90132,0.91641,0.90943,0.89403,0.90456,0.91736,0.92811,0.88359,0.93744,0.92237,0.90368,0.90124,0.92595,0.88612,0.90995,0.94431,0.89933,0.88943,0.91262,0.94207,0.92819,0.92139,0.90538,0.91431,0.89271,0.88343,0.93028,0.89839,0.90996,0.91399,0.91682,0.92377,0.9098,0.90108,0.90668,0.91241,0.90634,0.9204,0.92812,0.91205,0.92586,0.90527,0.92372,0.90468,0.88764,0.84187,0.84752,0.86355,0.90605,0.87061,0.91366,0.86346,0.89216,0.91806,0.85718,0.89173,0.90115,0.92082,0.92663,0.91997,0.90658,0.90316,0.92244,0.87097,0.93802,0.91263,0.92339,0.90993,0.89171,0.84506,0.93138,0.89923,0.95816,0.90996,0.91197,0.94562,0.85242,0.91183,0.9176,0.91916,0.88539,0.91889,0.8813,0.89924,0.86304,0.92006,0.9093,0.88929,0.91653,0.85319,0.89654,0.93615,0.88744,0.89999,0.91649,0.89464,0.90859,0.91766,0.91271,0.91719,0.91238,0.91688,0.91634,0.89883,0.94195,0.94209,0.89748,0.83972,0.77217,0.89878,0.88614,0.92328,0.93295,0.86891,0.90622,0.92095,0.92165,0.90722,0.84541,0.88963,0.89206
0.9104,0.94147,0.90402,0.92315,0.92378,0.86151,0.94524,0.90636,0.93944,0.91042,0.91215,1,0.9318,0.9397,0.89766,0.92059,0.94162,0.91211,0.94019,0.93864,0.93139,0.93313,0.89611,0.8786,0.93039,0.89543,0.88611,0.92777,0.93498,0.90518,0.86941,0.96984,0.93796,0.92276,0.90694,0.92982,0.95036,0.93939,0.9275,0.9246,0.92143,0.94179,0.93203,0.92002,0.9096,0.91301,0.92548,0.93966,0.90743,0.933,0.92227,0.92974,0.94243,0.93193,0.91914,0.90726,0.91215,0.92812,0.88861,0.95068,0.9445,0.89093,0.9131,0.92327,0.93078,0.93584,0.93421,0.90733,0.90691,0.9386,0.90825,0.95898,0.90876,0.93925,0.91545,0.91865,0.92289,0.8888,0.92412,0.92681,0.92295,0.93101,0.93372,0.95119,0.89729,0.93159,0.94531,0.92703,0.91387,0.92757,0.88507,0.901,0.91167,0.92129,0.94714,0.89641,0.89702,0.88595,0.91122,0.93081,0.91151,0.93197,0.93499,0.93002,0.93299,0.95931,0.90728,0.93781,0.93935,0.89599,0.90765,0.89957,0.91044,0.93587,0.91895,0.92726,0.91826,0.93215,0.95378,0.95988,0.91513,0.89673,0.92698,0.90372,0.93767,0.91829,0.9286,0.94121,0.92113,0.91269,0.88737,0.85627,0.94991,0.86862,0.90139,0.93014,0.9414,0.93332,0.89613,0.93985,0.93629,0.94624,0.91123,0.88927,0.92746,0.92117,0.92008,0.88325,0.9445,0.9429,0.93192,0.90295,0.94406,0.8726,0.90985,0.92107,0.90795,0.91108,0.90974,0.91075,0.93482,0.94926,0.94617,0.94297,0.87667,0.87398,0.9418,0.88605,0.93939,0.88515,0.93281,0.93728,0.93451,0.92374,0.90377,0.92294,0.91707,0.92889,0.93969,0.93599,0.92746,0.91403,0.94399,0.9298,0.86418,0.8546,0.8661,0.84039,0.8703,0.87982,0.88994,0.89526,0.90871,0.93829,0.85543,0.93374,0.88738,0.95109,0.93367,0.91843,0.92408,0.89061,0.91243,0.89484,0.92701,0.90161,0.93763,0.93804,0.88583,0.85455,0.92068,0.89908,0.92709,0.94744,0.94857,0.90623,0.86652,0.91612,0.93652,0.94597,0.91976,0.94509,0.87261,0.93698,0.86685,0.92534,0.94601,0.8897,0.95092,0.87028,0.87408,0.93202,0.87146,0.88488,0.93341,0.91107,0.90092,0.92242,0.89344,0.89187,0.9195,0.92145,0.94492,0.89073,0.9104,0.91853,0.88115,0.80688,0.77046,0.87533,0.84786,0.91797,0.93716,0.88634,0.94665,0.91538,0.89183,0.92688,0.84928,0.8916,0.90563
0.91653,0.94038,0.91274,0.91622,0.9316,0.88091,0.93324,0.91257,0.90561,0.911,0.90952,0.9318,1,0.92075,0.91282,0.93949,0.94433,0.92822,0.94389,0.9458,0.93076,0.94316,0.9063,0.89298,0.93997,0.90615,0.90514,0.92994,0.92948,0.91604,0.8893,0.94047,0.92198,0.93925,0.924,0.94067,0.93572,0.91654,0.91421,0.92183,0.93934,0.93306,0.93434,0.94341,0.91086,0.91811,0.93464,0.9283,0.92506,0.94081,0.93926,0.94554,0.92503,0.93752,0.93036,0.91058,0.91097,0.92768,0.90908,0.92718,0.92344,0.90062,0.91817,0.94363,0.93175,0.93417,0.93842,0.92752,0.91635,0.92639,0.91525,0.93237,0.92557,0.95025,0.9144,0.92944,0.9277,0.87977,0.93027,0.9428,0.94007,0.94449,0.91584,0.92033,0.90714,0.92187,0.9419,0.90033,0.91049,0.92659,0.90416,0.92925,0.91612,0.91675,0.92734,0.91919,0.92064,0.91085,0.92879,0.92615,0.93799,0.93895,0.94989,0.95037,0.92436,0.92556,0.91422,0.9174,0.9375,0.90925,0.92964,0.91846,0.92442,0.92334,0.92475,0.94065,0.94758,0.93875,0.91696,0.94442,0.93157,0.9051,0.92897,0.90011,0.92725,0.91736,0.96555,0.92961,0.92269,0.94114,0.90451,0.8808,0.94501,0.87893,0.93164,0.93493,0.94927,0.91458,0.90643,0.91834,0.94609,0.91433,0.91725,0.88674,0.89614,0.91417,0.90021,0.90746,0.92766,0.93098,0.91571,0.91828,0.93806,0.90445,0.9255,0.92027,0.90913,0.90738,0.93954,0.91484,0.94649,0.94462,0.92028,0.91468,0.90729,0.90392,0.9228,0.90154,0.91576,0.90793,0.9321,0.92694,0.9103,0.93233,0.92319,0.90983,0.93537,0.91952,0.95289,0.92447,0.93852,0.93792,0.92578,0.89688,0.88124,0.8281,0.87541,0.85804,0.89105,0.8977,0.90335,0.87418,0.91532,0.9325,0.88038,0.91193,0.92344,0.9372,0.93193,0.94058,0.91694,0.91928,0.94086,0.90977,0.92009,0.90231,0.93906,0.93868,0.88279,0.8789,0.90781,0.91086,0.92667,0.93941,0.92624,0.92014,0.85327,0.93349,0.93232,0.93605,0.91245,0.93513,0.88961,0.92053,0.89457,0.91861,0.93864,0.91637,0.93095,0.90442,0.89114,0.93559,0.9028,0.9084,0.94242,0.93316,0.93202,0.94027,0.90489,0.88493,0.90162,0.91924,0.93341,0.91788,0.91387,0.92196,0.90318,0.82419,0.79787,0.90911,0.86931,0.93654,0.92682,0.88808,0.91481,0.92039,0.92139,0.91113,0.88039,0.88512,0.92767
0.91378,0.93619,0.90344,0.90982,0.92435,0.84773,0.9467,0.89899,0.94125,0.91462,0.9138,0.9397,0.92075,1,0.89433,0.92684,0.94453,0.92251,0.93147,0.92866,0.92033,0.92885,0.89579,0.87547,0.9399,0.88847,0.89426,0.91397,0.93006,0.89118,0.87868,0.9343,0.94032,0.91274,0.89849,0.90898,0.913,0.93703,0.94029,0.91964,0.92898,0.93093,0.93036,0.92097,0.91553,0.92013,0.89845,0.92194,0.92215,0.93895,0.91172,0.90437,0.93606,0.94542,0.92391,0.9112,0.93093,0.92452,0.89362,0.94866,0.94259,0.89211,0.9072,0.92607,0.94293,0.95105,0.94603,0.90328,0.90628,0.96361,0.90548,0.92758,0.89403,0.91865,0.92039,0.9156,0.92196,0.90759,0.9285,0.92229,0.91231,0.92163,0.94064,0.94678,0.91373,0.93753,0.93545,0.93733,0.91524,0.91479,0.87944,0.9088,0.91158,0.93609,0.9325,0.88879,0.89597,0.88638,0.90681,0.94131,0.91001,0.92346,0.92812,0.91661,0.94461,0.94477,0.91316,0.93846,0.9241,0.90516,0.92155,0.89056,0.89303,0.92198,0.92208,0.91777,0.90964,0.93629,0.94655,0.94706,0.92371,0.88111,0.95064,0.92092,0.94753,0.92588,0.91138,0.91644,0.91475,0.89762,0.88146,0.83306,0.94434,0.85814,0.88412,0.90208,0.91673,0.91372,0.88068,0.94048,0.90812,0.94309,0.89274,0.8911,0.92831,0.9331,0.92146,0.87647,0.93502,0.95065,0.91574,0.89313,0.93983,0.86202,0.91383,0.91274,0.89537,0.88285,0.89715,0.8979,0.93591,0.92861,0.91548,0.93717,0.8652,0.86178,0.92682,0.86639,0.92226,0.88215,0.91685,0.9434,0.9415,0.91181,0.89259,0.91965,0.904,0.90868,0.91912,0.90204,0.90533,0.90075,0.9429,0.92377,0.86706,0.84738,0.8558,0.82166,0.85681,0.86507,0.87175,0.87234,0.90224,0.93626,0.83551,0.9135,0.88239,0.93541,0.91478,0.90993,0.91265,0.88271,0.89649,0.86758,0.929,0.91535,0.92368,0.92171,0.88967,0.84457,0.91369,0.89411,0.91913,0.92293,0.94201,0.89918,0.85479,0.90014,0.92975,0.92785,0.8952,0.936,0.87573,0.91605,0.85653,0.8997,0.91484,0.87675,0.92678,0.8505,0.85958,0.91615,0.86692,0.87455,0.92788,0.88669,0.89161,0.90977,0.87562,0.89987,0.91526,0.90093,0.92474,0.8736,0.91267,0.92128,0.8707,0.7996,0.76413,0.86774,0.84417,0.90105,0.9483,0.86133,0.93457,0.9116,0.89093,0.91915,0.83226,0.89864,0.88822
0.90738,0.91473,0.90571,0.86765,0.91116,0.84372,0.9047,0.8821,0.87711,0.86525,0.87582,0.89766,0.91282,0.89433,1,0.91156,0.91797,0.9201,0.90893,0.90059,0.91586,0.91124,0.89038,0.87305,0.89754,0.86662,0.93086,0.88491,0.92221,0.88678,0.89778,0.9071,0.885,0.92686,0.92743,0.88552,0.88995,0.88408,0.89846,0.91027,0.92297,0.88476,0.91942,0.90942,0.90311,0.92518,0.87289,0.88796,0.91272,0.93016,0.91902,0.88823,0.89725,0.91512,0.91798,0.88552,0.89335,0.91359,0.87649,0.89892,0.89757,0.86207,0.87504,0.91565,0.91336,0.90888,0.90572,0.88576,0.8886,0.90164,0.91287,0.89511,0.88945,0.90445,0.89838,0.91496,0.91944,0.86535,0.89197,0.91175,0.88848,0.91917,0.88993,0.89076,0.90438,0.89672,0.91082,0.87362,0.88679,0.89561,0.9099,0.92063,0.89875,0.89789,0.88682,0.90231,0.89897,0.92889,0.90304,0.9085,0.91503,0.88664,0.90964,0.91019,0.90282,0.91001,0.91063,0.89181,0.88379,0.91396,0.91646,0.90493,0.90223,0.88489,0.91288,0.92406,0.91853,0.91775,0.88641,0.91625,0.90048,0.92055,0.90228,0.8853,0.90862,0.89041,0.91476,0.90923,0.89214,0.88357,0.88177,0.84718,0.8928,0.86627,0.891,0.88716,0.90742,0.88024,0.86432,0.8946,0.91302,0.87741,0.85934,0.86822,0.86092,0.89082,0.86325,0.9077,0.8957,0.9057,0.8662,0.90219,0.91023,0.89633,0.91294,0.88348,0.89091,0.87301,0.9201,0.86831,0.8928,0.89498,0.88067,0.8749,0.88525,0.88641,0.87153,0.86759,0.86575,0.87042,0.88407,0.8978,0.88531,0.91237,0.89456,0.90204,0.91421,0.88377,0.89492,0.89451,0.88979,0.91528,0.88982,0.87074,0.89892,0.81525,0.87233,0.84026,0.86384,0.88513,0.86725,0.86916,0.89748,0.9058,0.85317,0.86801,0.88855,0.88917,0.89338,0.90651,0.88372,0.90449,0.90381,0.89254,0.86947,0.89419,0.89873,0.91039,0.85742,0.89451,0.85951,0.92206,0.88566,0.89906,0.90193,0.89329,0.83378,0.89884,0.91238,0.88485,0.9112,0.89545,0.89808,0.88626,0.89655,0.87086,0.89567,0.90058,0.88563,0.8738,0.87379,0.88684,0.89869,0.88036,0.90456,0.89225,0.89929,0.8996,0.87668,0.86404,0.86376,0.8728,0.89471,0.87969,0.87523,0.87964,0.8926,0.83799,0.81767,0.89566,0.86049,0.90777,0.89423,0.87253,0.88438,0.89059,0.9113,0.88482,0.85749,0.89441,0.90908
0.94632,0.93922,0.94375,0.92302,0.96367,0.88797,0.93214,0.94051,0.91057,0.92414,0.94088,0.92059,0.93949,0.92684,0.91156,1,0.92919,0.92265,0.95564,0.94755,0.93342,0.95617,0.93535,0.90839,0.96743,0.92734,0.92613,0.93723,0.92623,0.93153,0.91019,0.92948,0.93137,0.94279,0.93314,0.93143,0.91979,0.92831,0.93942,0.93044,0.93974,0.9361,0.94366,0.95246,0.93668,0.94392,0.90877,0.94104,0.9571,0.9313,0.92632,0.93267,0.94158,0.95005,0.94455,0.93867,0.94267,0.9279,0.92761,0.92962,0.92584,0.91981,0.94088,0.95508,0.93529,0.94896,0.96463,0.94398,0.93143,0.93896,0.94426,0.92233,0.92293,0.9349,0.94231,0.95132,0.94847,0.90378,0.94283,0.93626,0.94309,0.94874,0.93145,0.92354,0.94086,0.93495,0.94588,0.91505,0.94323,0.92129,0.91769,0.92755,0.93802,0.95159,0.92141,0.93244,0.9349,0.92088,0.92405,0.94428,0.9548,0.94093,0.9457,0.9462,0.94302,0.92832,0.94075,0.92126,0.93495,0.93969,0.94563,0.92727,0.92961,0.92001,0.93202,0.95152,0.94203,0.9358,0.92109,0.93993,0.94888,0.9049,0.93946,0.93569,0.94452,0.95208,0.93607,0.92037,0.93757,0.9304,0.91357,0.85798,0.93987,0.90304,0.91841,0.91248,0.92902,0.92521,0.90588,0.92586,0.92742,0.916,0.90527,0.89426,0.89949,0.92552,0.91012,0.91635,0.9336,0.9402,0.89959,0.93385,0.94769,0.90684,0.9375,0.94172,0.91744,0.89518,0.9341,0.92464,0.94619,0.9296,0.9097,0.90993,0.90483,0.90529,0.91909,0.89281,0.90474,0.91229,0.91759,0.93763,0.91619,0.93829,0.91539,0.92623,0.94136,0.91648,0.94325,0.91821,0.93745,0.92645,0.93247,0.90359,0.90714,0.83489,0.87745,0.86096,0.90777,0.89581,0.90493,0.87031,0.92219,0.93561,0.86184,0.89432,0.92433,0.92482,0.92276,0.93804,0.92278,0.93131,0.94177,0.89679,0.92708,0.92397,0.93131,0.93351,0.8893,0.87762,0.91267,0.92696,0.94878,0.92916,0.92942,0.94868,0.8575,0.92609,0.94269,0.93098,0.90978,0.92823,0.90473,0.91167,0.89745,0.90841,0.92613,0.92426,0.92149,0.87725,0.898,0.93032,0.92246,0.90347,0.94802,0.91619,0.93357,0.92704,0.91408,0.91579,0.90783,0.90832,0.93266,0.90553,0.92643,0.94342,0.91545,0.8465,0.79973,0.91781,0.88346,0.94063,0.93966,0.88696,0.90445,0.92279,0.9434,0.91249,0.8694,0.90556,0.91285
0.90755,0.93907,0.90976,0.91215,0.9239,0.85917,0.95391,0.90342,0.9172,0.90792,0.90788,0.94162,0.94433,0.94453,0.91797,0.92919,1,0.94037,0.93197,0.93593,0.92982,0.93116,0.90328,0.88815,0.93407,0.89301,0.90064,0.91897,0.94369,0.90386,0.88798,0.9445,0.92469,0.92229,0.9134,0.91467,0.92002,0.92735,0.92356,0.9176,0.94451,0.92489,0.93448,0.92087,0.91991,0.91918,0.91575,0.92228,0.92372,0.96493,0.94195,0.91632,0.92591,0.95371,0.93849,0.91438,0.92047,0.93092,0.89362,0.93416,0.92865,0.8946,0.90808,0.92821,0.94322,0.93549,0.93467,0.904,0.9223,0.94449,0.91215,0.92893,0.89933,0.92873,0.91202,0.92269,0.9232,0.88813,0.92011,0.9407,0.91733,0.93172,0.93003,0.92785,0.91155,0.93122,0.93755,0.91948,0.91284,0.91571,0.89938,0.92278,0.90478,0.92296,0.92334,0.89568,0.89928,0.89898,0.92038,0.93426,0.92184,0.92894,0.93232,0.92983,0.93663,0.9403,0.91045,0.93295,0.92021,0.90267,0.92409,0.8981,0.90616,0.91413,0.92961,0.93237,0.93454,0.94724,0.92992,0.95332,0.91713,0.89471,0.93793,0.91423,0.93425,0.91349,0.93053,0.93041,0.90957,0.91419,0.88563,0.85714,0.94033,0.86425,0.90948,0.922,0.93776,0.91509,0.89319,0.93812,0.92604,0.92446,0.89723,0.8946,0.90949,0.9233,0.90895,0.89056,0.93876,0.94304,0.92127,0.89847,0.93801,0.88362,0.92238,0.91589,0.89633,0.898,0.91884,0.90397,0.93574,0.9398,0.92069,0.93011,0.88949,0.88172,0.92456,0.88879,0.91732,0.89726,0.93094,0.93205,0.92564,0.91422,0.91005,0.91494,0.91367,0.91553,0.93031,0.91129,0.91737,0.9271,0.93344,0.90489,0.87615,0.83819,0.86124,0.83919,0.86865,0.87627,0.89044,0.87606,0.90445,0.93702,0.85898,0.9165,0.89905,0.93947,0.9346,0.93369,0.91158,0.89722,0.91441,0.88347,0.91951,0.91049,0.93343,0.92968,0.88326,0.86085,0.90747,0.90207,0.91863,0.93398,0.93398,0.90861,0.84936,0.91764,0.93583,0.92117,0.9073,0.94213,0.88994,0.91636,0.87224,0.9128,0.9255,0.89086,0.92774,0.87418,0.87607,0.93031,0.87694,0.89318,0.92863,0.90504,0.90423,0.93316,0.89021,0.88336,0.90091,0.91345,0.92339,0.89346,0.92172,0.91566,0.88307,0.81076,0.77859,0.88777,0.85959,0.92049,0.93629,0.87071,0.93554,0.92651,0.90651,0.91364,0.84945,0.88993,0.9089
0.90626,0.93108,0.90817,0.89196,0.90824,0.85705,0.93832,0.89707,0.89556,0.88945,0.89544,0.91211,0.92822,0.92251,0.9201,0.92265,0.94037,1,0.91354,0.91571,0.91062,0.92529,0.90285,0.87552,0.91785,0.88655,0.91777,0.89888,0.93151,0.89398,0.91394,0.91788,0.91527,0.9247,0.91534,0.90529,0.90241,0.90272,0.91023,0.90339,0.96407,0.90777,0.91892,0.91508,0.92017,0.91836,0.89521,0.90417,0.92841,0.94602,0.938,0.90406,0.90733,0.94272,0.9513,0.91052,0.91546,0.92075,0.89821,0.91458,0.91111,0.88468,0.89101,0.92562,0.9299,0.92032,0.91957,0.90451,0.90979,0.92691,0.90678,0.90241,0.89687,0.91975,0.90624,0.92313,0.91468,0.87902,0.90682,0.93495,0.90675,0.91339,0.90888,0.90648,0.92141,0.91409,0.91802,0.89854,0.89933,0.90499,0.90087,0.94596,0.90543,0.9111,0.90718,0.90299,0.90831,0.91859,0.92303,0.91711,0.92537,0.91589,0.9281,0.91428,0.92257,0.92401,0.91049,0.92022,0.90197,0.90381,0.93329,0.89134,0.90443,0.89748,0.92802,0.92618,0.91761,0.9486,0.90258,0.93116,0.91093,0.88527,0.93238,0.90959,0.91771,0.90303,0.92748,0.9098,0.90355,0.90785,0.88512,0.85502,0.91228,0.8647,0.90306,0.90483,0.91276,0.89199,0.87887,0.9138,0.91131,0.89825,0.8813,0.89912,0.88339,0.90163,0.88536,0.89088,0.91116,0.93312,0.8949,0.89361,0.91899,0.89092,0.93176,0.8963,0.89824,0.87829,0.90942,0.89023,0.91869,0.91088,0.90286,0.89792,0.89205,0.89251,0.89904,0.87472,0.89539,0.88185,0.90932,0.9111,0.89834,0.90799,0.90317,0.90057,0.9077,0.89736,0.91985,0.89972,0.90739,0.91001,0.91303,0.88838,0.88251,0.82947,0.85142,0.84127,0.86613,0.86822,0.8749,0.86418,0.89552,0.92402,0.85435,0.88925,0.89904,0.90657,0.91181,0.92346,0.90388,0.90137,0.90566,0.88234,0.89205,0.90341,0.91333,0.91162,0.87655,0.86337,0.88746,0.90095,0.90503,0.91083,0.91001,0.90001,0.842,0.90555,0.92491,0.90524,0.89941,0.91137,0.91249,0.89534,0.87477,0.89209,0.89925,0.8943,0.90385,0.87598,0.86812,0.91007,0.88263,0.8845,0.91823,0.89777,0.90139,0.91599,0.87557,0.8768,0.89186,0.88776,0.90916,0.88743,0.90028,0.90204,0.88158,0.81516,0.79379,0.8915,0.85972,0.91085,0.92017,0.86603,0.90035,0.91221,0.90718,0.8979,0.85688,0.88568,0.89359
0.94356,0.94509,0.92492,0.91938,0.95829,0.87835,0.93081,0.92474,0.92161,0.91598,0.92637,0.94019,0.94389,0.93147,0.90893,0.95564,0.93197,0.91354,1,0.95535,0.94305,0.95693,0.91208,0.89213,0.95344,0.91302,0.91526,0.93565,0.9284,0.92092,0.89179,0.95138,0.93445,0.93966,0.93486,0.94176,0.93846,0.92961,0.94756,0.94362,0.93379,0.93686,0.94825,0.95937,0.92239,0.94409,0.91518,0.94148,0.93938,0.93051,0.92188,0.94045,0.94861,0.94417,0.92823,0.92263,0.92938,0.93366,0.91311,0.94017,0.93773,0.90407,0.93182,0.95518,0.94133,0.9567,0.96187,0.93787,0.91322,0.94808,0.92974,0.94333,0.93138,0.9502,0.93881,0.93697,0.95702,0.89676,0.95296,0.94102,0.94776,0.9594,0.92619,0.93718,0.92292,0.9343,0.95733,0.91364,0.92866,0.93957,0.90127,0.91981,0.9437,0.94144,0.93483,0.93164,0.92524,0.91169,0.92733,0.94512,0.93446,0.94093,0.94987,0.95821,0.93725,0.94253,0.93646,0.92544,0.94846,0.93123,0.93219,0.93478,0.92972,0.93485,0.92883,0.94165,0.93362,0.94143,0.93514,0.94761,0.94413,0.90977,0.93831,0.91523,0.9612,0.94113,0.94079,0.94044,0.94131,0.92395,0.90919,0.86002,0.94833,0.88814,0.9075,0.91442,0.93394,0.92748,0.89857,0.9273,0.93704,0.93086,0.91205,0.88197,0.90959,0.92275,0.90764,0.90976,0.92945,0.94499,0.90867,0.92957,0.95102,0.88999,0.92368,0.93463,0.92539,0.90011,0.92967,0.91421,0.94587,0.93884,0.92576,0.91835,0.88933,0.8915,0.92547,0.88578,0.91497,0.89325,0.91955,0.94389,0.92519,0.94943,0.91038,0.92568,0.94314,0.92589,0.94546,0.93215,0.93895,0.91889,0.93761,0.91601,0.88388,0.84517,0.88605,0.84826,0.89389,0.90662,0.89553,0.88704,0.92547,0.94251,0.86101,0.90691,0.90949,0.93545,0.92035,0.92583,0.93207,0.9128,0.93902,0.90777,0.93136,0.91088,0.9364,0.95313,0.88808,0.87525,0.91248,0.92481,0.93647,0.943,0.93712,0.93304,0.86828,0.92269,0.9498,0.94899,0.92441,0.9321,0.88874,0.92116,0.89178,0.91028,0.94496,0.9214,0.9352,0.88038,0.88843,0.92975,0.90727,0.89619,0.95349,0.92128,0.92617,0.92342,0.90604,0.91118,0.91242,0.90966,0.9483,0.90167,0.91207,0.9337,0.90614,0.82857,0.79233,0.90153,0.86376,0.93069,0.93637,0.8931,0.91607,0.91207,0.91901,0.9167,0.86919,0.90844,0.91759
