1,0.76215,0.75343,0.75664,0.87916,0.88982,0.84864,0.82214,0.78681,0.94514,0.84161,0.86245,0.75945,0.88725,0.80414,0.87292,0.96246,0.9757,0.76325,0.90574,0.87306,0.89931,0.84078,0.88144,0.78406,0.96278,0.90268,0.97124,0.94504,0.96896,0.8481,0.88757,0.82146,0.74734,0.91667,0.84187,0.90256,0.97087,0.73996,0.89122,0.93351,0.79929,0.75051,0.91266,0.83379,0.80963,0.76638,0.84176,0.94931,0.94015,0.88439,0.88936,0.90622,0.82443,0.93449,0.75354,0.74897,0.93219,0.92946,0.90549,0.8575,0.93007,0.81425,0.85869,0.82957,0.98409,0.96684,0.94265,0.92043,0.92933,0.8643,0.76841,0.84136,0.96799,0.87287,0.92264,0.79361,0.91663,0.82006,0.79575,0.98238,0.66534,0.79246,0.92389,0.94267,0.77534,0.74583,0.75311,0.78377,0.94928,0.95884,0.75181,0.85771,0.73912,0.91162,0.81178,0.95277,0.81299,0.97631,0.70844,0.81558,0.93407,0.87472,0.9138,0.92574,0.94907,0.8713,0.71444,0.79857,0.74714,0.91651,0.69255,0.75331,0.88478,0.9783,0.962,0.77955,0.78098,0.78663,0.82756,0.91288,0.82605,0.73954,0.90958,0.83238,0.86612,0.86549,0.8206,0.78351,0.94819,0.9195,0.96613,0.97304,0.93053,0.89237,0.68671,0.83189,0.76315,0.81942,0.77422,0.94449,0.92016,0.79434,0.62464,0.73814,0.90546,0.96889,0.89006,0.73493,0.73415,0.77155,0.74209,0.77439,0.9705,0.73965,0.80826,0.73853,0.89454,0.9185,0.88562,0.73891,0.93563,0.73929,0.93365,0.93002,0.79224,0.97149,0.73839,0.98083,0.83345,0.97717,0.7418,0.79882,0.86285,0.74673,0.65931,0.73941,0.90765,0.86639,0.73618,0.73987,0.69456,0.91201,0.71133,0.91192,0.89674,0.81202,0.91073,0.73308,0.95466,0.93234,0.79092,0.86298,0.9842,0.82235,0.76566,0.91584,0.84251,0.89471,0.96809,0.8311,0.93953,0.85337,0.85061,0.89542,0.94702,0.78967,0.88112,0.84099,0.79806,0.96623,0.80492,0.75467,0.82845,0.92574,0.96142,0.93571,0.96136,0.91584,0.98662,0.9466,0.888,0.73788,0.88038,0.89447,0.6962,0.74764,0.97608,0.90346,0.90778,0.8892,0.79413,0.96551,0.70354,0.95926,0.78957,0.98591,0.80667,0.87611,0.98021,0.82371,0.72525,0.94311,0.8336,0.94993,0.83461,0.89149,0.83803,0.91401,0.98367,0.84114,0.78152,0.94294,0.94912,0.94957,0.96692,0.71841,0.98166,0.73544,0.7512,0.97342
0.76215,1,0.98223,0.98771,0.86594,0.8554,0.89719,0.9257,0.9654,0.80454,0.90429,0.88259,0.98596,0.85782,0.94669,0.87203,0.73633,0.77528,0.98777,0.69119,0.87221,0.84617,0.64143,0.86332,0.96944,0.78886,0.8434,0.74471,0.8046,0.7431,0.89769,0.85772,0.92706,0.978,0.83026,0.90479,0.84309,0.78224,0.96758,0.8541,0.71285,0.95228,0.98136,0.83429,0.9126,0.93958,0.98727,0.90468,0.80116,0.80906,0.86058,0.67882,0.83993,0.92361,0.81405,0.9825,0.98119,0.81638,0.81844,0.83963,0.88762,0.81748,0.93508,0.88656,0.91794,0.75742,0.78566,0.80699,0.82678,0.81886,0.88112,0.98894,0.90476,0.78255,0.87197,0.70473,0.95942,0.83016,0.92875,0.95595,0.75691,0.87235,0.95933,0.82342,0.80714,0.97947,0.97484,0.98524,0.97093,0.80091,0.7927,0.98461,0.88694,0.96745,0.69579,0.93761,0.72789,0.93603,0.77653,0.92885,0.93336,0.81416,0.66733,0.69758,0.82193,0.80047,0.87395,0.93655,0.95343,0.97316,0.8305,0.90799,0.98043,0.86014,0.74963,0.78791,0.97513,0.97373,0.96768,0.91948,0.83328,0.92154,0.96815,0.83666,0.91414,0.87927,0.88003,0.92758,0.97007,0.72417,0.70186,0.78542,0.77948,0.71196,0.68433,0.8994,0.63465,0.98288,0.92462,0.97002,0.80107,0.82672,0.60818,0.8185,0.96564,0.82544,0.74872,0.6794,0.96082,0.56043,0.58861,0.96292,0.97867,0.74409,0.96842,0.92511,0.96546,0.84989,0.70092,0.8477,0.96547,0.81258,0.96796,0.71477,0.81581,0.60451,0.75825,0.96588,0.77324,0.63666,0.7589,0.96855,0.94589,0.6582,0.97214,0.50286,0.96304,0.83816,0.8791,0.96281,0.96817,0.52981,0.83404,0.54246,0.83103,0.82935,0.93709,0.82798,0.55949,0.74567,0.81644,0.95137,0.65849,0.75577,0.62736,0.9845,0.69888,0.64268,0.84995,0.74065,0.91561,0.7205,0.89262,0.89538,0.68473,0.80325,0.95984,0.8602,0.90422,0.94439,0.75511,0.614,0.98267,0.91744,0.82109,0.77715,0.71455,0.79012,0.69892,0.76499,0.72272,0.85717,0.96531,0.86429,0.85067,0.53126,0.95944,0.74896,0.69,0.69269,0.67855,0.6058,0.78767,0.53664,0.7335,0.96298,0.76292,0.61555,0.66839,0.75331,0.92356,0.55311,0.73903,0.63617,0.73437,0.63685,0.68019,0.63925,0.69743,0.76547,0.90393,0.93751,0.80647,0.72474,0.80095,0.78316,0.93945,0.75313,0.96136,0.98062,0.75369
0.75343,0.98223,1,0.98518,0.8558,0.8456,0.88659,0.91473,0.95532,0.79531,0.89398,0.87249,0.98399,0.84764,0.93515,0.86182,0.72785,0.76639,0.98268,0.6832,0.862,0.83645,0.63405,0.85345,0.9577,0.77984,0.83349,0.73604,0.79526,0.73446,0.8873,0.84788,0.91605,0.98406,0.82068,0.89396,0.83341,0.77314,0.9764,0.84429,0.70463,0.94062,0.98427,0.82467,0.90212,0.92812,0.97676,0.89416,0.79184,0.79967,0.85062,0.67096,0.83015,0.9127,0.8045,0.98425,0.98568,0.80695,0.8088,0.82977,0.87723,0.80803,0.92359,0.87629,0.90702,0.7487,0.77657,0.79768,0.81715,0.80952,0.87088,0.97654,0.89429,0.77351,0.86193,0.69666,0.94761,0.82063,0.91753,0.9443,0.74809,0.88219,0.94846,0.81412,0.79782,0.96797,0.98196,0.98591,0.95902,0.79168,0.78357,0.98669,0.87664,0.97641,0.68777,0.92639,0.71951,0.92532,0.76757,0.93908,0.92255,0.80477,0.65967,0.6896,0.81244,0.79119,0.86364,0.94671,0.94215,0.98093,0.82078,0.9181,0.98312,0.84998,0.74092,0.77884,0.963,0.96198,0.95555,0.90912,0.82376,0.91078,0.9759,0.82712,0.90386,0.86913,0.86972,0.91657,0.9588,0.71583,0.69376,0.77641,0.77045,0.70386,0.67657,0.90939,0.62735,0.97619,0.91408,0.96316,0.79201,0.8174,0.60128,0.82801,0.97327,0.81623,0.74017,0.67157,0.96827,0.55403,0.58189,0.97031,0.96817,0.73543,0.97617,0.9164,0.97356,0.84022,0.69283,0.83843,0.97193,0.8031,0.9759,0.70665,0.80658,0.59759,0.74948,0.97438,0.76435,0.62939,0.75018,0.97774,0.93696,0.65061,0.97963,0.49712,0.96848,0.82857,0.86901,0.97083,0.97642,0.52374,0.82428,0.53622,0.82165,0.82059,0.9264,0.81881,0.55315,0.73739,0.80693,0.94292,0.65085,0.74712,0.62018,0.97495,0.69083,0.63526,0.84024,0.73212,0.90503,0.71228,0.88212,0.88498,0.6769,0.79394,0.95008,0.85041,0.89395,0.93559,0.74656,0.6069,0.98369,0.90712,0.81166,0.76835,0.70638,0.781,0.6909,0.75613,0.71438,0.8474,0.9739,0.85442,0.84089,0.52521,0.96311,0.7403,0.68209,0.68471,0.67069,0.59881,0.77854,0.53048,0.72496,0.95199,0.75406,0.60848,0.66072,0.7447,0.91289,0.54674,0.73063,0.62883,0.72598,0.62958,0.67235,0.63189,0.68939,0.7566,0.89374,0.93206,0.79703,0.7164,0.79175,0.7743,0.94972,0.74442,0.96906,0.98709,0.74519
0.75664,0.98771,0.98518,1,0.85972,0.84914,0.89048,0.91894,0.95835,0.7987,0.89766,0.87604,0.98623,0.8516,0.93974,0.86573,0.73097,0.76963,0.98442,0.68617,0.866,0.84004,0.63678,0.85709,0.96316,0.7831,0.83724,0.73927,0.7987,0.73778,0.89089,0.85146,0.91996,0.98276,0.82407,0.89818,0.83686,0.77653,0.97369,0.84787,0.70772,0.94463,0.98636,0.82823,0.90603,0.93304,0.9813,0.89788,0.79533,0.80311,0.85436,0.67392,0.83371,0.91686,0.80805,0.98457,0.98499,0.81045,0.81247,0.83338,0.88142,0.81154,0.92813,0.88014,0.91116,0.75188,0.77992,0.80113,0.82061,0.81294,0.87449,0.98163,0.89814,0.77692,0.86568,0.69955,0.95202,0.82423,0.92183,0.94957,0.75142,0.87854,0.95282,0.81745,0.80129,0.97358,0.97871,0.98721,0.96337,0.79506,0.78694,0.98774,0.88065,0.97259,0.6907,0.93046,0.72259,0.92898,0.77083,0.93523,0.92648,0.80816,0.66254,0.6925,0.81595,0.79477,0.86765,0.94312,0.9464,0.97642,0.82446,0.91445,0.98249,0.85389,0.74418,0.78231,0.96797,0.96586,0.95995,0.91266,0.82715,0.91472,0.9744,0.83052,0.9074,0.87283,0.87363,0.92105,0.96211,0.71897,0.69671,0.7796,0.77369,0.70687,0.67948,0.90584,0.63011,0.97695,0.91824,0.96609,0.79538,0.82088,0.60388,0.82467,0.9695,0.81973,0.74337,0.67449,0.96452,0.55643,0.58442,0.96813,0.97083,0.73862,0.97272,0.9201,0.97065,0.84371,0.69582,0.84193,0.96991,0.80648,0.97242,0.70963,0.81016,0.60018,0.75281,0.97062,0.76761,0.63212,0.75352,0.97465,0.94026,0.65342,0.97816,0.49928,0.96718,0.83214,0.8726,0.96683,0.9734,0.52598,0.82773,0.53853,0.82516,0.82393,0.93009,0.82221,0.55549,0.74049,0.81047,0.94714,0.65365,0.7503,0.62286,0.97754,0.69382,0.63799,0.84388,0.73523,0.90862,0.71541,0.88587,0.88883,0.67985,0.7973,0.9546,0.85414,0.89796,0.93972,0.7498,0.6095,0.9816,0.9111,0.81518,0.7717,0.70939,0.78441,0.69382,0.75941,0.71746,0.85093,0.96999,0.85803,0.84438,0.52748,0.96256,0.74343,0.68504,0.68766,0.67361,0.60142,0.7819,0.53276,0.72808,0.95532,0.7573,0.61111,0.66358,0.74776,0.9165,0.54909,0.73387,0.6316,0.72919,0.63223,0.67524,0.63461,0.69236,0.75993,0.89787,0.93439,0.80052,0.7195,0.79505,0.7775,0.94565,0.74761,0.96519,0.98552,0.74841
0.87916,0.86594,0.8558,0.85972,1,0.97983,0.96219,0.93343,0.89334,0.92769,0.95426,0.97544,0.86265,0.98308,0.91349,0.98379,0.84953,0.89406,0.86697,0.79764,0.98585,0.97245,0.74027,0.98401,0.89091,0.90968,0.97096,0.85923,0.92763,0.85743,0.96129,0.98241,0.93251,0.84907,0.95577,0.95562,0.96897,0.90244,0.84065,0.97955,0.82261,0.90763,0.8527,0.96133,0.94609,0.91961,0.87063,0.95474,0.92399,0.93285,0.98287,0.78337,0.96652,0.93613,0.9385,0.85602,0.85091,0.94101,0.94362,0.96497,0.97185,0.94162,0.92489,0.97256,0.94199,0.87381,0.90622,0.93052,0.952,0.94371,0.97747,0.87297,0.95447,0.90252,0.98372,0.81297,0.90148,0.95666,0.93119,0.90405,0.8733,0.75596,0.90009,0.9484,0.93057,0.88093,0.84713,0.85561,0.89026,0.92348,0.91422,0.8542,0.97089,0.83967,0.80289,0.92163,0.83987,0.92283,0.89566,0.80489,0.92595,0.93832,0.77016,0.80496,0.94702,0.92314,0.98481,0.81174,0.90707,0.84846,0.95725,0.78686,0.85558,0.98415,0.86499,0.90855,0.88551,0.88707,0.89355,0.93912,0.95862,0.93763,0.84028,0.96261,0.94413,0.97956,0.97996,0.93183,0.88977,0.83566,0.80982,0.90535,0.89887,0.82137,0.78884,0.78012,0.73249,0.86639,0.92861,0.87881,0.92194,0.95243,0.70119,0.70967,0.83834,0.93784,0.86324,0.78399,0.83457,0.64665,0.67935,0.8425,0.87921,0.85844,0.84016,0.91214,0.83881,0.9728,0.80889,0.95324,0.83935,0.93601,0.83978,0.82435,0.93955,0.69763,0.87401,0.8388,0.89212,0.73446,0.87545,0.84258,0.90557,0.75962,0.84816,0.58041,0.83968,0.96468,0.9794,0.83603,0.84052,0.61144,0.95884,0.62608,0.95328,0.9363,0.92188,0.9458,0.64557,0.8583,0.94144,0.89671,0.75983,0.87203,0.72406,0.86948,0.80654,0.74168,0.974,0.85448,0.94245,0.83105,0.96741,0.96451,0.78995,0.92599,0.8967,0.97311,0.95365,0.90477,0.87,0.70855,0.85713,0.93942,0.94574,0.89482,0.82452,0.9115,0.80648,0.88265,0.83401,0.98106,0.83805,0.983,0.97522,0.61304,0.84796,0.86392,0.79619,0.79939,0.78308,0.69918,0.90864,0.61933,0.84624,0.89654,0.8801,0.71036,0.77141,0.86889,0.93434,0.63836,0.84993,0.73419,0.84619,0.73487,0.78492,0.73776,0.80486,0.88326,0.95343,0.88217,0.92957,0.83635,0.9234,0.90298,0.81593,0.86883,0.83512,0.85334,0.86917
0.88982,0.8554,0.8456,0.84914,0.97983,1,0.95129,0.92201,0.88308,0.93868,0.94376,0.96635,0.85229,0.98309,0.90224,0.97473,0.85984,0.90492,0.85669,0.80724,0.97473,0.98125,0.74925,0.98214,0.87972,0.92093,0.97943,0.86947,0.93861,0.8674,0.95124,0.9858,0.92157,0.83879,0.96716,0.94402,0.97895,0.91303,0.83057,0.98528,0.83238,0.89693,0.8423,0.9716,0.93521,0.90788,0.8601,0.94437,0.93457,0.94378,0.98267,0.79275,0.97648,0.92464,0.94908,0.84575,0.84069,0.95181,0.95362,0.97451,0.95957,0.95276,0.91347,0.96187,0.93062,0.88441,0.91706,0.94147,0.96322,0.95483,0.96844,0.86239,0.94319,0.91298,0.97587,0.82303,0.89061,0.9667,0.91989,0.89274,0.88346,0.74688,0.88929,0.96053,0.94169,0.87006,0.83713,0.84531,0.87962,0.93456,0.92535,0.84389,0.95948,0.82971,0.81269,0.91085,0.85011,0.91224,0.90661,0.79524,0.91507,0.94972,0.77942,0.81485,0.95829,0.93349,0.97429,0.80196,0.89608,0.83866,0.96697,0.77741,0.84539,0.98222,0.8752,0.91888,0.87476,0.8765,0.88281,0.92843,0.97001,0.92668,0.83004,0.97371,0.93371,0.97009,0.96898,0.92004,0.87949,0.84559,0.81971,0.91655,0.90996,0.83118,0.79813,0.77074,0.74123,0.85642,0.9177,0.86832,0.93246,0.96288,0.70933,0.70107,0.82851,0.94397,0.87339,0.79343,0.82483,0.6544,0.68749,0.83238,0.86899,0.8688,0.83019,0.90189,0.82878,0.97916,0.81865,0.95481,0.82929,0.9474,0.82986,0.83425,0.94907,0.70602,0.88406,0.82889,0.90293,0.7432,0.88558,0.83246,0.89533,0.76881,0.83792,0.58736,0.82963,0.97434,0.97081,0.82625,0.83045,0.61884,0.96989,0.63367,0.9614,0.94124,0.9112,0.9538,0.65337,0.86789,0.95216,0.88577,0.76908,0.88253,0.73275,0.85927,0.81627,0.75068,0.97992,0.86485,0.93208,0.84069,0.95684,0.95342,0.7993,0.93727,0.88568,0.97139,0.94209,0.89377,0.87993,0.71718,0.84717,0.92845,0.95614,0.90477,0.83447,0.92221,0.81635,0.89325,0.84407,0.98439,0.82814,0.98079,0.98238,0.6204,0.83798,0.87446,0.80574,0.80904,0.79254,0.70758,0.91958,0.62682,0.85652,0.88612,0.89078,0.71891,0.78069,0.87978,0.92384,0.64611,0.85913,0.74292,0.85602,0.74382,0.79444,0.74669,0.81459,0.89366,0.94178,0.87233,0.94041,0.84638,0.93484,0.91404,0.80622,0.87935,0.82538,0.8431,0.87914
0.84864,0.89719,0.88659,0.89048,0.96219,0.95129,1,0.96558,0.92573,0.89573,0.98349,0.97892,0.89356,0.95353,0.9458,0.96782,0.81994,0.86328,0.89825,0.76978,0.9682,0.94092,0.71438,0.95907,0.9222,0.8784,0.93835,0.82926,0.89591,0.82721,0.98823,0.95402,0.96616,0.8797,0.92426,0.98474,0.93826,0.87103,0.87091,0.95012,0.79378,0.94071,0.88327,0.92862,0.976,0.95088,0.90193,0.98583,0.89197,0.90086,0.9564,0.75597,0.93484,0.96829,0.90612,0.88684,0.88179,0.90878,0.9109,0.93393,0.9794,0.90973,0.95738,0.98178,0.97488,0.84349,0.87486,0.8986,0.92063,0.91143,0.9792,0.90459,0.98343,0.87107,0.96817,0.78489,0.93389,0.92353,0.96377,0.93552,0.84277,0.78334,0.93176,0.91659,0.89842,0.91222,0.87794,0.88661,0.92254,0.89164,0.88256,0.88512,0.97909,0.87011,0.77494,0.95471,0.81063,0.95571,0.8648,0.83412,0.9588,0.90643,0.74317,0.77695,0.91491,0.89086,0.97088,0.8411,0.93962,0.87928,0.92423,0.81532,0.88646,0.95607,0.83478,0.87684,0.91768,0.91929,0.92595,0.97183,0.92757,0.96996,0.87044,0.93119,0.97527,0.97639,0.97739,0.96308,0.92229,0.8064,0.78172,0.87467,0.86813,0.79264,0.76138,0.80814,0.70674,0.89831,0.95743,0.9095,0.89089,0.91969,0.67674,0.73505,0.86908,0.9122,0.83326,0.75657,0.86524,0.62398,0.65547,0.87215,0.91149,0.82863,0.87084,0.9373,0.86912,0.94464,0.78064,0.93319,0.86966,0.90481,0.87047,0.79573,0.90684,0.67315,0.84364,0.86927,0.86109,0.70882,0.84457,0.87277,0.93617,0.73309,0.87821,0.56,0.86974,0.93221,0.97666,0.86672,0.87092,0.59007,0.92843,0.60421,0.92265,0.91305,0.95494,0.91749,0.62298,0.82892,0.90889,0.92585,0.73344,0.84163,0.69866,0.90129,0.77834,0.71582,0.94432,0.82486,0.97544,0.80185,0.98914,0.98757,0.76222,0.89447,0.92738,0.95164,0.97808,0.93368,0.83984,0.6839,0.88848,0.96875,0.91348,0.86391,0.79576,0.87962,0.77846,0.85191,0.8049,0.95316,0.86863,0.95983,0.94623,0.59154,0.87726,0.83415,0.76832,0.77147,0.75572,0.67467,0.87718,0.59767,0.81693,0.92931,0.84968,0.68548,0.74436,0.83906,0.96719,0.61608,0.82089,0.7084,0.81682,0.70926,0.75757,0.71198,0.77677,0.8523,0.97742,0.90872,0.89783,0.80711,0.89193,0.87187,0.84533,0.83875,0.8658,0.88399,0.83866
0.82214,0.9257,0.91473,0.91894,0.93343,0.92201,0.96558,1,0.95367,0.86782,0.97136,0.95063,0.92188,0.92471,0.97434,0.93967,0.79438,0.83634,0.92665,0.74574,0.94022,0.91215,0.69209,0.93037,0.95136,0.85091,0.90948,0.80342,0.86785,0.80169,0.96567,0.92452,0.98581,0.90773,0.89524,0.97342,0.90892,0.84385,0.89854,0.92075,0.76912,0.96803,0.91165,0.89985,0.97848,0.97856,0.93019,0.97244,0.86419,0.87268,0.92764,0.7324,0.90576,0.98622,0.878,0.91489,0.90974,0.88051,0.88285,0.90515,0.95572,0.88163,0.98356,0.95497,0.9839,0.8171,0.84755,0.87042,0.89151,0.88313,0.94926,0.93312,0.97203,0.84425,0.93962,0.76028,0.96261,0.89535,0.98666,0.9647,0.8166,0.80848,0.96063,0.88793,0.87052,0.94108,0.90561,0.91473,0.95109,0.8639,0.85502,0.91327,0.9547,0.89776,0.75069,0.97975,0.78533,0.98022,0.83771,0.86074,0.98282,0.87803,0.72005,0.75264,0.88649,0.86343,0.94181,0.86799,0.96867,0.90676,0.89575,0.84148,0.91445,0.92726,0.80878,0.84995,0.94623,0.94778,0.95448,0.98239,0.89844,0.98419,0.89827,0.90225,0.97868,0.94735,0.94831,0.98511,0.95029,0.78132,0.75721,0.84709,0.84073,0.7681,0.73804,0.83412,0.68481,0.92535,0.97361,0.93722,0.8636,0.8917,0.65595,0.75889,0.89611,0.88709,0.80763,0.73304,0.89197,0.60466,0.63515,0.8999,0.93905,0.80273,0.89838,0.95391,0.89665,0.91606,0.75626,0.91017,0.89701,0.87617,0.8978,0.77106,0.87986,0.65229,0.81773,0.89656,0.83419,0.68686,0.81871,0.9007,0.96136,0.71019,0.90624,0.54263,0.89698,0.90391,0.94711,0.89363,0.89856,0.57167,0.89901,0.58533,0.8955,0.89007,0.98034,0.89127,0.60362,0.80386,0.88068,0.95254,0.71043,0.81539,0.67695,0.92872,0.75408,0.69343,0.916,0.79904,0.97916,0.77731,0.96115,0.96396,0.73873,0.86634,0.95642,0.92579,0.97109,0.95933,0.81438,0.66247,0.91602,0.97835,0.88549,0.83793,0.77095,0.85239,0.75408,0.82531,0.77977,0.9241,0.89588,0.93137,0.9171,0.57323,0.90422,0.80792,0.74447,0.74739,0.73212,0.65367,0.84971,0.57905,0.79128,0.95701,0.823,0.66418,0.72121,0.81258,0.98153,0.59682,0.79629,0.68643,0.79194,0.6871,0.73389,0.68976,0.7525,0.82585,0.97044,0.93098,0.86974,0.78197,0.86394,0.84472,0.87224,0.81246,0.89258,0.91231,0.81304
0.78681,0.9654,0.95532,0.95835,0.89334,0.88308,0.92573,0.95367,1,0.8305,0.93321,0.91124,0.96198,0.88486,0.97277,0.89953,0.76013,0.80043,0.96738,0.71348,0.89962,0.8733,0.66218,0.89101,0.98183,0.81449,0.8702,0.76864,0.83046,0.76677,0.92663,0.88532,0.95601,0.94783,0.85706,0.93287,0.87034,0.80735,0.93836,0.88154,0.73579,0.97925,0.95094,0.86112,0.94124,0.96465,0.9697,0.93356,0.82682,0.83515,0.88813,0.7007,0.86693,0.95176,0.84005,0.95512,0.95027,0.84269,0.84446,0.86646,0.91509,0.84372,0.96245,0.91452,0.94645,0.78201,0.81095,0.83303,0.85348,0.84536,0.90956,0.97296,0.93359,0.8076,0.89975,0.72767,0.98343,0.85677,0.9568,0.97749,0.78116,0.84489,0.98146,0.85026,0.8331,0.9773,0.94624,0.95502,0.98627,0.82668,0.81827,0.95352,0.91458,0.938,0.71829,0.96584,0.75148,0.96511,0.80172,0.89959,0.96231,0.84053,0.68887,0.72026,0.84843,0.82599,0.90158,0.90703,0.98019,0.94809,0.857,0.87937,0.95488,0.88732,0.77373,0.81313,0.98182,0.98486,0.98574,0.9492,0.86025,0.9502,0.93771,0.86387,0.94349,0.90739,0.90796,0.95494,0.98745,0.7475,0.72459,0.81098,0.80473,0.73501,0.70628,0.87135,0.65509,0.96601,0.95038,0.97151,0.82689,0.85352,0.62773,0.79289,0.93651,0.85085,0.77289,0.70133,0.93207,0.57853,0.60765,0.93775,0.97911,0.76807,0.93868,0.94543,0.93634,0.87738,0.72357,0.87373,0.93626,0.83884,0.93826,0.73795,0.84192,0.62406,0.78246,0.93707,0.79829,0.6572,0.78319,0.94061,0.9703,0.67949,0.94555,0.51912,0.93522,0.86517,0.90759,0.93404,0.93849,0.54695,0.86092,0.56003,0.85756,0.8551,0.96671,0.85426,0.57764,0.7696,0.84264,0.96749,0.67977,0.78028,0.64766,0.96824,0.72148,0.66346,0.87722,0.76463,0.945,0.7436,0.92122,0.92388,0.70674,0.82922,0.97847,0.88708,0.93237,0.96499,0.77929,0.63387,0.95762,0.94576,0.84744,0.80198,0.73771,0.81554,0.72163,0.78966,0.74609,0.88493,0.93639,0.89205,0.87819,0.54844,0.93961,0.77322,0.71229,0.71509,0.70046,0.62535,0.8131,0.55399,0.75716,0.98872,0.78755,0.63542,0.69001,0.77789,0.95287,0.57102,0.76245,0.65663,0.75787,0.65749,0.70221,0.65994,0.71999,0.79009,0.93202,0.9446,0.83226,0.74816,0.82697,0.80873,0.91125,0.77747,0.93281,0.95292,0.778
0.94514,0.80454,0.79531,0.7987,0.92769,0.93868,0.89573,0.86782,0.8305,1,0.88841,0.91047,0.8017,0.93596,0.8489,0.92101,0.91401,0.9608,0.80575,0.85832,0.92103,0.94864,0.79674,0.9302,0.82764,0.97644,0.95193,0.92403,0.98521,0.92174,0.89524,0.93654,0.86699,0.78893,0.96564,0.88843,0.95179,0.96919,0.78121,0.94032,0.88498,0.8437,0.79222,0.9625,0.88023,0.85459,0.80903,0.88854,0.98442,0.9853,0.93301,0.84285,0.95552,0.87012,0.98125,0.7955,0.79061,0.97914,0.97719,0.9539,0.90481,0.97687,0.85955,0.90634,0.87567,0.9397,0.9725,0.98597,0.96869,0.97761,0.91214,0.81108,0.888,0.96799,0.92136,0.87483,0.83773,0.96621,0.86554,0.83996,0.93868,0.70243,0.83662,0.97322,0.98517,0.81847,0.78728,0.79501,0.82728,0.98488,0.98013,0.79364,0.90509,0.7803,0.86409,0.85683,0.90373,0.85812,0.96265,0.74787,0.8609,0.98195,0.82875,0.86641,0.97442,0.98356,0.91951,0.75421,0.8429,0.78881,0.96593,0.73111,0.79518,0.93333,0.93021,0.9733,0.8229,0.82444,0.83034,0.87369,0.96257,0.87206,0.78074,0.95886,0.8786,0.91397,0.91342,0.86604,0.82716,0.89885,0.87134,0.96997,0.96536,0.8835,0.84764,0.72495,0.78821,0.80544,0.86477,0.81731,0.9741,0.96922,0.75376,0.65944,0.77913,0.94369,0.92715,0.84361,0.77569,0.6958,0.7311,0.78326,0.81727,0.92332,0.78077,0.85189,0.77951,0.94273,0.87047,0.9286,0.78004,0.97993,0.78039,0.88633,0.97493,0.75079,0.93775,0.77958,0.9595,0.79011,0.94076,0.78305,0.843,0.81751,0.78827,0.62464,0.78054,0.95737,0.91437,0.77701,0.78106,0.65806,0.95998,0.67383,0.95786,0.93447,0.85721,0.95288,0.69468,0.91915,0.98045,0.83438,0.81766,0.93785,0.77924,0.80819,0.86793,0.79821,0.94308,0.91906,0.87702,0.89325,0.90061,0.89762,0.84957,0.98453,0.83359,0.92871,0.88767,0.84217,0.93267,0.76255,0.79676,0.87425,0.97354,0.95547,0.88707,0.97832,0.86786,0.94928,0.89741,0.93651,0.77881,0.92872,0.94311,0.65966,0.7889,0.92909,0.85668,0.86024,0.84273,0.75247,0.97567,0.66655,0.91032,0.83341,0.94628,0.76446,0.83017,0.93464,0.86927,0.68704,0.90842,0.78998,0.90781,0.79086,0.84469,0.79401,0.86614,0.94976,0.88745,0.82362,0.98257,0.89988,0.98548,0.96929,0.75834,0.93421,0.7762,0.793,0.93347
0.84161,0.90429,0.89398,0.89766,0.95426,0.94376,0.98349,0.97136,0.93321,0.88841,1,0.97247,0.90112,0.94546,0.95283,0.96012,0.81318,0.85613,0.90572,0.7633,0.96056,0.93356,0.70847,0.95219,0.92966,0.8712,0.93032,0.82232,0.88825,0.82036,0.9845,0.94626,0.9719,0.88689,0.91632,0.98513,0.93041,0.86363,0.87818,0.94287,0.78718,0.94732,0.89044,0.9209,0.98241,0.95776,0.90905,0.98801,0.88431,0.89317,0.94894,0.74965,0.92692,0.97409,0.89834,0.89412,0.88881,0.90114,0.90304,0.92578,0.97405,0.9023,0.9639,0.97506,0.97937,0.83642,0.86747,0.89093,0.91248,0.90406,0.97055,0.91166,0.98432,0.8639,0.96118,0.77834,0.94099,0.91627,0.97033,0.9428,0.83567,0.78985,0.9397,0.90924,0.89109,0.91955,0.88503,0.89363,0.92955,0.88423,0.87523,0.89217,0.97345,0.87729,0.76848,0.9611,0.80391,0.96291,0.85756,0.84093,0.96614,0.89885,0.73703,0.77054,0.90734,0.88364,0.96254,0.84803,0.94674,0.88674,0.91644,0.8221,0.89372,0.94787,0.8277,0.86979,0.92443,0.92635,0.93293,0.97864,0.91986,0.97665,0.87763,0.92359,0.98307,0.96853,0.969,0.96977,0.92951,0.79969,0.77509,0.86712,0.86061,0.78628,0.75534,0.8149,0.70092,0.90486,0.96334,0.91729,0.88382,0.91278,0.67128,0.74144,0.87576,0.90598,0.82657,0.75033,0.87174,0.61893,0.65016,0.87967,0.91823,0.82162,0.87769,0.94324,0.87613,0.93719,0.77411,0.92791,0.87658,0.89672,0.8773,0.78924,0.90027,0.66769,0.83681,0.87631,0.85396,0.70307,0.83798,0.88022,0.94418,0.72696,0.88586,0.55544,0.87666,0.9251,0.96898,0.87335,0.87806,0.58517,0.9199,0.59916,0.91598,0.90836,0.96235,0.91118,0.61789,0.82251,0.90116,0.93376,0.72719,0.83468,0.69294,0.90784,0.77187,0.7098,0.93735,0.81789,0.97947,0.79546,0.98081,0.98224,0.75607,0.88675,0.93574,0.9456,0.9821,0.94178,0.83325,0.67811,0.89558,0.9749,0.90616,0.85733,0.78917,0.87247,0.77196,0.84475,0.79817,0.94555,0.87549,0.95287,0.93841,0.58676,0.88465,0.82701,0.762,0.76503,0.7494,0.66908,0.86973,0.59271,0.80992,0.93632,0.84238,0.67982,0.73824,0.83203,0.97291,0.61092,0.81449,0.70254,0.81031,0.70338,0.75123,0.70605,0.77027,0.84526,0.9804,0.91531,0.88997,0.80041,0.88443,0.86492,0.85244,0.83159,0.87234,0.89154,0.83215
0.86245,0.88259,0.87249,0.87604,0.97544,0.96635,0.97892,0.95063,0.91124,0.91047,0.97247,1,0.8794,0.96748,0.93073,0.97939,0.83353,0.87753,0.88398,0.78232,0.97952,0.95605,0.72615,0.97434,0.90752,0.893,0.95299,0.84279,0.91025,0.84064,0.98051,0.96865,0.9504,0.86555,0.93878,0.9715,0.95317,0.88513,0.85707,0.9647,0.80675,0.92525,0.86906,0.94368,0.96432,0.93622,0.88749,0.9733,0.90617,0.91546,0.9709,0.7683,0.94979,0.95326,0.92054,0.87275,0.86739,0.92342,0.92538,0.94819,0.981,0.9244,0.94207,0.98526,0.95961,0.85728,0.88898,0.91313,0.93483,0.92629,0.98872,0.88976,0.97206,0.88521,0.98195,0.79774,0.91879,0.93887,0.94859,0.92064,0.8564,0.77078,0.91747,0.93182,0.91295,0.89756,0.86378,0.87219,0.90745,0.90607,0.89702,0.87071,0.98091,0.85627,0.78761,0.93932,0.82399,0.94078,0.87902,0.82065,0.94388,0.92146,0.75531,0.78986,0.92972,0.90533,0.98244,0.82757,0.92443,0.86571,0.93899,0.80225,0.87241,0.96987,0.84833,0.89125,0.90257,0.90455,0.91076,0.95845,0.94221,0.95591,0.85656,0.94642,0.96257,0.98611,0.98577,0.94844,0.90764,0.81952,0.79438,0.88853,0.8821,0.80592,0.77393,0.79536,0.71835,0.88342,0.94521,0.89613,0.90532,0.93531,0.6878,0.72355,0.85477,0.92488,0.84705,0.76902,0.85091,0.63431,0.66635,0.85889,0.89641,0.84218,0.85665,0.92699,0.85509,0.95913,0.79343,0.94486,0.85567,0.91897,0.85623,0.8088,0.92237,0.68433,0.85745,0.85543,0.87537,0.72048,0.85878,0.85911,0.92331,0.74508,0.86468,0.56925,0.85596,0.94816,0.98825,0.85241,0.85698,0.59974,0.94219,0.61408,0.93745,0.92648,0.94045,0.93165,0.63329,0.84251,0.92354,0.91283,0.74531,0.85546,0.71021,0.88633,0.79111,0.72749,0.95897,0.83822,0.96068,0.8151,0.98376,0.9798,0.77484,0.90879,0.91392,0.96534,0.9704,0.9215,0.85383,0.695,0.87437,0.95647,0.92854,0.87832,0.80881,0.89433,0.7912,0.86586,0.81808,0.96812,0.85442,0.97424,0.96088,0.60134,0.86419,0.84765,0.78106,0.78411,0.76813,0.68578,0.89144,0.60749,0.83011,0.91436,0.86337,0.69677,0.75664,0.85278,0.95247,0.62613,0.83424,0.72001,0.83024,0.72089,0.76993,0.72367,0.78948,0.86645,0.96867,0.89765,0.91174,0.82036,0.90659,0.88666,0.83202,0.85224,0.85145,0.87014,0.8527
0.75945,0.98596,0.98399,0.98623,0.86265,0.85229,0.89356,0.92188,0.96198,0.8017,0.90112,0.8794,1,0.85446,0.94256,0.86872,0.73368,0.77249,0.98617,0.68865,0.86886,0.84316,0.63914,0.86033,0.9655,0.78606,0.84015,0.74192,0.80157,0.74038,0.89421,0.85466,0.92311,0.97866,0.82714,0.90112,0.83999,0.7793,0.9704,0.85102,0.71024,0.94763,0.98135,0.83125,0.90941,0.93565,0.98231,0.90121,0.79813,0.806,0.85747,0.67632,0.8367,0.91987,0.81089,0.98205,0.98062,0.81336,0.81526,0.8363,0.88436,0.8145,0.93093,0.88322,0.9141,0.75467,0.78275,0.80399,0.82355,0.81598,0.87768,0.98231,0.90133,0.77969,0.86881,0.70216,0.95475,0.82725,0.92481,0.95179,0.75407,0.87524,0.95608,0.82059,0.80423,0.97499,0.97619,0.98354,0.96593,0.79794,0.78984,0.98329,0.88358,0.96953,0.69325,0.93358,0.72527,0.93239,0.77368,0.93165,0.92959,0.81116,0.66495,0.6951,0.81898,0.79758,0.87054,0.93945,0.94942,0.9763,0.82738,0.91095,0.98144,0.85679,0.74683,0.78514,0.96978,0.96869,0.9626,0.91623,0.83026,0.91816,0.96982,0.83366,0.91096,0.87602,0.87669,0.92409,0.96552,0.72155,0.69927,0.78249,0.77652,0.70952,0.68201,0.90256,0.63239,0.97757,0.92117,0.96898,0.79829,0.82399,0.60613,0.82172,0.96612,0.82257,0.74609,0.67695,0.96108,0.55846,0.58659,0.96573,0.97321,0.74129,0.96911,0.92295,0.96708,0.84685,0.69836,0.84506,0.96624,0.80938,0.96877,0.71227,0.81316,0.6024,0.75553,0.9679,0.77046,0.63443,0.75629,0.97188,0.944,0.65581,0.97615,0.50111,0.96416,0.83524,0.87589,0.9635,0.96996,0.5279,0.83069,0.5405,0.82821,0.82702,0.93352,0.82528,0.55758,0.74329,0.81338,0.95005,0.65602,0.75309,0.62516,0.97783,0.69636,0.64031,0.847,0.73793,0.91194,0.71798,0.88901,0.89193,0.68234,0.8002,0.95792,0.8572,0.9012,0.9428,0.75255,0.61172,0.98164,0.91435,0.81815,0.77451,0.71201,0.78728,0.6964,0.76217,0.72009,0.85408,0.96684,0.86123,0.84746,0.52942,0.9615,0.74614,0.68757,0.69017,0.67607,0.60362,0.78474,0.5347,0.73071,0.95877,0.76003,0.61334,0.66602,0.75059,0.91988,0.5511,0.73651,0.63388,0.73175,0.63455,0.67771,0.63694,0.69489,0.76268,0.90098,0.93636,0.80334,0.72213,0.79802,0.78049,0.94258,0.75031,0.96183,0.98392,0.7512
0.88725,0.85782,0.84764,0.8516,0.98308,0.98309,0.95353,0.92471,0.88486,0.93596,0.94546,0.96748,0.85446,1,0.90498,0.97747,0.85757,0.90238,0.85876,0.80516,0.97925,0.97818,0.74726,0.98179,0.88234,0.91797,0.97851,0.86735,0.93625,0.86551,0.9527,0.98367,0.92386,0.84109,0.96353,0.94685,0.97541,0.91087,0.83269,0.98324,0.83035,0.89917,0.84473,0.96938,0.93739,0.91112,0.86243,0.94603,0.93236,0.94133,0.98373,0.79074,0.97446,0.92752,0.94708,0.8479,0.84289,0.94937,0.95248,0.97252,0.96299,0.95027,0.91633,0.9645,0.9332,0.88188,0.91469,0.93895,0.96019,0.95177,0.96964,0.86478,0.94555,0.91103,0.97778,0.82061,0.89297,0.96467,0.92267,0.89554,0.88159,0.74889,0.89168,0.95624,0.93896,0.87255,0.8392,0.84757,0.88189,0.93195,0.92255,0.84621,0.96285,0.83178,0.81045,0.91304,0.84781,0.91424,0.90405,0.79732,0.91722,0.9467,0.77742,0.81252,0.95561,0.93164,0.97733,0.8041,0.89851,0.84046,0.96572,0.77946,0.84755,0.9858,0.87316,0.91696,0.87732,0.87876,0.88518,0.93021,0.96611,0.92905,0.83238,0.97004,0.93515,0.9713,0.97159,0.92304,0.88146,0.84349,0.81743,0.91356,0.90716,0.829,0.79617,0.77277,0.73942,0.85826,0.92023,0.87053,0.93011,0.96039,0.70769,0.703,0.83045,0.94316,0.87122,0.79142,0.82675,0.65275,0.68575,0.83463,0.87095,0.86658,0.83232,0.9042,0.83097,0.97771,0.81652,0.95536,0.83151,0.94436,0.83188,0.83195,0.94772,0.70422,0.88206,0.83085,0.90039,0.74137,0.88362,0.83466,0.89725,0.7668,0.84012,0.58587,0.83195,0.9723,0.97125,0.82818,0.83263,0.61722,0.96647,0.632,0.96027,0.94026,0.91324,0.95234,0.65162,0.86598,0.9501,0.88837,0.76701,0.88014,0.73088,0.86129,0.81414,0.74869,0.97856,0.86246,0.93375,0.83882,0.95873,0.95553,0.79739,0.93447,0.8883,0.97257,0.94498,0.89645,0.87802,0.71526,0.84903,0.93076,0.95415,0.90285,0.83223,0.91998,0.81406,0.89095,0.84186,0.98293,0.83013,0.98063,0.98059,0.61882,0.84019,0.87196,0.80372,0.80694,0.79049,0.70581,0.91711,0.6252,0.85421,0.88807,0.88835,0.71707,0.77868,0.87689,0.92569,0.6444,0.85741,0.74111,0.85398,0.74176,0.79233,0.74473,0.81245,0.89157,0.94478,0.87471,0.93803,0.84421,0.93189,0.91102,0.80827,0.87695,0.82728,0.8453,0.8771
0.80414,0.94669,0.93515,0.93974,0.91349,0.90224,0.9458,0.97434,0.97277,0.8489,0.95283,0.93073,0.94256,0.90498,1,0.91978,0.77697,0.81799,0.94732,0.72935,0.92011,0.89249,0.67689,0.91061,0.97211,0.8323,0.88983,0.78584,0.84895,0.78415,0.94621,0.90466,0.97529,0.92827,0.87574,0.9539,0.88927,0.82542,0.91887,0.90095,0.75221,0.9849,0.93232,0.88025,0.96156,0.98536,0.95108,0.95347,0.84529,0.85362,0.90776,0.71631,0.88612,0.97276,0.85885,0.93538,0.93029,0.86129,0.86361,0.88566,0.93594,0.86244,0.98306,0.93507,0.96732,0.79915,0.82901,0.85146,0.87207,0.86386,0.92913,0.95418,0.95338,0.82578,0.91985,0.74353,0.98234,0.87592,0.97783,0.98416,0.79873,0.82681,0.9802,0.86865,0.85153,0.96202,0.92587,0.93534,0.9718,0.84503,0.83636,0.93398,0.93526,0.91807,0.7342,0.98268,0.76808,0.9816,0.81937,0.88025,0.98031,0.85894,0.70422,0.7361,0.86718,0.84469,0.92184,0.88767,0.98613,0.92681,0.87628,0.86056,0.93478,0.90742,0.79103,0.83142,0.9668,0.96853,0.9752,0.96792,0.87895,0.9705,0.91867,0.88264,0.96218,0.92734,0.92819,0.97628,0.97049,0.76416,0.74055,0.8285,0.82231,0.7513,0.72196,0.8529,0.66976,0.94531,0.96822,0.95633,0.84495,0.87228,0.64168,0.77602,0.91612,0.86905,0.78998,0.71694,0.9118,0.59138,0.62118,0.9195,0.959,0.78515,0.91853,0.95519,0.91674,0.89631,0.73964,0.89206,0.91721,0.85708,0.91797,0.75414,0.86083,0.63793,0.79998,0.91672,0.8159,0.67179,0.80089,0.92086,0.97241,0.69457,0.92646,0.53068,0.91695,0.88432,0.92693,0.91351,0.91884,0.55909,0.87953,0.57244,0.87629,0.87259,0.98308,0.8726,0.59037,0.78648,0.86144,0.96668,0.69481,0.79748,0.66206,0.94892,0.73749,0.67816,0.89643,0.78147,0.96335,0.76031,0.94109,0.94391,0.72257,0.8474,0.97515,0.90679,0.9529,0.97037,0.79666,0.64789,0.93633,0.96486,0.8663,0.81987,0.754,0.8338,0.73749,0.80722,0.76263,0.90409,0.91585,0.91151,0.89728,0.56063,0.92317,0.79019,0.72815,0.73095,0.71604,0.63931,0.83109,0.5663,0.77392,0.97595,0.80495,0.64959,0.70535,0.79476,0.97056,0.58367,0.77928,0.67134,0.77471,0.67199,0.71774,0.67458,0.73595,0.80779,0.95241,0.94184,0.85078,0.76478,0.84505,0.82623,0.89173,0.79462,0.91238,0.93282,0.79525
0.87292,0.87203,0.86182,0.86573,0.98379,0.97473,0.96782,0.93967,0.89953,0.92101,0.96012,0.97939,0.86872,0.97747,0.91978,1,0.84345,0.88766,0.87308,0.79196,0.98675,0.96607,0.73497,0.98072,0.89689,0.90312,0.96403,0.85305,0.92115,0.85127,0.96712,0.97735,0.93894,0.855,0.94926,0.96176,0.96241,0.89607,0.84654,0.97411,0.81675,0.91392,0.85869,0.95439,0.95218,0.92592,0.87671,0.9609,0.91739,0.92609,0.97881,0.77776,0.95998,0.94262,0.93183,0.86196,0.85688,0.93431,0.93682,0.95857,0.97707,0.93527,0.93109,0.97785,0.94814,0.86753,0.89981,0.92378,0.94545,0.93706,0.98151,0.87907,0.96037,0.89614,0.9845,0.80722,0.90779,0.94982,0.93766,0.91022,0.8671,0.76127,0.90633,0.94182,0.92402,0.88705,0.8531,0.86165,0.89642,0.91698,0.90767,0.86021,0.9755,0.8456,0.79718,0.9279,0.83386,0.9292,0.88924,0.81058,0.93218,0.93159,0.76467,0.79919,0.94045,0.91659,0.98593,0.81745,0.91339,0.85432,0.95028,0.79242,0.86154,0.97895,0.85879,0.90204,0.89174,0.89335,0.89984,0.94512,0.95215,0.94397,0.84612,0.95604,0.95005,0.98312,0.98388,0.93811,0.89599,0.82973,0.80406,0.89902,0.89249,0.81543,0.78316,0.78558,0.72727,0.87249,0.93444,0.8846,0.91535,0.94559,0.69638,0.71465,0.84425,0.93265,0.85708,0.7784,0.84049,0.64205,0.67451,0.84826,0.88539,0.8523,0.84614,0.91738,0.84473,0.96758,0.8031,0.9502,0.84523,0.92951,0.84569,0.81841,0.93279,0.69266,0.86781,0.84464,0.88565,0.72914,0.86906,0.8484,0.91142,0.7542,0.85394,0.57625,0.8455,0.95785,0.98321,0.84195,0.84637,0.60707,0.95263,0.62163,0.9474,0.9319,0.92806,0.94054,0.64093,0.85207,0.93471,0.90288,0.75444,0.86578,0.71884,0.87557,0.80079,0.7364,0.96857,0.84843,0.94853,0.82506,0.97325,0.97045,0.78427,0.91946,0.90275,0.96956,0.95888,0.91053,0.86395,0.70352,0.86309,0.94589,0.93908,0.88841,0.81859,0.90484,0.80074,0.87632,0.82805,0.97604,0.84402,0.97961,0.96981,0.60869,0.85344,0.85777,0.79047,0.79369,0.77746,0.69419,0.90214,0.61492,0.84023,0.90272,0.87385,0.70532,0.76589,0.8627,0.94063,0.63383,0.84391,0.72893,0.84016,0.72958,0.77933,0.73251,0.79911,0.87685,0.95894,0.88758,0.92329,0.83035,0.91682,0.8963,0.82163,0.86266,0.84104,0.8593,0.86287
0.96246,0.73633,0.72785,0.73097,0.84953,0.85984,0.81994,0.79438,0.76013,0.91401,0.81318,0.83353,0.73368,0.85757,0.77697,0.84345,1,0.94722,0.73739,0.93716,0.84352,0.86915,0.87046,0.85188,0.75753,0.93179,0.87239,0.9815,0.91392,0.98043,0.81953,0.85765,0.7936,0.72203,0.88579,0.81337,0.87223,0.94009,0.71493,0.86116,0.96466,0.7722,0.72509,0.88206,0.80576,0.78233,0.74044,0.81332,0.9179,0.90914,0.85462,0.92026,0.87594,0.79655,0.90356,0.72803,0.72354,0.90084,0.89887,0.87552,0.82856,0.89931,0.78679,0.82976,0.80155,0.96869,0.93578,0.91144,0.88946,0.89804,0.83511,0.74234,0.81294,0.93859,0.84356,0.95341,0.76671,0.8861,0.7923,0.76884,0.96919,0.64283,0.7657,0.89299,0.9111,0.74909,0.72052,0.72757,0.75719,0.91806,0.92753,0.72634,0.82888,0.71413,0.94326,0.78429,0.98292,0.78545,0.94663,0.6844,0.78797,0.90332,0.90515,0.94583,0.89485,0.91821,0.84194,0.69022,0.77147,0.72192,0.88597,0.66908,0.72779,0.85519,0.97804,0.93201,0.75319,0.75458,0.75999,0.7997,0.88222,0.7982,0.71456,0.87905,0.80423,0.83678,0.83618,0.79279,0.75704,0.97778,0.9505,0.93466,0.94254,0.96114,0.92086,0.66349,0.86114,0.73722,0.79207,0.74823,0.91456,0.88949,0.82158,0.60354,0.71307,0.87861,0.96969,0.92122,0.70996,0.75995,0.79874,0.7171,0.74804,0.98213,0.71456,0.78142,0.71346,0.86451,0.9505,0.85777,0.71398,0.90453,0.7142,0.96166,0.9001,0.82015,0.96072,0.71341,0.95118,0.86228,0.96496,0.7167,0.77193,0.89315,0.7215,0.68249,0.71452,0.87757,0.83699,0.71114,0.71485,0.71896,0.88123,0.7363,0.8821,0.87052,0.78462,0.88176,0.75867,0.95622,0.9013,0.76419,0.89302,0.97111,0.85132,0.73967,0.9477,0.87204,0.86454,0.98302,0.80291,0.96703,0.82445,0.82167,0.92608,0.91545,0.76308,0.85235,0.81279,0.77137,0.96,0.83308,0.72916,0.80045,0.89516,0.93844,0.96667,0.93105,0.94728,0.96111,0.97816,0.85801,0.71276,0.85073,0.8644,0.72067,0.72251,0.97636,0.9349,0.93939,0.92054,0.8222,0.93401,0.72829,0.98424,0.76281,0.96258,0.83502,0.90691,0.97204,0.79578,0.75073,0.94929,0.86289,0.96468,0.86363,0.92244,0.86751,0.94583,0.96046,0.81273,0.7558,0.91142,0.9801,0.91823,0.93751,0.69413,0.97308,0.71042,0.72576,0.96649
0.9757,0.77528,0.76639,0.76963,0.89406,0.90492,0.86328,0.83634,0.80043,0.9608,0.85613,0.87753,0.77249,0.90238,0.81799,0.88766,0.94722,1,0.77643,0.89026,0.88769,0.91451,0.82654,0.89649,0.7975,0.9772,0.91788,0.95684,0.96034,0.95392,0.8629,0.90267,0.83559,0.76024,0.93197,0.85621,0.91786,0.98222,0.75275,0.90633,0.91753,0.81304,0.76345,0.92811,0.84823,0.8235,0.7796,0.85627,0.96398,0.95594,0.89951,0.87424,0.92179,0.83854,0.9498,0.76659,0.76186,0.94728,0.94491,0.92083,0.87192,0.94541,0.82829,0.87346,0.84385,0.97247,0.97913,0.95803,0.93576,0.94456,0.8792,0.78162,0.85589,0.97839,0.88792,0.90732,0.80727,0.93209,0.83416,0.80938,0.97035,0.67689,0.80613,0.93948,0.95748,0.78868,0.75871,0.7661,0.79723,0.96425,0.97304,0.7648,0.87228,0.75194,0.8962,0.82576,0.93707,0.82697,0.98565,0.72067,0.82965,0.9499,0.85965,0.89866,0.94128,0.96371,0.88619,0.72679,0.81228,0.76021,0.93184,0.70453,0.76636,0.89981,0.96336,0.97477,0.793,0.79451,0.80015,0.84201,0.92817,0.84032,0.75234,0.92545,0.84673,0.88084,0.88022,0.83455,0.79716,0.93175,0.90375,0.97734,0.98339,0.91577,0.87793,0.69859,0.81763,0.77628,0.83358,0.78773,0.95764,0.93562,0.78134,0.63547,0.75086,0.91925,0.95771,0.87502,0.74759,0.72177,0.75849,0.7549,0.78768,0.9565,0.75246,0.82177,0.75123,0.90974,0.90291,0.89967,0.75171,0.95085,0.75205,0.91841,0.94526,0.77888,0.96481,0.75125,0.98732,0.81938,0.97057,0.75462,0.81258,0.84814,0.75962,0.64806,0.75226,0.92335,0.88126,0.74885,0.75269,0.68276,0.9271,0.69916,0.92677,0.91041,0.82613,0.92498,0.72067,0.94542,0.94785,0.80425,0.84827,0.97077,0.8084,0.77887,0.90025,0.82813,0.90956,0.9523,0.84534,0.9249,0.86801,0.86505,0.88074,0.96205,0.80331,0.89617,0.85549,0.81181,0.95955,0.79118,0.76784,0.84261,0.94126,0.96787,0.9199,0.97643,0.90022,0.98094,0.93064,0.90308,0.75055,0.89536,0.90977,0.68436,0.76043,0.96207,0.88845,0.89232,0.87422,0.78067,0.97967,0.69158,0.94355,0.80322,0.9779,0.79303,0.8612,0.96735,0.83783,0.71286,0.9339,0.81945,0.9375,0.82044,0.87627,0.82378,0.89846,0.98053,0.85536,0.79489,0.95711,0.9331,0.96525,0.98025,0.73083,0.967,0.74809,0.76418,0.96326
0.76325,0.98777,0.98268,0.98442,0.86697,0.85669,0.89825,0.92665,0.96738,0.80575,0.90572,0.88398,0.98617,0.85876,0.94732,0.87308,0.73739,0.77643,1,0.69212,0.87321,0.84741,0.64234,0.86463,0.96959,0.79004,0.84441,0.74567,0.80568,0.74403,0.89897,0.85898,0.92801,0.97569,0.83141,0.90566,0.84437,0.78326,0.96668,0.85536,0.71381,0.95287,0.97823,0.83548,0.91399,0.94006,0.98517,0.90592,0.80216,0.81015,0.86176,0.67972,0.84104,0.92453,0.81502,0.98076,0.97806,0.8175,0.81939,0.84063,0.88861,0.81862,0.93563,0.88779,0.91892,0.75849,0.78674,0.80811,0.82783,0.8201,0.88232,0.98641,0.90591,0.78369,0.87326,0.70576,0.95984,0.83136,0.92962,0.95633,0.75786,0.87108,0.96053,0.82477,0.80826,0.97894,0.97353,0.98188,0.97127,0.80206,0.7938,0.98099,0.88799,0.96635,0.69677,0.93858,0.72893,0.93748,0.77763,0.92743,0.93458,0.81532,0.66827,0.69863,0.82311,0.80158,0.87495,0.93508,0.95424,0.97406,0.83153,0.90662,0.97993,0.86109,0.75059,0.78901,0.97476,0.97401,0.96779,0.9211,0.83455,0.92279,0.96601,0.83794,0.91567,0.8805,0.88112,0.92843,0.9711,0.72517,0.70283,0.78655,0.78053,0.71305,0.68533,0.89824,0.63552,0.98145,0.92554,0.97247,0.8023,0.82807,0.60907,0.81752,0.96361,0.82649,0.74983,0.68034,0.95861,0.56125,0.58948,0.96255,0.97886,0.74506,0.96642,0.92635,0.96392,0.85119,0.70189,0.84903,0.96307,0.81363,0.96593,0.71585,0.81708,0.6054,0.75923,0.96468,0.77436,0.63758,0.75998,0.96814,0.94838,0.65911,0.97197,0.50359,0.96078,0.83944,0.88041,0.9609,0.96634,0.53056,0.83508,0.54322,0.83229,0.83081,0.93856,0.82931,0.56033,0.74687,0.81748,0.95289,0.65936,0.75687,0.62827,0.98193,0.69986,0.64355,0.8512,0.74168,0.91689,0.72152,0.89371,0.89655,0.68569,0.80433,0.96162,0.86142,0.90555,0.94634,0.75624,0.61483,0.98234,0.91883,0.82225,0.77832,0.7156,0.79123,0.69993,0.76602,0.72372,0.85849,0.96377,0.86557,0.85189,0.53204,0.95944,0.74998,0.691,0.69365,0.67947,0.60663,0.78873,0.53739,0.73445,0.9642,0.76393,0.61642,0.66935,0.75444,0.92475,0.55387,0.74004,0.63702,0.73542,0.63776,0.68113,0.64015,0.6984,0.76651,0.90525,0.9384,0.80744,0.72576,0.80211,0.78441,0.93854,0.75414,0.95934,0.98071,0.75486
