1,0.92853,0.93826,0.93105,0.9521,0.93741,0.92349,0.93447,0.94997,0.92126,0.95013,0.93396,0.89181,0.93249,0.90974,0.91079,0.9265,0.89324,0.92931,0.94975,0.92484,0.94356,0.932,0.91372,0.89025,0.92094,0.90786,0.92121,0.92438,0.86567,0.91508,0.91703,0.90585,0.92166,0.9303,0.89973,0.92016,0.93071,0.92078,0.89176,0.89263,0.90683,0.88168,0.88486,0.91954,0.88692,0.90475,0.91427,0.91877,0.86469,0.91114
0.92853,1,0.93802,0.94743,0.95832,0.95269,0.9353,0.94682,0.93916,0.93041,0.94047,0.93676,0.88223,0.93143,0.91334,0.92675,0.94275,0.88365,0.94275,0.94258,0.95574,0.9419,0.94132,0.93143,0.89886,0.93108,0.90544,0.93879,0.94771,0.87781,0.91017,0.91365,0.91772,0.94442,0.94294,0.91506,0.93045,0.93,0.93399,0.88666,0.91436,0.91245,0.8982,0.86903,0.93829,0.90122,0.91435,0.9271,0.93336,0.86189,0.92998
0.93826,0.93802,1,0.91539,0.94823,0.94397,0.90414,0.92368,0.93449,0.90348,0.94487,0.92979,0.89603,0.94154,0.91603,0.89384,0.91196,0.88925,0.91499,0.93134,0.91546,0.96039,0.91916,0.89307,0.88142,0.92384,0.89685,0.9027,0.90741,0.87128,0.90594,0.91141,0.90724,0.91374,0.91733,0.89728,0.92441,0.913,0.90062,0.89219,0.88996,0.88562,0.87604,0.87393,0.92278,0.8765,0.89151,0.90225,0.91738,0.86504,0.91534
0.93105,0.94743,0.91539,1,0.9432,0.94172,0.96543,0.93236,0.93586,0.97055,0.92796,0.94224,0.87104,0.90495,0.92047,0.96195,0.9797,0.86594,0.97991,0.94291,0.96642,0.92354,0.97186,0.95129,0.89075,0.92322,0.89001,0.96273,0.96898,0.85524,0.89157,0.89618,0.9157,0.93915,0.96479,0.89923,0.92405,0.93208,0.96051,0.86696,0.8959,0.95047,0.88267,0.85674,0.91217,0.89057,0.89855,0.94668,0.9436,0.84162,0.94132
0.9521,0.95832,0.94823,0.9432,1,0.94967,0.93213,0.95205,0.94735,0.92993,0.95886,0.93864,0.88823,0.93675,0.9086,0.92153,0.93838,0.89574,0.93913,0.953,0.94756,0.95174,0.94403,0.92969,0.90368,0.92602,0.91316,0.93659,0.94081,0.87905,0.9179,0.92251,0.91221,0.93283,0.93901,0.90891,0.92734,0.93439,0.93402,0.89644,0.90748,0.91155,0.89925,0.88244,0.93939,0.89893,0.91785,0.92107,0.92994,0.8742,0.91826
0.93741,0.95269,0.94397,0.94172,0.94967,1,0.93055,0.94105,0.94914,0.93331,0.94475,0.94726,0.89648,0.92612,0.92461,0.91979,0.94221,0.89796,0.93651,0.94091,0.94295,0.94323,0.94306,0.92136,0.90194,0.94762,0.89517,0.93313,0.93495,0.87284,0.91026,0.91262,0.92375,0.93706,0.94097,0.91672,0.94131,0.93508,0.93163,0.89296,0.90744,0.91224,0.88561,0.87378,0.93589,0.89989,0.90709,0.93853,0.94594,0.85172,0.93181
0.92349,0.9353,0.90414,0.96543,0.93213,0.93055,1,0.92376,0.93211,0.97133,0.91489,0.9419,0.8738,0.90504,0.9226,0.96323,0.96733,0.8598,0.96058,0.94756,0.94816,0.91771,0.96836,0.94818,0.88212,0.92499,0.89239,0.96232,0.96014,0.84503,0.89723,0.8989,0.9226,0.9358,0.96943,0.90763,0.92184,0.92601,0.96544,0.85943,0.89312,0.94644,0.87452,0.85871,0.90946,0.8878,0.90079,0.94555,0.9395,0.83573,0.93692
0.93447,0.94682,0.92368,0.93236,0.95205,0.94105,0.92376,1,0.93297,0.91765,0.94413,0.92455,0.88152,0.92821,0.88865,0.91076,0.92556,0.90937,0.92533,0.9372,0.94934,0.92767,0.92591,0.9283,0.92559,0.92219,0.92375,0.93309,0.9377,0.89808,0.92372,0.92794,0.90483,0.93405,0.92856,0.91838,0.92336,0.93086,0.92633,0.90684,0.93445,0.90566,0.92021,0.8984,0.95243,0.92756,0.93787,0.91414,0.91652,0.88781,0.90103
0.94997,0.93916,0.93449,0.93586,0.94735,0.94914,0.93211,0.93297,1,0.93065,0.94759,0.94632,0.92004,0.93139,0.93139,0.91921,0.93427,0.88691,0.933,0.94686,0.92967,0.95124,0.93844,0.91888,0.88752,0.948,0.90254,0.92857,0.92992,0.86228,0.91635,0.9151,0.91931,0.94247,0.94083,0.91338,0.9358,0.92818,0.93294,0.88287,0.90338,0.91127,0.88322,0.87735,0.93054,0.8868,0.90546,0.93277,0.94589,0.85763,0.92444
0.92126,0.93041,0.90348,0.97055,0.92993,0.93331,0.97133,0.91765,0.93065,1,0.91596,0.93967,0.87145,0.89569,0.92316,0.96372,0.97678,0.85735,0.96564,0.9384,0.94887,0.91399,0.97465,0.94452,0.88011,0.92299,0.87989,0.9615,0.95577,0.8412,0.88579,0.89069,0.91508,0.92826,0.96429,0.89538,0.92121,0.9234,0.9663,0.85571,0.88675,0.95272,0.87103,0.85112,0.90309,0.88125,0.89046,0.94849,0.94561,0.82981,0.9392
0.95013,0.94047,0.94487,0.92796,0.95886,0.94475,0.91489,0.94413,0.94759,0.91596,1,0.92842,0.89839,0.93224,0.90422,0.90559,0.92322,0.89967,0.92801,0.94121,0.92904,0.95095,0.92854,0.91165,0.89658,0.92817,0.90944,0.91909,0.92655,0.88403,0.91364,0.92753,0.90857,0.91957,0.92471,0.90022,0.93158,0.92652,0.91793,0.90312,0.90487,0.89798,0.89813,0.88242,0.93485,0.89522,0.91066,0.91139,0.91995,0.88258,0.91121
0.93396,0.93676,0.92979,0.94224,0.93864,0.94726,0.9419,0.92455,0.94632,0.93967,0.92842,1,0.89908,0.92553,0.9381,0.92563,0.94248,0.87131,0.9393,0.94742,0.92912,0.94467,0.94943,0.9121,0.87299,0.9542,0.88755,0.93305,0.93229,0.84705,0.90291,0.91191,0.94024,0.93161,0.94756,0.90725,0.95545,0.91994,0.93169,0.87039,0.89353,0.90874,0.87576,0.86292,0.91424,0.87868,0.89159,0.93391,0.94133,0.84134,0.94968
0.89181,0.88223,0.89603,0.87104,0.88823,0.89648,0.8738,0.88152,0.92004,0.87145,0.89839,0.89908,1,0.90443,0.90012,0.85927,0.87122,0.86837,0.86999,0.88943,0.86718,0.91063,0.87735,0.85754,0.84613,0.9187,0.86976,0.86713,0.86697,0.83599,0.89315,0.89092,0.89101,0.88853,0.8807,0.88835,0.90422,0.87335,0.87379,0.86041,0.87277,0.85158,0.84923,0.86715,0.8952,0.85033,0.86921,0.88046,0.89618,0.84362,0.87901
0.93249,0.93143,0.94154,0.90495,0.93675,0.92612,0.90504,0.92821,0.93139,0.89569,0.93224,0.92553,0.90443,1,0.90213,0.88577,0.90131,0.89741,0.90335,0.93718,0.90573,0.95161,0.90918,0.89011,0.88,0.92623,0.91496,0.8985,0.90295,0.87302,0.93923,0.93327,0.91087,0.91154,0.91191,0.91491,0.92669,0.91683,0.89664,0.90105,0.90137,0.87548,0.88183,0.90122,0.93587,0.88599,0.90677,0.89507,0.90125,0.87429,0.90246
0.90974,0.91334,0.91603,0.92047,0.9086,0.92461,0.9226,0.88865,0.93139,0.92316,0.90422,0.9381,0.90012,0.90213,1,0.91681,0.92219,0.84701,0.92498,0.92056,0.90307,0.92557,0.93039,0.89441,0.85007,0.93235,0.86675,0.90859,0.90864,0.8258,0.88143,0.88476,0.92101,0.91929,0.93153,0.89324,0.92101,0.9033,0.91363,0.84891,0.8665,0.90478,0.84406,0.8401,0.8907,0.85498,0.86742,0.92694,0.93712,0.81613,0.94592
0.91079,0.92675,0.89384,0.96195,0.92153,0.91979,0.96323,0.91076,0.91921,0.96372,0.90559,0.92563,0.85927,0.88577,0.91681,1,0.95996,0.84914,0.9634,0.92777,0.94513,0.90288,0.96132,0.95532,0.87891,0.90866,0.88177,0.95988,0.95966,0.83986,0.87944,0.88306,0.90823,0.93388,0.96025,0.89442,0.90685,0.92143,0.96489,0.85156,0.88213,0.9543,0.8679,0.84149,0.89489,0.88172,0.89109,0.94543,0.9339,0.82671,0.93397
0.9265,0.94275,0.91196,0.9797,0.93838,0.94221,0.96733,0.92556,0.93427,0.97678,0.92322,0.94248,0.87122,0.90131,0.92219,0.95996,1,0.86285,0.96921,0.94112,0.95893,0.92066,0.97246,0.94708,0.88584,0.92382,0.88352,0.96168,0.96029,0.84942,0.88827,0.89215,0.91734,0.93358,0.96263,0.89779,0.92281,0.92704,0.9613,0.86161,0.88993,0.95007,0.87626,0.85264,0.90818,0.88491,0.89322,0.95003,0.94733,0.83543,0.94359
0.89324,0.88365,0.88925,0.86594,0.89574,0.89796,0.8598,0.90937,0.88691,0.85735,0.89967,0.87131,0.86837,0.89741,0.84701,0.84914,0.86285,1,0.8612,0.88108,0.87711,0.88801,0.86621,0.87055,0.92456,0.87962,0.89752,0.86727,0.87033,0.91435,0.91822,0.89856,0.85896,0.87869,0.8661,0.89176,0.87542,0.90308,0.8661,0.94962,0.89477,0.85038,0.88238,0.91988,0.9202,0.91075,0.90808,0.86858,0.86598,0.88253,0.84679
0.92931,0.94275,0.91499,0.97991,0.93913,0.93651,0.96058,0.92533,0.933,0.96564,0.92801,0.9393,0.86999,0.90335,0.92498,0.9634,0.96921,0.8612,1,0.94131,0.95615,0.92343,0.97124,0.94515,0.88437,0.92147,0.88907,0.95682,0.96661,0.85229,0.88919,0.89759,0.9148,0.93576,0.96462,0.89555,0.9237,0.93119,0.95459,0.8653,0.89133,0.9481,0.88015,0.8527,0.90731,0.88736,0.89509,0.94294,0.93927,0.83937,0.94373
0.94975,0.94258,0.93134,0.94291,0.953,0.94091,0.94756,0.9372,0.94686,0.9384,0.94121,0.94742,0.88943,0.93718,0.92056,0.92777,0.94112,0.88108,0.94131,1,0.93569,0.94548,0.95061,0.92592,0.88647,0.93648,0.91639,0.93828,0.93948,0.86237,0.9231,0.92973,0.9326,0.92811,0.95008,0.91759,0.93677,0.93385,0.93744,0.88441,0.90158,0.91553,0.88289,0.87943,0.93,0.89365,0.91465,0.92925,0.92513,0.8581,0.92748
0.92484,0.95574,0.91546,0.96642,0.94756,0.94295,0.94816,0.94934,0.92967,0.94887,0.92904,0.92912,0.86718,0.90573,0.90307,0.94513,0.95893,0.87711,0.95615,0.93569,1,0.91726,0.95104,0.95536,0.90975,0.91861,0.89821,0.96226,0.96591,0.87147,0.8959,0.90135,0.90692,0.94266,0.9489,0.90517,0.91753,0.92927,0.95179,0.87603,0.91493,0.93989,0.90153,0.86421,0.92472,0.90806,0.91397,0.93585,0.93533,0.85417,0.92144
0.94356,0.9419,0.96039,0.92354,0.95174,0.94323,0.91771,0.92767,0.95124,0.91399,0.95095,0.94467,0.91063,0.95161,0.92557,0.90288,0.92066,0.88801,0.92343,0.94548,0.91726,1,0.92892,0.9,0.8789,0.93774,0.90384,0.91028,0.91622,0.8687,0.92013,0.92219,0.92088,0.92209,0.92836,0.90632,0.93753,0.92128,0.91203,0.8927,0.89255,0.89156,0.8794,0.88018,0.92956,0.87982,0.89702,0.91317,0.92383,0.86595,0.92493
0.932,0.94132,0.91916,0.97186,0.94403,0.94306,0.96836,0.92591,0.93844,0.97465,0.92854,0.94943,0.87735,0.90918,0.93039,0.96132,0.97246,0.86621,0.97124,0.95061,0.95104,0.92892,1,0.94556,0.88525,0.93051,0.89157,0.96158,0.95937,0.8505,0.89722,0.90244,0.92389,0.93422,0.97084,0.90488,0.93046,0.9329,0.96332,0.86738,0.89107,0.94333,0.87554,0.85804,0.91249,0.88689,0.89897,0.94921,0.94544,0.83959,0.94544
0.91372,0.93143,0.89307,0.95129,0.92969,0.92136,0.94818,0.9283,0.91888,0.94452,0.91165,0.9121,0.85754,0.89011,0.89441,0.95532,0.94708,0.87055,0.94515,0.92592,0.95536,0.9,0.94556,1,0.90914,0.90301,0.90014,0.96271,0.96212,0.86466,0.89494,0.89101,0.8963,0.93633,0.94392,0.90531,0.89856,0.93089,0.96082,0.86966,0.9003,0.9478,0.88642,0.85839,0.91323,0.90658,0.91667,0.93849,0.92257,0.84538,0.90806
0.89025,0.89886,0.88142,0.89075,0.90368,0.90194,0.88212,0.92559,0.88752,0.88011,0.89658,0.87299,0.84613,0.88,0.85007,0.87891,0.88584,0.92456,0.88437,0.88647,0.90975,0.8789,0.88525,0.90914,1,0.87555,0.90291,0.89691,0.90008,0.92047,0.90105,0.88684,0.85748,0.90059,0.88634,0.89439,0.87111,0.91252,0.89285,0.91497,0.91086,0.88516,0.90015,0.89543,0.92013,0.94125,0.92473,0.8891,0.88092,0.87417,0.85572
0.92094,0.93108,0.92384,0.92322,0.92602,0.94762,0.92499,0.92219,0.948,0.92299,0.92817,0.9542,0.9187,0.92623,0.93235,0.90866,0.92382,0.87962,0.92147,0.93648,0.91861,0.93774,0.93051,0.90301,0.87555,1,0.89084,0.92262,0.92079,0.85529,0.91317,0.92306,0.9432,0.92747,0.93117,0.92231,0.96153,0.91341,0.9202,0.87583,0.91133,0.89526,0.88191,0.86722,0.92687,0.88786,0.90134,0.92988,0.93329,0.84444,0.92802
0.90786,0.90544,0.89685,0.89001,0.91316,0.89517,0.89239,0.92375,0.90254,0.87989,0.90944,0.88755,0.86976,0.91496,0.86675,0.88177,0.88352,0.89752,0.88907,0.91639,0.89821,0.90384,0.89157,0.90014,0.90291,0.89084,1,0.89399,0.8997,0.8993,0.93864,0.92437,0.8856,0.90315,0.89664,0.91766,0.88953,0.90807,0.89345,0.90573,0.90912,0.87483,0.89067,0.90092,0.92536,0.91447,0.94294,0.88497,0.87682,0.89564,0.86987
0.92121,0.93879,0.9027,0.96273,0.93659,0.93313,0.96232,0.93309,0.92857,0.9615,0.91909,0.93305,0.86713,0.8985,0.90859,0.95988,0.96168,0.86727,0.95682,0.93828,0.96226,0.91028,0.96158,0.96271,0.89691,0.92262,0.89399,1,0.97106,0.85623,0.89564,0.90365,0.91437,0.93964,0.95618,0.91018,0.91839,0.92654,0.96892,0.86596,0.90695,0.94487,0.89339,0.85641,0.91531,0.90327,0.91367,0.9448,0.93429,0.84214,0.92276
0.92438,0.94771,0.90741,0.96898,0.94081,0.93495,0.96014,0.9377,0.92992,0.95577,0.92655,0.93229,0.86697,0.90295,0.90864,0.95966,0.96029,0.87033,0.96661,0.93948,0.96591,0.91622,0.95937,0.96212,0.90008,0.92079,0.8997,0.97106,1,0.86439,0.89791,0.9052,0.91085,0.94515,0.96048,0.90549,0.9206,0.93383,0.96092,0.87306,0.90902,0.94314,0.89693,0.85983,0.91796,0.90575,0.91362,0.9421,0.93446,0.84859,0.92641
0.86567,0.87781,0.87128,0.85524,0.87905,0.87284,0.84503,0.89808,0.86228,0.8412,0.88403,0.84705,0.83599,0.87302,0.8258,0.83986,0.84942,0.91435,0.85229,0.86237,0.87147,0.8687,0.8505,0.86466,0.92047,0.85529,0.8993,0.85623,0.86439,1,0.89254,0.88212,0.8399,0.86684,0.85173,0.8707,0.85296,0.87786,0.85076,0.92319,0.89627,0.8423,0.89787,0.88141,0.9031,0.91129,0.90197,0.85307,0.84427,0.90224,0.83198
0.91508,0.91017,0.90594,0.89157,0.9179,0.91026,0.89723,0.92372,0.91635,0.88579,0.91364,0.90291,0.89315,0.93923,0.88143,0.87944,0.88827,0.91822,0.88919,0.9231,0.8959,0.92013,0.89722,0.89494,0.90105,0.91317,0.93864,0.89564,0.89791,0.89254,1,0.93748,0.89915,0.90705,0.89977,0.93435,0.90453,0.91992,0.89453,0.91804,0.91317,0.87369,0.88772,0.91827,0.94292,0.91342,0.93628,0.89604,0.88597,0.87858,0.87671
0.91703,0.91365,0.91141,0.89618,0.92251,0.91262,0.8989,0.92794,0.9151,0.89069,0.92753,0.91191,0.89092,0.93327,0.88476,0.88306,0.89215,0.89856,0.89759,0.92973,0.90135,0.92219,0.90244,0.89101,0.88684,0.92306,0.92437,0.90365,0.9052,0.88212,0.93748,1,0.91152,0.90173,0.90311,0.9205,0.92325,0.90962,0.8971,0.90765,0.92003,0.87247,0.90804,0.89546,0.93509,0.91199,0.93075,0.8927,0.88667,0.88238,0.88502
0.90585,0.91772,0.90724,0.9157,0.91221,0.92375,0.9226,0.90483,0.91931,0.91508,0.90857,0.94024,0.89101,0.91087,0.92101,0.90823,0.91734,0.85896,0.9148,0.9326,0.90692,0.92088,0.92389,0.8963,0.85748,0.9432,0.8856,0.91437,0.91085,0.8399,0.89915,0.91152,1,0.90716,0.92033,0.92065,0.94126,0.90069,0.91279,0.86239,0.88893,0.88857,0.86406,0.84872,0.90338,0.87556,0.89109,0.9213,0.90725,0.83204,0.92765
0.92166,0.94442,0.91374,0.93915,0.93283,0.93706,0.9358,0.93405,0.94247,0.92826,0.91957,0.93161,0.88853,0.91154,0.91929,0.93388,0.93358,0.87869,0.93576,0.92811,0.94266,0.92209,0.93422,0.93633,0.90059,0.92747,0.90315,0.93964,0.94515,0.86684,0.90705,0.90173,0.90716,1,0.94677,0.9189,0.91728,0.92836,0.93957,0.87775,0.91229,0.92247,0.88857,0.86789,0.92451,0.90342,0.91404,0.93873,0.94196,0.84999,0.9217
0.9303,0.94294,0.91733,0.96479,0.93901,0.94097,0.96943,0.92856,0.94083,0.96429,0.92471,0.94756,0.8807,0.91191,0.93153,0.96025,0.96263,0.8661,0.96462,0.95008,0.9489,0.92836,0.97084,0.94392,0.88634,0.93117,0.89664,0.95618,0.96048,0.85173,0.89977,0.90311,0.92033,0.94677,1,0.9085,0.92961,0.93353,0.96039,0.86789,0.8948,0.94031,0.87548,0.86271,0.91585,0.88988,0.90132,0.94822,0.94919,0.84091,0.94507
0.89973,0.91506,0.89728,0.89923,0.90891,0.91672,0.90763,0.91838,0.91338,0.89538,0.90022,0.90725,0.88835,0.91491,0.89324,0.89442,0.89779,0.89176,0.89555,0.91759,0.90517,0.90632,0.90488,0.90531,0.89439,0.92231,0.91766,0.91018,0.90549,0.8707,0.93435,0.9205,0.92065,0.9189,0.9085,1,0.90874,0.9109,0.90953,0.8911,0.91484,0.88197,0.87973,0.88299,0.9317,0.91634,0.93512,0.9117,0.89714,0.85383,0.88858
0.92016,0.93045,0.92441,0.92405,0.92734,0.94131,0.92184,0.92336,0.9358,0.92121,0.93158,0.95545,0.90422,0.92669,0.92101,0.90685,0.92281,0.87542,0.9237,0.93677,0.91753,0.93753,0.93046,0.89856,0.87111,0.96153,0.88953,0.91839,0.9206,0.85296,0.90453,0.92325,0.94126,0.91728,0.92961,0.90874,1,0.91329,0.91574,0.87717,0.90296,0.88922,0.881,0.86711,0.91774,0.88297,0.8945,0.9174,0.92447,0.84772,0.93318
0.93071,0.93,0.913,0.93208,0.93439,0.93508,0.92601,0.93086,0.92818,0.9234,0.92652,0.91994,0.87335,0.91683,0.9033,0.92143,0.92704,0.90308,0.93119,0.93385,0.92927,0.92128,0.9329,0.93089,0.91252,0.91341,0.90807,0.92654,0.93383,0.87786,0.91992,0.90962,0.90069,0.92836,0.93353,0.9109,0.91329,1,0.92738,0.90818,0.89622,0.91686,0.88055,0.88651,0.92719,0.91048,0.91342,0.9276,0.91634,0.85248,0.9097
0.92078,0.93399,0.90062,0.96051,0.93402,0.93163,0.96544,0.92633,0.93294,0.9663,0.91793,0.93169,0.87379,0.89664,0.91363,0.96489,0.9613,0.8661,0.95459,0.93744,0.95179,0.91203,0.96332,0.96082,0.89285,0.9202,0.89345,0.96892,0.96092,0.85076,0.89453,0.8971,0.91279,0.93957,0.96039,0.90953,0.91574,0.92738,1,0.86418,0.89537,0.94546,0.87966,0.85822,0.9128,0.8948,0.90804,0.94688,0.94193,0.84106,0.92668
0.89176,0.88666,0.89219,0.86696,0.89644,0.89296,0.85943,0.90684,0.88287,0.85571,0.90312,0.87039,0.86041,0.90105,0.84891,0.85156,0.86161,0.94962,0.8653,0.88441,0.87603,0.8927,0.86738,0.86966,0.91497,0.87583,0.90573,0.86596,0.87306,0.92319,0.91804,0.90765,0.86239,0.87775,0.86789,0.8911,0.87717,0.90818,0.86418,1,0.89017,0.84912,0.88431,0.911,0.91552,0.91278,0.90705,0.86789,0.85946,0.88831,0.85067
0.89263,0.91436,0.88996,0.8959,0.90748,0.90744,0.89312,0.93445,0.90338,0.88675,0.90487,0.89353,0.87277,0.90137,0.8665,0.88213,0.88993,0.89477,0.89133,0.90158,0.91493,0.89255,0.89107,0.9003,0.91086,0.91133,0.90912,0.90695,0.90902,0.89627,0.91317,0.92003,0.88893,0.91229,0.8948,0.91484,0.90296,0.89622,0.89537,0.89017,1,0.87855,0.93386,0.88235,0.93252,0.93228,0.93657,0.89279,0.88846,0.8756,0.8699
0.90683,0.91245,0.88562,0.95047,0.91155,0.91224,0.94644,0.90566,0.91127,0.95272,0.89798,0.90874,0.85158,0.87548,0.90478,0.9543,0.95007,0.85038,0.9481,0.91553,0.93989,0.89156,0.94333,0.9478,0.88516,0.89526,0.87483,0.94487,0.94314,0.8423,0.87369,0.87247,0.88857,0.92247,0.94031,0.88197,0.88922,0.91686,0.94546,0.84912,0.87855,1,0.86508,0.84325,0.88983,0.88104,0.88423,0.9396,0.92515,0.82392,0.91257
0.88168,0.8982,0.87604,0.88267,0.89925,0.88561,0.87452,0.92021,0.88322,0.87103,0.89813,0.87576,0.84923,0.88183,0.84406,0.8679,0.87626,0.88238,0.88015,0.88289,0.90153,0.8794,0.87554,0.88642,0.90015,0.88191,0.89067,0.89339,0.89693,0.89787,0.88772,0.90804,0.86406,0.88857,0.87548,0.87973,0.881,0.88055,0.87966,0.88431,0.93386,0.86508,1,0.86626,0.90823,0.91519,0.91342,0.87036,0.8686,0.88671,0.85315
0.88486,0.86903,0.87393,0.85674,0.88244,0.87378,0.85871,0.8984,0.87735,0.85112,0.88242,0.86292,0.86715,0.90122,0.8401,0.84149,0.85264,0.91988,0.8527,0.87943,0.86421,0.88018,0.85804,0.85839,0.89543,0.86722,0.90092,0.85641,0.85983,0.88141,0.91827,0.89546,0.84872,0.86789,0.86271,0.88299,0.86711,0.88651,0.85822,0.911,0.88235,0.84325,0.86626,1,0.90621,0.89019,0.89594,0.85258,0.85531,0.8865,0.83712
0.91954,0.93829,0.92278,0.91217,0.93939,0.93589,0.90946,0.95243,0.93054,0.90309,0.93485,0.91424,0.8952,0.93587,0.8907,0.89489,0.90818,0.9202,0.90731,0.93,0.92472,0.92956,0.91249,0.91323,0.92013,0.92687,0.92536,0.91531,0.91796,0.9031,0.94292,0.93509,0.90338,0.92451,0.91585,0.9317,0.91774,0.92719,0.9128,0.91552,0.93252,0.88983,0.90823,0.90621,1,0.9254,0.9413,0.90938,0.90999,0.88616,0.8917
0.88692,0.90122,0.8765,0.89057,0.89893,0.89989,0.8878,0.92756,0.8868,0.88125,0.89522,0.87868,0.85033,0.88599,0.85498,0.88172,0.88491,0.91075,0.88736,0.89365,0.90806,0.87982,0.88689,0.90658,0.94125,0.88786,0.91447,0.90327,0.90575,0.91129,0.91342,0.91199,0.87556,0.90342,0.88988,0.91634,0.88297,0.91048,0.8948,0.91278,0.93228,0.88104,0.91519,0.89019,0.9254,1,0.94951,0.89196,0.87563,0.87029,0.86037
0.90475,0.91435,0.89151,0.89855,0.91785,0.90709,0.90079,0.93787,0.90546,0.89046,0.91066,0.89159,0.86921,0.90677,0.86742,0.89109,0.89322,0.90808,0.89509,0.91465,0.91397,0.89702,0.89897,0.91667,0.92473,0.90134,0.94294,0.91367,0.91362,0.90197,0.93628,0.93075,0.89109,0.91404,0.90132,0.93512,0.8945,0.91342,0.90804,0.90705,0.93657,0.88423,0.91342,0.89594,0.9413,0.94951,1,0.89655,0.88588,0.88481,0.87032
0.91427,0.9271,0.90225,0.94668,0.92107,0.93853,0.94555,0.91414,0.93277,0.94849,0.91139,0.93391,0.88046,0.89507,0.92694,0.94543,0.95003,0.86858,0.94294,0.92925,0.93585,0.91317,0.94921,0.93849,0.8891,0.92988,0.88497,0.9448,0.9421,0.85307,0.89604,0.8927,0.9213,0.93873,0.94822,0.9117,0.9174,0.9276,0.94688,0.86789,0.89279,0.9396,0.87036,0.85258,0.90938,0.89196,0.89655,1,0.9383,0.8279,0.93031
0.91877,0.93336,0.91738,0.9436,0.92994,0.94594,0.9395,0.91652,0.94589,0.94561,0.91995,0.94133,0.89618,0.90125,0.93712,0.9339,0.94733,0.86598,0.93927,0.92513,0.93533,0.92383,0.94544,0.92257,0.88092,0.93329,0.87682,0.93429,0.93446,0.84427,0.88597,0.88667,0.90725,0.94196,0.94919,0.89714,0.92447,0.91634,0.94193,0.85946,0.88846,0.92515,0.8686,0.85531,0.90999,0.87563,0.88588,0.9383,1,0.83414,0.93714
0.86469,0.86189,0.86504,0.84162,0.8742,0.85172,0.83573,0.88781,0.85763,0.82981,0.88258,0.84134,0.84362,0.87429,0.81613,0.82671,0.83543,0.88253,0.83937,0.8581,0.85417,0.86595,0.83959,0.84538,0.87417,0.84444,0.89564,0.84214,0.84859,0.90224,0.87858,0.88238,0.83204,0.84999,0.84091,0.85383,0.84772,0.85248,0.84106,0.88831,0.8756,0.82392,0.88671,0.8865,0.88616,0.87029,0.88481,0.8279,0.83414,1,0.82168
0.91114,0.92998,0.91534,0.94132,0.91826,0.93181,0.93692,0.90103,0.92444,0.9392,0.91121,0.94968,0.87901,0.90246,0.94592,0.93397,0.94359,0.84679,0.94373,0.92748,0.92144,0.92493,0.94544,0.90806,0.85572,0.92802,0.86987,0.92276,0.92641,0.83198,0.87671,0.88502,0.92765,0.9217,0.94507,0.88858,0.93318,0.9097,0.92668,0.85067,0.8699,0.91257,0.85315,0.83712,0.8917,0.86037,0.87032,0.93031,0.93714,0.82168,1
