1,0.7036,0.72236,0.67987,0.82505,0.74634,0.89461,0.51983,0.90743,0.71651,0.9323,0.78448,0.73962,0.82914,0.95722,0.70369,0.60302,0.93623,0.67649,0.57896,0.95437,0.90149,0.66736,0.64347,0.88211,0.56964,0.74107,0.80772,0.70374,0.66228,0.56479,0.60548,0.55713,0.55927,0.8324,0.85904,0.9491,0.58932,0.65734,0.55927,0.81912,0.64915,0.95534,0.68752,0.57296,0.66675,0.59634,0.94366,0.51337,0.9293,0.68879,0.92022,0.97238,0.89691,0.77858,0.79642,0.84444,0.48002,0.83277,0.95283,0.64093,0.5023,0.70146,0.57218,0.82593,0.63927,0.69763,0.4866,0.9241,0.73646,0.58525,0.64498,0.48969,0.6113,0.62733,0.48561,0.62537,0.60307,0.73175,0.48485,0.5231,0.48824,0.55333,0.51643,0.71406,0.56334,0.7068,0.59662,0.7901,0.67051,0.60014,0.56548,0.52509,0.61144,0.72714,0.71703,0.51713,0.8284,0.60868,0.655,0.59356,0.41197,0.48922,0.58583,0.49327,0.66184,0.46041,0.65266,0.54801,0.48548,0.8331,0.85335,0.56383,0.48806,0.70332,0.67497,0.7274,0.6924,0.46317,0.48922
0.7036,1,0.93792,0.93689,0.84278,0.92265,0.77934,0.73276,0.77137,0.93037,0.74883,0.88512,0.92824,0.84295,0.71794,0.94489,0.84452,0.7332,0.93094,0.81402,0.72087,0.7743,0.92503,0.89624,0.78904,0.80096,0.93216,0.8612,0.94328,0.91813,0.79472,0.84761,0.78341,0.78824,0.83538,0.60789,0.72857,0.82476,0.91081,0.78827,0.84766,0.90477,0.71527,0.94027,0.80459,0.9228,0.83496,0.72358,0.72336,0.74402,0.93964,0.75937,0.70444,0.77937,0.89174,0.86931,0.82451,0.67723,0.58822,0.67876,0.89338,0.70811,0.93875,0.80455,0.84315,0.89193,0.94265,0.68646,0.75144,0.92947,0.82217,0.89921,0.69065,0.85662,0.87431,0.68514,0.87518,0.84451,0.927,0.68412,0.73711,0.68866,0.77251,0.72763,0.9365,0.79123,0.93458,0.83613,0.87753,0.92629,0.84163,0.79496,0.73985,0.85666,0.9339,0.93976,0.72851,0.84156,0.85333,0.9107,0.83297,0.5816,0.69003,0.82315,0.69575,0.9176,0.64961,0.90762,0.77133,0.68496,0.83726,0.81397,0.79246,0.6884,0.94182,0.93063,0.93394,0.93588,0.65346,0.68993
0.72236,0.93792,1,0.92516,0.86577,0.94381,0.80035,0.71542,0.79215,0.93528,0.76911,0.90744,0.94698,0.8647,0.73703,0.94542,0.82722,0.75272,0.91936,0.79528,0.74031,0.79505,0.91077,0.88022,0.81018,0.78265,0.95299,0.88394,0.94309,0.90303,0.7765,0.82998,0.76516,0.76989,0.8578,0.62401,0.74774,0.80838,0.8967,0.76985,0.8715,0.88788,0.73476,0.93207,0.78667,0.90812,0.81704,0.74299,0.70646,0.76428,0.93264,0.77976,0.72326,0.80017,0.91521,0.89286,0.84646,0.66129,0.60374,0.69693,0.87746,0.69152,0.94053,0.78677,0.86631,0.87551,0.94113,0.67031,0.7718,0.94872,0.80426,0.88308,0.67438,0.8388,0.85807,0.66896,0.85768,0.82703,0.94295,0.66794,0.72003,0.67241,0.75558,0.71069,0.94432,0.77323,0.93875,0.81823,0.90118,0.91406,0.82366,0.77727,0.72269,0.83898,0.94966,0.95013,0.71164,0.8645,0.83534,0.89552,0.81496,0.56762,0.67383,0.80521,0.67939,0.90361,0.63422,0.8923,0.75379,0.6688,0.86022,0.83621,0.77464,0.67218,0.94388,0.91907,0.94866,0.93155,0.63796,0.67368
0.67987,0.93689,0.92516,1,0.81631,0.90072,0.75362,0.76073,0.74567,0.92128,0.72375,0.85977,0.9083,0.81581,0.69368,0.94475,0.87629,0.70857,0.95322,0.84551,0.69669,0.74867,0.95539,0.9293,0.76351,0.8321,0.91094,0.83475,0.94299,0.94829,0.82544,0.88008,0.81355,0.81901,0.80946,0.58688,0.70378,0.85636,0.93862,0.81901,0.82164,0.93827,0.69116,0.95392,0.83529,0.9512,0.86704,0.6992,0.75151,0.71917,0.95363,0.73408,0.68059,0.75359,0.86611,0.84379,0.79803,0.70328,0.56785,0.65556,0.92656,0.73524,0.93956,0.83555,0.81686,0.92426,0.94705,0.71267,0.72642,0.91065,0.85376,0.93206,0.71709,0.88929,0.90544,0.71132,0.90823,0.87645,0.91058,0.71027,0.76542,0.71495,0.8007,0.75538,0.92783,0.8209,0.93111,0.86783,0.85186,0.95194,0.87372,0.82549,0.76812,0.88923,0.91887,0.9297,0.75643,0.81499,0.88558,0.94158,0.86472,0.60363,0.71644,0.85485,0.72236,0.94643,0.67428,0.93867,0.80089,0.71114,0.81071,0.78792,0.82283,0.71473,0.94128,0.95356,0.91809,0.94295,0.67833,0.71635
0.82505,0.84278,0.86577,0.81631,1,0.89308,0.91129,0.62631,0.90174,0.85667,0.87529,0.92634,0.88615,0.95592,0.84148,0.84317,0.72612,0.8602,0.81323,0.69673,0.84458,0.90188,0.80243,0.77398,0.91612,0.6853,0.88878,0.94955,0.84365,0.79601,0.68042,0.72917,0.67047,0.67351,0.95263,0.7136,0.85397,0.71021,0.79266,0.67355,0.95669,0.78047,0.84003,0.82585,0.69001,0.80121,0.71711,0.84874,0.61852,0.87301,0.82784,0.88736,0.82561,0.90865,0.92488,0.94289,0.9479,0.57865,0.69068,0.79627,0.77159,0.60568,0.84384,0.6899,0.96071,0.77062,0.83967,0.58694,0.88102,0.88441,0.70543,0.77701,0.59067,0.73667,0.75534,0.58571,0.75377,0.72665,0.87782,0.58475,0.63068,0.5889,0.6652,0.62271,0.85799,0.679,0.8491,0.71853,0.94132,0.8075,0.72327,0.68161,0.6333,0.73682,0.87348,0.86198,0.6235,0.96262,0.73378,0.78917,0.71553,0.49687,0.59004,0.70634,0.59487,0.79731,0.55531,0.78625,0.6607,0.58555,0.9617,0.94271,0.67961,0.58864,0.84613,0.81273,0.87401,0.83273,0.55862,0.58996
0.74634,0.92265,0.94381,0.90072,0.89308,1,0.82678,0.69311,0.8183,0.92716,0.79402,0.93195,0.95449,0.89255,0.76128,0.92712,0.80217,0.77783,0.8963,0.77084,0.76438,0.82084,0.88564,0.85494,0.83656,0.75874,0.96116,0.91211,0.92446,0.87889,0.75276,0.80526,0.74176,0.74593,0.88588,0.64467,0.77252,0.7838,0.87218,0.74592,0.89805,0.86258,0.75901,0.90914,0.76285,0.88397,0.79259,0.76766,0.68457,0.78945,0.91037,0.80535,0.74716,0.82615,0.94081,0.91908,0.87359,0.64053,0.62385,0.72002,0.85222,0.67009,0.92368,0.76274,0.89412,0.85025,0.92202,0.6494,0.79748,0.9547,0.77991,0.85769,0.65348,0.81395,0.83328,0.6481,0.8325,0.80252,0.94638,0.64709,0.69778,0.65152,0.73382,0.68881,0.93476,0.75007,0.92639,0.7942,0.92838,0.8899,0.7992,0.75368,0.70043,0.81406,0.94804,0.94093,0.68963,0.89272,0.8106,0.87059,0.79067,0.54991,0.65285,0.78081,0.65826,0.87913,0.61447,0.86742,0.73068,0.64793,0.88831,0.86352,0.7513,0.65131,0.92745,0.89543,0.94772,0.91323,0.61814,0.65278
0.89461,0.77934,0.80035,0.75362,0.91129,0.82678,1,0.57713,0.96355,0.79297,0.94186,0.86727,0.81989,0.915,0.91105,0.77987,0.66948,0.92682,0.75083,0.64203,0.91353,0.95613,0.74033,0.71416,0.95267,0.63181,0.82146,0.89369,0.77964,0.73471,0.62707,0.67226,0.61826,0.6207,0.91875,0.77519,0.9218,0.65383,0.72975,0.62077,0.9042,0.71973,0.90847,0.76262,0.63615,0.7395,0.66126,0.91668,0.56988,0.94136,0.76419,0.95295,0.89544,0.95634,0.86177,0.88074,0.92884,0.53313,0.75048,0.86496,0.7118,0.5581,0.77876,0.63556,0.91478,0.70995,0.7748,0.54056,0.95122,0.81774,0.65018,0.71623,0.54405,0.67905,0.69691,0.5394,0.69459,0.66997,0.81245,0.53854,0.58109,0.54242,0.61381,0.57373,0.79277,0.62579,0.78503,0.66277,0.87705,0.74456,0.66667,0.62825,0.5834,0.67921,0.80743,0.79633,0.57445,0.91745,0.67617,0.72746,0.65943,0.45779,0.54353,0.65074,0.54799,0.73512,0.51156,0.72498,0.60881,0.53927,0.92243,0.93942,0.6264,0.54221,0.7812,0.7496,0.80774,0.76892,0.5146,0.54344
0.51983,0.73276,0.71542,0.76073,0.62631,0.69311,0.57713,1,0.57046,0.71794,0.55349,0.65924,0.69942,0.62472,0.53075,0.73455,0.851,0.54278,0.76372,0.88303,0.53307,0.57283,0.77496,0.80151,0.58447,0.8948,0.69945,0.64033,0.73415,0.77982,0.90453,0.84769,0.90743,0.91641,0.62056,0.44889,0.53859,0.86502,0.78495,0.91598,0.63047,0.79512,0.52911,0.75198,0.89025,0.77457,0.85664,0.53565,0.93965,0.55084,0.75037,0.5614,0.52039,0.57644,0.66469,0.64812,0.61154,0.90636,0.43432,0.50153,0.80577,0.93596,0.73641,0.89624,0.62638,0.80778,0.74166,0.91786,0.55632,0.70282,0.87842,0.80116,0.92218,0.8433,0.8195,0.91628,0.82552,0.85204,0.70569,0.91507,0.94609,0.91967,0.88724,0.94353,0.72315,0.90129,0.72994,0.86036,0.6546,0.77125,0.85726,0.90306,0.94564,0.84285,0.71128,0.72151,0.94319,0.62481,0.84654,0.78924,0.86631,0.78575,0.92139,0.87791,0.92713,0.78114,0.8736,0.79184,0.92549,0.91606,0.62137,0.60435,0.90411,0.91961,0.73539,0.76631,0.71084,0.74527,0.87838,0.92042
0.90743,0.77137,0.79215,0.74567,0.90174,0.8183,0.96355,0.57046,1,0.7848,0.95749,0.85908,0.81107,0.90752,0.92268,0.77189,0.66178,0.93503,0.74231,0.63506,0.92635,0.96438,0.73215,0.70618,0.95336,0.62492,0.81298,0.88455,0.77146,0.72656,0.61985,0.66445,0.61125,0.61376,0.91004,0.78456,0.93362,0.64648,0.72112,0.61377,0.89594,0.71203,0.91923,0.75415,0.62876,0.73135,0.65396,0.92548,0.56336,0.94851,0.75557,0.9665,0.90841,0.96524,0.85356,0.87175,0.92178,0.52687,0.7597,0.87609,0.70354,0.55137,0.76965,0.62803,0.90479,0.70157,0.76564,0.53411,0.95883,0.80816,0.64242,0.70789,0.53753,0.67099,0.68856,0.53301,0.68638,0.66195,0.80266,0.53218,0.57421,0.53593,0.60676,0.56685,0.78323,0.61818,0.77547,0.65486,0.86639,0.73586,0.65872,0.62076,0.57636,0.67116,0.79786,0.78691,0.56762,0.90756,0.66806,0.71888,0.65151,0.45225,0.53703,0.64302,0.54147,0.72638,0.5054,0.71636,0.60152,0.53287,0.91258,0.93118,0.61886,0.53575,0.77188,0.7408,0.79814,0.75971,0.50841,0.53701
0.71651,0.93037,0.93528,0.92128,0.85667,0.92716,0.79297,0.71794,0.7848,1,0.76193,0.89651,0.93312,0.85627,0.73098,0.93396,0.82771,0.74663,0.91464,0.79718,0.73387,0.78759,0.90768,0.87998,0.80265,0.7843,0.93726,0.87431,0.93181,0.9012,0.77873,0.83189,0.76712,0.77185,0.84898,0.61932,0.74141,0.8086,0.89404,0.77196,0.86032,0.8864,0.7282,0.92468,0.78826,0.90611,0.8177,0.73682,0.7091,0.75755,0.92593,0.77241,0.71727,0.7926,0.90258,0.88161,0.8381,0.6639,0.5994,0.6913,0.87717,0.69428,0.93225,0.7888,0.85717,0.87509,0.93343,0.67291,0.76539,0.93556,0.80619,0.88244,0.67726,0.84026,0.8582,0.67159,0.85825,0.82883,0.93206,0.67055,0.72273,0.67522,0.75793,0.71329,0.93447,0.77574,0.93219,0.82034,0.89103,0.91088,0.82541,0.77968,0.72533,0.84026,0.9375,0.93913,0.7143,0.85567,0.8367,0.89403,0.81702,0.57039,0.67659,0.80696,0.68209,0.9016,0.63689,0.89128,0.75638,0.67142,0.85129,0.82855,0.77729,0.67498,0.93569,0.91574,0.93624,0.9249,0.64076,0.67668
0.9323,0.74883,0.76911,0.72375,0.87529,0.79402,0.94186,0.55349,0.95749,0.76193,1,0.83423,0.7869,0.88105,0.94224,0.74904,0.64181,0.94346,0.71983,0.61657,0.94513,0.95106,0.71033,0.68472,0.93225,0.60658,0.78862,0.85777,0.7491,0.70495,0.60124,0.64438,0.59317,0.59558,0.88292,0.80714,0.95067,0.62747,0.69946,0.59561,0.86996,0.6911,0.9387,0.73159,0.60971,0.70962,0.6349,0.93892,0.54657,0.95134,0.73286,0.96661,0.93279,0.94903,0.82798,0.84598,0.89545,0.51107,0.78173,0.89954,0.68185,0.5346,0.74568,0.60891,0.87599,0.68017,0.74189,0.51798,0.95257,0.78278,0.62278,0.68623,0.52119,0.6504,0.66731,0.51695,0.66542,0.64151,0.77738,0.51617,0.55671,0.51969,0.58834,0.54959,0.75887,0.59931,0.751,0.63468,0.83855,0.7133,0.63857,0.60172,0.55884,0.65051,0.77283,0.76223,0.5503,0.87848,0.64766,0.69684,0.6315,0.43847,0.52071,0.62344,0.52505,0.70405,0.49006,0.69428,0.58323,0.51682,0.8836,0.90134,0.59992,0.51947,0.74774,0.71796,0.7732,0.73616,0.49296,0.5207
0.78448,0.88512,0.90744,0.85977,0.92634,0.93195,0.86727,0.65924,0.85908,0.89651,0.83423,1,0.92599,0.93421,0.79959,0.8874,0.76321,0.81552,0.85426,0.73363,0.80295,0.86185,0.8441,0.81413,0.87753,0.7218,0.93059,0.94343,0.88651,0.83747,0.71584,0.76633,0.70592,0.70951,0.92364,0.67749,0.81096,0.7448,0.82973,0.70949,0.92859,0.82139,0.79582,0.86771,0.72561,0.84246,0.7547,0.8049,0.651,0.82742,0.86928,0.84571,0.78505,0.86747,0.95368,0.9406,0.91276,0.60893,0.65568,0.75659,0.81063,0.63704,0.88217,0.7249,0.93011,0.80829,0.87923,0.61718,0.83638,0.92221,0.74139,0.81571,0.62114,0.7739,0.79309,0.61597,0.79144,0.76332,0.91432,0.61504,0.66331,0.61926,0.6986,0.65466,0.89594,0.7134,0.88727,0.75541,0.94854,0.84685,0.75991,0.71653,0.66573,0.77398,0.91182,0.90107,0.6556,0.92922,0.77061,0.82799,0.75168,0.52275,0.62055,0.74211,0.62565,0.8364,0.58397,0.82513,0.69462,0.6158,0.92601,0.90113,0.71428,0.61906,0.88555,0.85256,0.91159,0.87158,0.58748,0.62051
0.73962,0.92824,0.94698,0.9083,0.88615,0.95449,0.81989,0.69942,0.81107,0.93312,0.7869,0.92599,1,0.88578,0.75457,0.93333,0.80984,0.77112,0.90441,0.77755,0.75763,0.81375,0.89389,0.86248,0.82923,0.76539,0.96306,0.90526,0.93219,0.887,0.7599,0.81305,0.74847,0.75288,0.87874,0.63895,0.76561,0.79059,0.88061,0.75294,0.89105,0.87022,0.7522,0.91756,0.77007,0.89187,0.80032,0.76105,0.69109,0.78282,0.91877,0.79806,0.74043,0.8187,0.93368,0.91235,0.86635,0.64661,0.61821,0.71368,0.86048,0.6766,0.93226,0.77006,0.88763,0.85832,0.93048,0.65557,0.79077,0.95915,0.78742,0.86584,0.65974,0.82186,0.84138,0.65421,0.84046,0.81027,0.95156,0.65319,0.70448,0.65775,0.74051,0.69543,0.94164,0.75741,0.93448,0.80184,0.92322,0.89821,0.80689,0.76092,0.70718,0.82196,0.95471,0.94857,0.69626,0.88572,0.81844,0.87889,0.79835,0.55519,0.65909,0.78827,0.66454,0.88753,0.62032,0.87583,0.73769,0.65405,0.88127,0.85654,0.75855,0.65753,0.93603,0.90397,0.9533,0.92133,0.62404,0.65901
0.82914,0.84295,0.8647,0.81581,0.95592,0.89255,0.915,0.62472,0.90752,0.85627,0.88105,0.93421,0.88578,1,0.84518,0.84353,0.72421,0.86183,0.81178,0.69542,0.84801,0.9095,0.80139,0.77277,0.92367,0.68417,0.88894,0.95269,0.84388,0.795,0.67884,0.7271,0.66928,0.67236,0.95708,0.71627,0.85721,0.70657,0.78884,0.67231,0.94835,0.77942,0.84092,0.82477,0.68814,0.80043,0.7159,0.85033,0.61704,0.87428,0.82643,0.89316,0.82975,0.91509,0.92766,0.93675,0.95256,0.577,0.69318,0.79978,0.76972,0.60387,0.84085,0.6876,0.96159,0.76773,0.83717,0.58502,0.88416,0.88249,0.70328,0.77466,0.58876,0.73452,0.75308,0.5838,0.75133,0.72437,0.87566,0.5829,0.62883,0.58695,0.66332,0.62076,0.85533,0.6769,0.84683,0.71685,0.93914,0.805,0.72109,0.6796,0.63122,0.73463,0.87139,0.85979,0.62157,0.96312,0.73135,0.78665,0.7133,0.49537,0.58818,0.704,0.59302,0.79478,0.55348,0.78386,0.6587,0.58365,0.96341,0.94486,0.6775,0.58678,0.84379,0.81051,0.87154,0.83017,0.55684,0.58813
0.95722,0.71794,0.73703,0.69368,0.84148,0.76128,0.91105,0.53075,0.92268,0.73098,0.94224,0.79959,0.75457,0.84518,1,0.71797,0.61571,0.94546,0.69058,0.59084,0.95556,0.91568,0.68115,0.65705,0.89724,0.58132,0.7562,0.82368,0.718,0.67591,0.57673,0.61832,0.56872,0.57095,0.84879,0.84061,0.95432,0.60147,0.67112,0.57093,0.83468,0.66251,0.9553,0.70171,0.5851,0.68052,0.6086,0.94916,0.52415,0.94202,0.70299,0.93306,0.95777,0.91128,0.794,0.81189,0.86048,0.49021,0.81481,0.93364,0.65451,0.51306,0.71629,0.58435,0.84279,0.65278,0.71238,0.49697,0.93992,0.75199,0.59772,0.6586,0.50017,0.62432,0.6408,0.49594,0.63862,0.61595,0.74722,0.49516,0.53427,0.49868,0.56493,0.52747,0.72914,0.57541,0.72193,0.60942,0.80672,0.68465,0.61294,0.57765,0.53632,0.62447,0.7425,0.73222,0.52819,0.84537,0.6216,0.66884,0.60626,0.42087,0.4997,0.59827,0.50381,0.67587,0.47028,0.66652,0.55971,0.49581,0.85,0.87071,0.57589,0.49851,0.71826,0.68924,0.74282,0.7071,0.47311,0.49966
0.70369,0.94489,0.94542,0.94475,0.84317,0.92712,0.77987,0.73455,0.77189,0.93396,0.74904,0.8874,0.93333,0.84353,0.71797,1,0.84827,0.73348,0.93952,0.81635,0.72122,0.77476,0.93268,0.90298,0.79028,0.80372,0.93782,0.86362,0.95031,0.92438,0.79737,0.85165,0.78565,0.79078,0.83713,0.60775,0.72843,0.82849,0.91632,0.79077,0.84967,0.90982,0.71572,0.94875,0.80771,0.93014,0.83863,0.72405,0.72563,0.7446,0.94839,0.7596,0.70458,0.77952,0.89494,0.8719,0.82545,0.67926,0.58808,0.67895,0.90059,0.7105,0.94997,0.80798,0.8453,0.89773,0.95442,0.68851,0.75232,0.93768,0.82605,0.90578,0.69264,0.86135,0.87961,0.68714,0.88036,0.84892,0.93557,0.6861,0.73969,0.69075,0.77529,0.73008,0.94507,0.7938,0.94588,0.84043,0.88119,0.93518,0.84588,0.7984,0.74237,0.86153,0.94309,0.95082,0.73097,0.84343,0.85767,0.91787,0.837,0.58317,0.69221,0.82686,0.69794,0.92556,0.65151,0.91496,0.77429,0.68695,0.83918,0.81561,0.79581,0.69054,0.95357,0.93976,0.94248,0.9457,0.65537,0.69207
0.60302,0.84452,0.82722,0.87629,0.72612,0.80217,0.66948,0.851,0.66178,0.82771,0.64181,0.76321,0.80984,0.72421,0.61571,0.84827,1,0.62992,0.88205,0.92429,0.61842,0.66408,0.89259,0.91914,0.67749,0.917,0.81001,0.74254,0.84659,0.89714,0.91743,0.94513,0.90097,0.91206,0.7195,0.52101,0.62478,0.9304,0.90387,0.91171,0.73088,0.9109,0.61399,0.86796,0.92507,0.89188,0.93147,0.62153,0.84119,0.63933,0.86674,0.65099,0.60365,0.66801,0.76991,0.75112,0.70901,0.79033,0.50409,0.58199,0.92722,0.82709,0.85277,0.93198,0.7268,0.92878,0.85924,0.80199,0.6458,0.81504,0.94725,0.92252,0.80716,0.95401,0.93493,0.80025,0.9445,0.95041,0.81805,0.79893,0.86022,0.80469,0.88461,0.84923,0.83746,0.91496,0.8455,0.94997,0.75967,0.89162,0.95272,0.9223,0.8635,0.95311,0.82461,0.83642,0.84996,0.72508,0.95511,0.91113,0.95244,0.68023,0.80647,0.9475,0.81287,0.90249,0.75929,0.91405,0.89759,0.80003,0.72107,0.70135,0.91848,0.8044,0.85218,0.88639,0.82408,0.86238,0.76392,0.80603
0.93623,0.7332,0.75272,0.70857,0.8602,0.77783,0.92682,0.54278,0.93503,0.74663,0.94346,0.81552,0.77112,0.86183,0.94546,0.73348,0.62992,1,0.70616,0.60396,0.94559,0.92626,0.69615,0.67188,0.9108,0.5942,0.7725,0.84157,0.73311,0.69099,0.58981,0.63243,0.58157,0.58378,0.86683,0.82117,0.9508,0.61538,0.68679,0.58379,0.85305,0.677,0.94694,0.71726,0.59847,0.6956,0.62203,0.94849,0.53612,0.95443,0.71874,0.9403,0.93674,0.92186,0.81058,0.83017,0.87728,0.50156,0.79552,0.91161,0.66971,0.52514,0.73308,0.59806,0.86182,0.66808,0.729,0.50867,0.95441,0.7694,0.61175,0.67393,0.51197,0.63893,0.65575,0.50758,0.65355,0.63045,0.76461,0.50674,0.54681,0.51044,0.57814,0.53989,0.74604,0.58887,0.73887,0.62361,0.8255,0.70053,0.62725,0.59117,0.54898,0.63911,0.75979,0.74928,0.54061,0.86426,0.63624,0.68445,0.62055,0.43084,0.51147,0.6123,0.51565,0.69166,0.48139,0.68212,0.57286,0.50743,0.8689,0.88977,0.5894,0.51026,0.73507,0.70526,0.76003,0.72362,0.48428,0.5114
0.67649,0.93094,0.91936,0.95322,0.81323,0.8963,0.75083,0.76372,0.74231,0.91464,0.71983,0.85426,0.90441,0.81178,0.69058,0.93952,0.88205,0.70616,1,0.84645,0.69363,0.74479,0.95316,0.93346,0.75988,0.834,0.90552,0.83211,0.93565,0.94783,0.82938,0.8852,0.8164,0.82176,0.80633,0.58443,0.70047,0.86044,0.94643,0.82171,0.8189,0.93682,0.68862,0.95268,0.83999,0.95078,0.86842,0.69692,0.75454,0.71696,0.9518,0.73023,0.67729,0.74921,0.86187,0.84114,0.79453,0.70681,0.56549,0.6529,0.93488,0.73976,0.9448,0.84116,0.8147,0.93214,0.95218,0.71676,0.72415,0.91092,0.86004,0.9398,0.72135,0.89633,0.91358,0.71524,0.91541,0.88371,0.91211,0.71411,0.77001,0.71917,0.80617,0.76022,0.92975,0.82611,0.93703,0.87489,0.85093,0.96023,0.88035,0.83131,0.77306,0.89636,0.92018,0.93226,0.76109,0.81271,0.8926,0.95064,0.87135,0.60722,0.72072,0.86088,0.72662,0.95622,0.6784,0.9484,0.80604,0.71507,0.80835,0.78587,0.82841,0.71896,0.94616,0.96168,0.91955,0.94895,0.6824,0.72044
0.57896,0.81402,0.79528,0.84551,0.69673,0.77084,0.64203,0.88303,0.63506,0.79718,0.61657,0.73363,0.77755,0.69542,0.59084,0.81635,0.92429,0.60396,0.84645,1,0.59339,0.6379,0.85987,0.88566,0.65068,0.94196,0.77812,0.71231,0.81621,0.86399,0.93794,0.9241,0.92626,0.94147,0.69019,0.49978,0.59963,0.92966,0.86877,0.94217,0.70118,0.88219,0.58887,0.83448,0.9337,0.85903,0.93048,0.59592,0.87309,0.61276,0.83333,0.62524,0.57958,0.64196,0.73946,0.72063,0.68046,0.82055,0.4836,0.55834,0.88795,0.85471,0.81646,0.93964,0.6964,0.89096,0.82223,0.83103,0.61875,0.78015,0.93898,0.88461,0.83559,0.92109,0.8976,0.82968,0.9079,0.9233,0.78258,0.82862,0.88689,0.83315,0.8947,0.87562,0.80185,0.92442,0.8082,0.92746,0.72717,0.85405,0.92993,0.93215,0.88961,0.92046,0.78914,0.80021,0.87621,0.69471,0.92437,0.87261,0.93421,0.70559,0.83474,0.94116,0.84142,0.86395,0.78688,0.87469,0.91861,0.82951,0.69098,0.6716,0.92997,0.83284,0.81511,0.84877,0.78874,0.82565,0.79146,0.83457
0.95437,0.72087,0.74031,0.69669,0.84458,0.76438,0.91353,0.53307,0.92635,0.73387,0.94513,0.80295,0.75763,0.84801,0.95556,0.72122,0.61842,0.94559,0.69363,0.59339,1,0.91901,0.68399,0.65979,0.90141,0.58398,0.7593,0.82715,0.7208,0.67869,0.57916,0.62095,0.57122,0.57343,0.85213,0.83689,0.95255,0.60455,0.674,0.57338,0.83959,0.66529,0.95805,0.7047,0.58773,0.68332,0.61125,0.95119,0.52647,0.94539,0.70608,0.93669,0.95593,0.91354,0.79746,0.81609,0.86406,0.49235,0.81112,0.92971,0.65744,0.51524,0.71937,0.58692,0.84631,0.65563,0.7154,0.49916,0.94177,0.7551,0.60034,0.66147,0.5023,0.62701,0.64345,0.49812,0.64137,0.61859,0.75028,0.49733,0.53658,0.50085,0.56741,0.5297,0.73215,0.5777,0.72484,0.61193,0.80998,0.6876,0.6155,0.58011,0.53861,0.62714,0.74559,0.73529,0.53047,0.84864,0.62424,0.67172,0.60877,0.42266,0.50187,0.60088,0.50601,0.67873,0.47235,0.66936,0.5621,0.49799,0.85345,0.87403,0.57834,0.50064,0.72124,0.69208,0.74585,0.70998,0.47516,0.50185
0.90149,0.7743,0.79505,0.74867,0.90188,0.82084,0.95613,0.57283,0.96438,0.78759,0.95106,0.86185,0.81375,0.9095,0.91568,0.77476,0.66408,0.92626,0.74479,0.6379,0.91901,1,0.73496,0.70856,0.95053,0.62776,0.81565,0.88627,0.77475,0.72925,0.62221,0.66668,0.61372,0.61633,0.91039,0.77988,0.92659,0.64908,0.7235,0.61633,0.89726,0.71497,0.91187,0.7569,0.63094,0.73428,0.65687,0.91713,0.56572,0.93785,0.7581,0.96002,0.90222,0.96177,0.85578,0.87345,0.92103,0.52892,0.75521,0.86993,0.70557,0.55331,0.77142,0.63014,0.90386,0.70373,0.76752,0.5361,0.94494,0.80964,0.64453,0.71005,0.53947,0.67308,0.69033,0.53502,0.68854,0.66387,0.80395,0.53421,0.5762,0.53789,0.60846,0.56886,0.78493,0.62021,0.77687,0.65696,0.86655,0.73796,0.66082,0.62276,0.57839,0.67321,0.79938,0.78851,0.56961,0.90647,0.67021,0.72103,0.65353,0.45388,0.53894,0.64518,0.54344,0.72846,0.50725,0.7184,0.60357,0.53488,0.91152,0.9265,0.62088,0.53767,0.77357,0.74284,0.79977,0.76152,0.51023,0.53894
0.66736,0.92503,0.91077,0.95539,0.80243,0.88564,0.74033,0.77496,0.73215,0.90768,0.71033,0.8441,0.89389,0.80139,0.68115,0.93268,0.89259,0.69615,0.95316,0.85987,0.68399,0.73496,1,0.94377,0.74962,0.8469,0.89562,0.82079,0.93026,0.95383,0.84144,0.89568,0.82829,0.83446,0.79534,0.57631,0.69116,0.87088,0.95074,0.83421,0.80727,0.94839,0.67879,0.94838,0.85105,0.95568,0.88117,0.68704,0.76549,0.70661,0.94748,0.72037,0.66806,0.73964,0.8512,0.82934,0.78393,0.71679,0.55756,0.64377,0.94321,0.74974,0.93303,0.85221,0.80305,0.94097,0.94116,0.72666,0.71383,0.89833,0.8709,0.94787,0.73134,0.90701,0.9227,0.72516,0.92588,0.89362,0.8996,0.72403,0.78059,0.72907,0.81511,0.77052,0.91895,0.83719,0.9254,0.88548,0.83854,0.95921,0.89128,0.84215,0.78345,0.90719,0.90746,0.91968,0.77142,0.80129,0.90338,0.95599,0.88254,0.61556,0.73061,0.87194,0.73657,0.95875,0.68761,0.95418,0.81687,0.72497,0.79691,0.77484,0.83923,0.72891,0.93435,0.95885,0.90705,0.93963,0.69174,0.73048
0.64347,0.89624,0.88022,0.9293,0.77398,0.85494,0.71416,0.80151,0.70618,0.87998,0.68472,0.81413,0.86248,0.77277,0.65705,0.90298,0.91914,0.67188,0.93346,0.88566,0.65979,0.70856,0.94377,1,0.7229,0.87263,0.86365,0.79184,0.89956,0.94328,0.86981,0.92201,0.85527,0.86206,0.76738,0.55582,0.66642,0.89477,0.94448,0.86225,0.77858,0.94905,0.65477,0.92178,0.87913,0.93998,0.90323,0.6629,0.792,0.68186,0.91955,0.69462,0.64416,0.71289,0.82137,0.80028,0.75639,0.74249,0.53785,0.62101,0.9614,0.77716,0.90694,0.88211,0.7753,0.95684,0.9141,0.75295,0.68904,0.86894,0.90136,0.96016,0.75802,0.93652,0.94621,0.75133,0.95082,0.92353,0.87148,0.75011,0.80905,0.75565,0.84248,0.79854,0.89131,0.86666,0.89998,0.91587,0.8102,0.94349,0.92066,0.87263,0.81178,0.93635,0.87877,0.89122,0.79945,0.77343,0.93195,0.95688,0.91311,0.63837,0.75734,0.90194,0.76342,0.95197,0.71289,0.95891,0.8463,0.75113,0.76915,0.74826,0.86939,0.75552,0.90728,0.93996,0.87802,0.91598,0.71721,0.75714
0.88211,0.78904,0.81018,0.76351,0.91612,0.83656,0.95267,0.58447,0.95336,0.80265,0.93225,0.87753,0.82923,0.92367,0.89724,0.79028,0.67749,0.9108,0.75988,0.65068,0.90141,0.95053,0.74962,0.7229,1,0.64034,0.83123,0.90185,0.7897,0.74389,0.63499,0.68032,0.62624,0.62892,0.92455,0.76377,0.90739,0.66245,0.73828,0.62888,0.91256,0.72904,0.89428,0.77179,0.64418,0.74879,0.66998,0.90118,0.57735,0.92439,0.77341,0.94261,0.88319,0.9532,0.87156,0.88946,0.93424,0.53994,0.73951,0.8519,0.72034,0.56493,0.78721,0.64332,0.91996,0.71831,0.78332,0.54731,0.93282,0.82613,0.65799,0.72476,0.55075,0.68709,0.7048,0.54619,0.70284,0.67773,0.82044,0.54535,0.58827,0.54916,0.6211,0.58073,0.80117,0.63311,0.79298,0.67063,0.88353,0.75319,0.67458,0.6358,0.59048,0.68725,0.81577,0.80473,0.58154,0.92234,0.6841,0.73591,0.66719,0.46345,0.55027,0.6586,0.55483,0.74353,0.5179,0.7333,0.61623,0.54606,0.92705,0.93943,0.63388,0.54895,0.78954,0.75813,0.816,0.77715,0.52096,0.55022
0.56964,0.80096,0.78265,0.8321,0.6853,0.75874,0.63181,0.8948,0.62492,0.7843,0.60658,0.7218,0.76539,0.68417,0.58132,0.80372,0.917,0.5942,0.834,0.94196,0.58398,0.62776,0.8469,0.87263,0.64034,1,0.76578,0.701,0.80332,0.85139,0.94264,0.91277,0.932,0.94956,0.67924,0.49178,0.58989,0.9268,0.85507,0.94877,0.69033,0.86866,0.57956,0.82189,0.9335,0.84561,0.92265,0.58645,0.88578,0.60297,0.8201,0.61513,0.57026,0.63168,0.72785,0.70964,0.66943,0.83318,0.4758,0.5494,0.87575,0.86734,0.80363,0.94027,0.68524,0.87819,0.80949,0.8437,0.60879,0.76786,0.93488,0.87183,0.84807,0.91057,0.88557,0.84237,0.89574,0.91459,0.77044,0.84134,0.89833,0.84582,0.8998,0.88771,0.78918,0.92716,0.79585,0.92086,0.71561,0.841,0.92077,0.93526,0.90112,0.90953,0.77679,0.78773,0.8881,0.68358,0.91375,0.85963,0.92651,0.7168,0.84721,0.93618,0.85413,0.85095,0.79927,0.86181,0.92738,0.84219,0.67994,0.66103,0.93371,0.8453,0.80244,0.83561,0.77638,0.81282,0.80371,0.84712
0.74107,0.93216,0.95299,0.91094,0.88878,0.96116,0.82146,0.69945,0.81298,0.93726,0.78862,0.93059,0.96306,0.88894,0.7562,0.93782,0.81001,0.7725,0.90552,0.77812,0.7593,0.81565,0.89562,0.86365,0.83123,0.76578,1,0.90799,0.9357,0.88785,0.75985,0.81317,0.74867,0.75294,0.88121,0.63986,0.7673,0.79054,0.881,0.75297,0.89317,0.87121,0.75348,0.91931,0.77005,0.89339,0.8,0.76221,0.69076,0.78411,0.92099,0.79982,0.74184,0.8211,0.93889,0.91521,0.86885,0.64634,0.61917,0.71482,0.86104,0.67626,0.93427,0.76999,0.89013,0.85882,0.93271,0.65528,0.79231,0.96496,0.78739,0.86659,0.65945,0.82213,0.84186,0.65393,0.8408,0.81034,0.95494,0.65291,0.70424,0.65745,0.74047,0.69517,0.94427,0.75709,0.93693,0.80203,0.92643,0.89946,0.80699,0.76098,0.70689,0.82216,0.95889,0.95236,0.69606,0.88835,0.81846,0.87964,0.79839,0.55486,0.65886,0.78826,0.66425,0.88832,0.61999,0.87652,0.73751,0.65376,0.88371,0.85875,0.75844,0.65726,0.93855,0.90537,0.95799,0.92267,0.62373,0.65876
0.80772,0.8612,0.88394,0.83475,0.94955,0.91211,0.89369,0.64033,0.88455,0.87431,0.85777,0.94343,0.90526,0.95269,0.82368,0.86362,0.74254,0.84157,0.83211,0.71231,0.82715,0.88627,0.82079,0.79184,0.90185,0.701,0.90799,1,0.86192,0.81417,0.6958,0.74555,0.6859,0.689,0.94673,0.69837,0.83548,0.7252,0.80877,0.68897,0.95241,0.79796,0.8217,0.84478,0.70587,0.81955,0.73288,0.83082,0.63247,0.8547,0.84593,0.87019,0.80848,0.89047,0.94345,0.95089,0.93572,0.59176,0.6758,0.77988,0.78955,0.61945,0.86242,0.70533,0.9569,0.7874,0.85847,0.60008,0.86352,0.9043,0.7215,0.7944,0.60393,0.75334,0.77245,0.59882,0.77057,0.74305,0.89743,0.59786,0.64502,0.60214,0.68018,0.63684,0.87662,0.69404,0.8683,0.73532,0.95725,0.82545,0.7396,0.69711,0.64753,0.75357,0.89317,0.88156,0.63762,0.95652,0.7502,0.80676,0.73161,0.50822,0.60337,0.72215,0.60834,0.8151,0.56789,0.804,0.67567,0.59866,0.95385,0.92957,0.69497,0.60189,0.86526,0.83096,0.89318,0.85129,0.57128,0.60326
0.70374,0.94328,0.94309,0.94299,0.84365,0.92446,0.77964,0.73415,0.77146,0.93181,0.7491,0.88651,0.93219,0.84388,0.718,0.95031,0.84659,0.73311,0.93565,0.81621,0.7208,0.77475,0.93026,0.89956,0.7897,0.80332,0.9357,0.86192,1,0.92344,0.7967,0.85012,0.78489,0.79012,0.83639,0.60765,0.72835,0.82757,0.91522,0.79009,0.84856,0.90872,0.71526,0.94554,0.80602,0.92759,0.83804,0.72355,0.72497,0.74398,0.9456,0.7596,0.7045,0.77977,0.89327,0.87006,0.82466,0.67858,0.588,0.67875,0.89633,0.70936,0.94305,0.80635,0.84377,0.89501,0.94713,0.68767,0.75137,0.93213,0.82394,0.90237,0.69187,0.85882,0.87693,0.68632,0.87786,0.84613,0.92898,0.68531,0.73835,0.68983,0.77406,0.72887,0.93893,0.79282,0.9379,0.83803,0.87854,0.93026,0.84373,0.79653,0.74119,0.8587,0.9373,0.94331,0.72978,0.84203,0.85539,0.9141,0.83483,0.58236,0.69118,0.82519,0.6969,0.9211,0.65048,0.91078,0.77286,0.68615,0.83777,0.81411,0.79389,0.68955,0.9459,0.93467,0.93666,0.93943,0.65441,0.69107
0.66228,0.91813,0.90303,0.94829,0.79601,0.87889,0.73471,0.77982,0.72656,0.9012,0.70495,0.83747,0.887,0.795,0.67591,0.92438,0.89714,0.69099,0.94783,0.86399,0.67869,0.72925,0.95383,0.94328,0.74389,0.85139,0.88785,0.81417,0.92344,1,0.84575,0.90033,0.83249,0.8389,0.78923,0.57201,0.68575,0.87511,0.94903,0.83923,0.80094,0.94839,0.67362,0.94089,0.85518,0.95058,0.88638,0.6819,0.77026,0.70122,0.93966,0.71505,0.66301,0.734,0.84409,0.82283,0.77787,0.72134,0.5534,0.63894,0.94291,0.75445,0.92481,0.85654,0.79662,0.94133,0.93257,0.7312,0.70822,0.89034,0.87523,0.94698,0.73588,0.9104,0.92489,0.72973,0.9281,0.89736,0.89176,0.72861,0.78519,0.7336,0.81935,0.77515,0.91086,0.84182,0.91703,0.88941,0.83169,0.95242,0.89524,0.84646,0.78815,0.91051,0.89954,0.91127,0.77607,0.79478,0.90684,0.9532,0.88627,0.61955,0.73513,0.87619,0.74111,0.95397,0.69204,0.95175,0.82133,0.72953,0.79054,0.7685,0.84377,0.73338,0.92582,0.95129,0.89898,0.93119,0.6961,0.73503
0.56479,0.79472,0.7765,0.82544,0.68042,0.75276,0.62707,0.90453,0.61985,0.77873,0.60124,0.71584,0.7599,0.67884,0.57673,0.79737,0.91743,0.58981,0.82938,0.93794,0.57916,0.62221,0.84144,0.86981,0.63499,0.94264,0.75985,0.6958,0.7967,0.84575,1,0.91486,0.93925,0.95595,0.67424,0.48787,0.5852,0.92227,0.85173,0.95606,0.68465,0.86217,0.57483,0.81631,0.94298,0.8404,0.917,0.58199,0.89592,0.59857,0.81483,0.6099,0.56545,0.62615,0.72191,0.70403,0.66443,0.84333,0.47195,0.54495,0.87456,0.88165,0.80016,0.95501,0.68074,0.87661,0.80599,0.85558,0.60464,0.76391,0.94489,0.8698,0.86113,0.91375,0.88782,0.85381,0.89563,0.92075,0.76696,0.85247,0.91465,0.85826,0.91168,0.90349,0.7855,0.94543,0.79335,0.92832,0.71154,0.83782,0.92711,0.95449,0.91792,0.91315,0.77313,0.7842,0.90413,0.67911,0.9171,0.85723,0.93593,0.72637,0.86027,0.94543,0.86691,0.84849,0.81032,0.8601,0.94619,0.85359,0.67532,0.65681,0.95177,0.85833,0.79928,0.83267,0.77266,0.80985,0.81534,0.8596
0.60548,0.84761,0.82998,0.88008,0.72917,0.80526,0.67226,0.84769,0.66445,0.83189,0.64438,0.76633,0.81305,0.7271,0.61832,0.85165,0.94513,0.63243,0.8852,0.9241,0.62095,0.66668,0.89568,0.92201,0.68032,0.91277,0.81317,0.74555,0.85012,0.90033,0.91486,1,0.89858,0.90854,0.72251,0.52317,0.62736,0.92788,0.90717,0.90888,0.73368,0.91425,0.6164,0.87156,0.92097,0.89502,0.93021,0.62415,0.83798,0.64188,0.86972,0.65363,0.60616,0.67092,0.7727,0.75407,0.71196,0.78725,0.50621,0.58434,0.92958,0.82375,0.85631,0.92898,0.72972,0.93179,0.86262,0.79876,0.64845,0.81831,0.9445,0.92588,0.80387,0.95452,0.93751,0.79702,0.94692,0.95089,0.8213,0.79571,0.85688,0.80139,0.88295,0.84532,0.84083,0.91199,0.84898,0.94922,0.76276,0.89494,0.95294,0.91918,0.86018,0.9541,0.82786,0.83973,0.84682,0.72805,0.95571,0.91439,0.95109,0.67744,0.80324,0.94511,0.80951,0.90595,0.75615,0.91727,0.89433,0.79683,0.72402,0.70415,0.91592,0.80114,0.85555,0.8899,0.82732,0.86589,0.76087,0.80274
0.55713,0.78341,0.76516,0.81355,0.67047,0.74176,0.61826,0.90743,0.61125,0.76712,0.59317,0.70592,0.74847,0.66928,0.56872,0.78565,0.90097,0.58157,0.8164,0.92626,0.57122,0.61372,0.82829,0.85527,0.62624,0.932,0.74867,0.6859,0.78489,0.83249,0.93925,0.89858,1,0.9463,0.66466,0.48122,0.57712,0.90971,0.83704,0.94562,0.67498,0.84895,0.56689,0.80407,0.92865,0.82763,0.90385,0.57386,0.89954,0.59015,0.80201,0.60159,0.55772,0.61763,0.71167,0.69391,0.655,0.84982,0.46558,0.53749,0.85934,0.88515,0.78743,0.93655,0.67079,0.86107,0.79305,0.86108,0.59605,0.75211,0.92589,0.85475,0.8659,0.89593,0.87167,0.85934,0.87897,0.90274,0.75504,0.85816,0.91507,0.86338,0.90459,0.90476,0.77318,0.93089,0.78044,0.91017,0.70085,0.82395,0.90844,0.93688,0.91732,0.8957,0.76098,0.77183,0.90513,0.66913,0.89913,0.84262,0.91616,0.73311,0.86522,0.92579,0.87167,0.83418,0.81662,0.84521,0.93727,0.85913,0.66551,0.64721,0.93613,0.86317,0.7864,0.81891,0.76055,0.79663,0.82139,0.86468
0.55927,0.78824,0.76989,0.81901,0.67351,0.74593,0.6207,0.91641,0.61376,0.77185,0.59558,0.70951,0.75288,0.67236,0.57095,0.79078,0.91206,0.58378,0.82176,0.94147,0.57343,0.61633,0.83446,0.86206,0.62892,0.94956,0.75294,0.689,0.79012,0.8389,0.95595,0.90854,0.9463,1,0.66757,0.48286,0.57931,0.92115,0.8437,0.96914,0.67811,0.85602,0.56907,0.80931,0.94268,0.83371,0.91652,0.57606,0.90645,0.59239,0.80756,0.60408,0.55987,0.62026,0.71526,0.69704,0.65786,0.85299,0.46711,0.53945,0.86614,0.88975,0.79188,0.9518,0.67371,0.86816,0.79774,0.86443,0.59829,0.75601,0.93882,0.86141,0.8696,0.90516,0.87906,0.86285,0.88721,0.9118,0.75881,0.86165,0.92298,0.86675,0.9112,0.91151,0.77766,0.94312,0.78471,0.92018,0.70404,0.82951,0.9187,0.9515,0.92559,0.90468,0.76502,0.77602,0.91224,0.67206,0.90857,0.84876,0.92721,0.73347,0.86875,0.93898,0.87571,0.84001,0.81846,0.85144,0.95013,0.86262,0.6684,0.64992,0.95033,0.8666,0.79089,0.8243,0.76459,0.80133,0.82325,0.86836
0.8324,0.83538,0.8578,0.80946,0.95263,0.88588,0.91875,0.62056,0.91004,0.84898,0.88292,0.92364,0.87874,0.95708,0.84879,0.83713,0.7195,0.86683,0.80633,0.69019,0.85213,0.91039,0.79534,0.76738,0.92455,0.67924,0.88121,0.94673,0.83639,0.78923,0.67424,0.72251,0.66466,0.66757,1,0.72031,0.86033,0.70239,0.78389,0.66755,0.94811,0.77339,0.84617,0.81881,0.68383,0.7944,0.71057,0.85563,0.61288,0.87988,0.82043,0.89509,0.83302,0.91503,0.91977,0.9335,0.95182,0.57339,0.69708,0.804,0.76505,0.60023,0.83596,0.68341,0.95944,0.763,0.83205,0.58142,0.8892,0.87715,0.69909,0.76979,0.58518,0.73002,0.74873,0.58018,0.74662,0.72012,0.87087,0.57925,0.625,0.58345,0.6597,0.61704,0.8501,0.67275,0.8423,0.71252,0.93526,0.79989,0.71671,0.67556,0.62742,0.73021,0.86621,0.85472,0.61786,0.96111,0.72684,0.78175,0.70897,0.49246,0.58461,0.69968,0.58941,0.78988,0.55025,0.77909,0.65468,0.58003,0.96189,0.94854,0.67353,0.58322,0.83879,0.80533,0.86646,0.82543,0.55353,0.58452
0.85904,0.60789,0.62401,0.58688,0.7136,0.64467,0.77519,0.44889,0.78456,0.61932,0.80714,0.67749,0.63895,0.71627,0.84061,0.60775,0.52101,0.82117,0.58443,0.49978,0.83689,0.77988,0.57631,0.55582,0.76377,0.49178,0.63986,0.69837,0.60765,0.57201,0.48787,0.52317,0.48122,0.48286,0.72031,1,0.82845,0.50912,0.56812,0.48285,0.70856,0.56042,0.8431,0.59379,0.49507,0.57593,0.51496,0.83174,0.44339,0.81072,0.59494,0.79629,0.85845,0.77498,0.67251,0.68875,0.7307,0.41462,0.95206,0.88996,0.55375,0.43398,0.60636,0.49431,0.71446,0.55231,0.60287,0.42034,0.80381,0.63653,0.50566,0.5572,0.42304,0.52818,0.54231,0.41946,0.54028,0.52119,0.63282,0.41879,0.4519,0.4218,0.47848,0.44619,0.61731,0.48686,0.6113,0.51563,0.6835,0.57931,0.51853,0.48864,0.45368,0.52833,0.62857,0.61976,0.44679,0.71639,0.52591,0.5659,0.51289,0.35598,0.42265,0.5061,0.42612,0.57187,0.39779,0.56395,0.47353,0.41935,0.72047,0.73937,0.4872,0.42165,0.60791,0.58321,0.62882,0.59861,0.40016,0.4226
0.9491,0.72857,0.74774,0.70378,0.85397,0.77252,0.9218,0.53859,0.93362,0.74141,0.95067,0.81096,0.76561,0.85721,0.95432,0.72843,0.62478,0.9508,0.70047,0.59963,0.95255,0.92659,0.69116,0.66642,0.90739,0.58989,0.7673,0.83548,0.72835,0.68575,0.5852,0.62736,0.57712,0.57931,0.86033,0.82845,1,0.6104,0.68104,0.57936,0.84671,0.67227,0.95085,0.712,0.59346,0.69026,0.61745,0.94829,0.5319,0.94859,0.71326,0.94291,0.94892,0.92299,0.8054,0.82363,0.87249,0.49743,0.80278,0.92075,0.66402,0.52057,0.72667,0.59298,0.85469,0.66243,0.72276,0.50433,0.94827,0.76285,0.60646,0.66828,0.50754,0.63348,0.65007,0.50328,0.64802,0.62494,0.75792,0.50248,0.54213,0.50605,0.57313,0.53526,0.73966,0.58386,0.73218,0.61826,0.81806,0.69467,0.62187,0.58605,0.54421,0.6336,0.75323,0.74281,0.53593,0.85728,0.63078,0.67866,0.61517,0.42704,0.50705,0.60709,0.51123,0.68576,0.4772,0.67626,0.56793,0.50314,0.86196,0.88229,0.58435,0.50586,0.72868,0.69933,0.75355,0.71722,0.48006,0.50701
0.58932,0.82476,0.80838,0.85636,0.71021,0.7838,0.65383,0.86502,0.64648,0.8086,0.62747,0.7448,0.79059,0.70657,0.60147,0.82849,0.9304,0.61538,0.86044,0.92966,0.60455,0.64908,0.87088,0.89477,0.66245,0.9268,0.79054,0.7252,0.82757,0.87511,0.92227,0.92788,0.90971,0.92115,0.70239,0.50912,0.6104,1,0.88468,0.92055,0.71665,0.89051,0.60103,0.84728,0.92616,0.87031,0.92864,0.60753,0.85538,0.62495,0.84519,0.63651,0.59002,0.65308,0.75195,0.7357,0.69229,0.80504,0.49255,0.56859,0.90088,0.83904,0.83099,0.9339,0.70922,0.906,0.83653,0.81639,0.63015,0.79371,0.93906,0.89823,0.82003,0.92905,0.90758,0.81485,0.92007,0.92927,0.79619,0.81363,0.87053,0.81822,0.88728,0.86046,0.81575,0.91384,0.82144,0.92711,0.74043,0.86848,0.93404,0.9213,0.87462,0.92822,0.80281,0.81403,0.86075,0.70743,0.93298,0.88686,0.93374,0.69203,0.81948,0.94129,0.82637,0.87796,0.77282,0.88831,0.90397,0.81467,0.70374,0.68399,0.91964,0.81721,0.82887,0.86188,0.80241,0.83957,0.77682,0.81891
0.65734,0.91081,0.8967,0.93862,0.79266,0.87218,0.72975,0.78495,0.72112,0.89404,0.69946,0.82973,0.88061,0.78884,0.67112,0.91632,0.90387,0.68679,0.94643,0.86877,0.674,0.7235,0.95074,0.94448,0.73828,0.85507,0.881,0.80877,0.91522,0.94903,0.85173,0.90717,0.83704,0.8437,0.78389,0.56812,0.68104,0.88468,1,0.844,0.797,0.94696,0.66962,0.93498,0.86204,0.94727,0.88951,0.67757,0.77545,0.69704,0.93497,0.70955,0.65803,0.72814,0.83725,0.81834,0.77259,0.7268,0.54952,0.63438,0.94882,0.76071,0.92421,0.86456,0.79195,0.95288,0.93137,0.73739,0.70369,0.88621,0.88317,0.95538,0.74205,0.91893,0.93237,0.73582,0.93803,0.90579,0.88813,0.73461,0.79155,0.7397,0.8263,0.7816,0.90815,0.84924,0.91503,0.89603,0.82738,0.9567,0.90335,0.85386,0.7952,0.91884,0.89591,0.90802,0.7824,0.79013,0.91655,0.96166,0.89484,0.62443,0.74123,0.88474,0.74723,0.96097,0.69766,0.96016,0.82853,0.73564,0.78582,0.76377,0.85107,0.73942,0.92383,0.95327,0.8955,0.93151,0.70187,0.74096
0.55927,0.78827,0.76985,0.81901,0.67355,0.74592,0.62077,0.91598,0.61377,0.77196,0.59561,0.70949,0.75294,0.67231,0.57093,0.79077,0.91171,0.58379,0.82171,0.94217,0.57338,0.61633,0.83421,0.86225,0.62888,0.94877,0.75297,0.68897,0.79009,0.83923,0.95606,0.90888,0.94562,0.96914,0.66755,0.48285,0.57936,0.92055,0.844,1,0.67799,0.85637,0.56902,0.80906,0.94171,0.8334,0.91516,0.57606,0.90683,0.59238,0.80782,0.60407,0.55987,0.62028,0.71524,0.6971,0.65797,0.85307,0.4671,0.53945,0.86603,0.88981,0.79184,0.9517,0.67373,0.86819,0.79774,0.86442,0.59829,0.75601,0.93864,0.86144,0.86955,0.90521,0.87916,0.86284,0.8872,0.9118,0.7588,0.86165,0.92297,0.86686,0.91185,0.91126,0.77759,0.94277,0.78474,0.92041,0.70405,0.82954,0.91858,0.95194,0.92569,0.90464,0.76498,0.77601,0.91177,0.67208,0.90864,0.84876,0.92736,0.73347,0.86869,0.93901,0.87562,0.84003,0.81835,0.85144,0.95004,0.86263,0.6684,0.6499,0.9496,0.86661,0.79089,0.82432,0.76464,0.80142,0.82328,0.86825
0.81912,0.84766,0.8715,0.82164,0.95669,0.89805,0.9042,0.63047,0.89594,0.86032,0.86996,0.92859,0.89105,0.94835,0.83468,0.84967,0.73088,0.85305,0.8189,0.70118,0.83959,0.89726,0.80727,0.77858,0.91256,0.69033,0.89317,0.95241,0.84856,0.80094,0.68465,0.73368,0.67498,0.67811,0.94811,0.70856,0.84671,0.71665,0.797,0.67799,1,0.78527,0.83644,0.83126,0.69468,0.80637,0.72183,0.84301,0.6226,0.86781,0.83225,0.88257,0.82029,0.9017,0.93071,0.95195,0.9414,0.58263,0.68581,0.7908,0.77684,0.60954,0.84846,0.69433,0.95643,0.7753,0.84426,0.59077,0.87385,0.88851,0.71004,0.78178,0.59431,0.74115,0.75977,0.58953,0.75833,0.73094,0.88155,0.58859,0.63464,0.59269,0.66933,0.62667,0.86193,0.68265,0.8529,0.72275,0.94169,0.81234,0.72757,0.68574,0.63722,0.74127,0.87767,0.86634,0.62741,0.9564,0.73816,0.79387,0.71957,0.50002,0.59384,0.71078,0.5988,0.80185,0.55897,0.79086,0.66473,0.58939,0.95599,0.93533,0.68375,0.59234,0.85038,0.817,0.87779,0.83716,0.56219,0.59371
0.64915,0.90477,0.88788,0.93827,0.78047,0.86258,0.71973,0.79512,0.71203,0.8864,0.6911,0.82139,0.87022,0.77942,0.66251,0.90982,0.9109,0.677,0.93682,0.88219,0.66529,0.71497,0.94839,0.94905,0.72904,0.86866,0.87121,0.79796,0.90872,0.94839,0.86217,0.91425,0.84895,0.85602,0.77339,0.56042,0.67227,0.89051,0.94696,0.85637,0.78527,1,0.66008,0.92777,0.87133,0.94465,0.901,0.66801,0.78594,0.68693,0.92594,0.70087,0.64977,0.71979,0.82812,0.80671,0.76246,0.73565,0.54225,0.62608,0.94828,0.76902,0.90904,0.87245,0.78058,0.94892,0.91631,0.74577,0.69382,0.87284,0.89045,0.95214,0.75029,0.92384,0.93274,0.74435,0.94017,0.91103,0.87431,0.74326,0.8004,0.74803,0.83356,0.78993,0.89407,0.8566,0.90011,0.90283,0.81472,0.94315,0.90961,0.86177,0.80335,0.92378,0.88205,0.89383,0.79094,0.77876,0.92116,0.95186,0.90115,0.63176,0.74957,0.89201,0.75576,0.94839,0.70553,0.95111,0.83685,0.74417,0.77463,0.75289,0.85881,0.74782,0.90887,0.9399,0.88176,0.91689,0.70982,0.74953
