1,0.88699,0.88508,0.89405,0.9366,0.95463,0.90054,0.92901,0.87619,0.8966,0.94029,0.88824,0.8772,0.87746,0.95874,0.92468,0.9421,0.90436,0.87471,0.91632,0.90471,0.93407,0.93644,0.90128,0.87421,0.85219,0.89306,0.88042,0.92035,0.9305,0.92505,0.86197,0.86716,0.92297,0.92778,0.91838,0.89184,0.90433,0.88909,0.90918,0.91613,0.90074,0.88228,0.9295,0.88872,0.90458,0.85808,0.88117,0.91272,0.94742,0.92463
0.88699,1,0.94504,0.97126,0.9161,0.88989,0.89674,0.94324,0.96275,0.95023,0.88572,0.96617,0.97329,0.97189,0.88867,0.9433,0.90674,0.90704,0.96552,0.94389,0.85186,0.9425,0.91685,0.93044,0.81619,0.80125,0.93085,0.86391,0.94128,0.8564,0.94032,0.84866,0.85378,0.88255,0.90272,0.92421,0.92438,0.89464,0.89748,0.93016,0.88254,0.92978,0.86266,0.89018,0.93795,0.95485,0.84968,0.94701,0.86142,0.88955,0.92158
0.88508,0.94504,1,0.9409,0.91777,0.89048,0.93156,0.92802,0.92917,0.92454,0.89666,0.93423,0.95044,0.94692,0.88629,0.9295,0.90389,0.8976,0.92819,0.93301,0.86724,0.92846,0.90496,0.95187,0.81962,0.80546,0.93961,0.89752,0.93687,0.86538,0.92288,0.8657,0.86301,0.88772,0.89989,0.9137,0.92176,0.89901,0.89429,0.90922,0.88732,0.91221,0.88985,0.89802,0.93682,0.9365,0.86692,0.95001,0.88068,0.88835,0.91634
0.89405,0.97126,0.9409,1,0.91465,0.8896,0.89826,0.94764,0.97258,0.96734,0.88569,0.97077,0.96607,0.97237,0.89213,0.9506,0.90698,0.91114,0.97191,0.9362,0.85086,0.94834,0.92869,0.92601,0.81779,0.81445,0.93601,0.86524,0.94452,0.86399,0.94162,0.83899,0.84977,0.88334,0.9088,0.93533,0.91965,0.91048,0.89219,0.93915,0.88556,0.94143,0.86609,0.89183,0.95232,0.95937,0.84377,0.9451,0.86385,0.89431,0.92665
0.9366,0.9161,0.91777,0.91465,1,0.94503,0.93088,0.94414,0.89462,0.91028,0.96004,0.91369,0.90738,0.90587,0.94167,0.93265,0.95611,0.90683,0.89588,0.95123,0.9145,0.9488,0.934,0.93962,0.86765,0.82776,0.92431,0.89804,0.94402,0.90982,0.94638,0.8846,0.87813,0.92226,0.91875,0.92077,0.92024,0.90047,0.90762,0.91778,0.91682,0.91316,0.89674,0.94062,0.90655,0.92659,0.8774,0.91031,0.9132,0.93291,0.93859
0.95463,0.88989,0.89048,0.8896,0.94503,1,0.90535,0.92794,0.87257,0.88726,0.95369,0.88619,0.87946,0.87708,0.94164,0.9232,0.94466,0.9021,0.8712,0.92298,0.91884,0.92912,0.91988,0.90685,0.88589,0.83084,0.88914,0.88919,0.91674,0.92826,0.92387,0.88676,0.87776,0.93816,0.90808,0.90317,0.90346,0.88492,0.89866,0.89722,0.91194,0.88658,0.87732,0.9381,0.88024,0.90134,0.87845,0.88574,0.92287,0.93752,0.92117
0.90054,0.89674,0.93156,0.89826,0.93088,0.90535,1,0.91189,0.87992,0.891,0.9311,0.89272,0.89818,0.89627,0.90317,0.90649,0.9158,0.88413,0.88009,0.9165,0.90857,0.91297,0.89851,0.94566,0.84738,0.82559,0.92018,0.93258,0.92117,0.89543,0.90825,0.8883,0.8767,0.90656,0.89748,0.90098,0.90971,0.90174,0.89148,0.89096,0.90275,0.89199,0.92832,0.91942,0.90574,0.9069,0.8861,0.91467,0.91769,0.90636,0.91407
0.92901,0.94324,0.92802,0.94764,0.94414,0.92794,0.91189,1,0.92731,0.93724,0.92053,0.93565,0.93059,0.92994,0.92699,0.96183,0.94226,0.91821,0.92576,0.95536,0.88344,0.96682,0.94287,0.9349,0.85349,0.82584,0.92339,0.88128,0.95863,0.89273,0.96534,0.86503,0.87075,0.9119,0.92452,0.93595,0.92742,0.91175,0.91103,0.93908,0.91141,0.93039,0.87795,0.92647,0.92606,0.95814,0.86472,0.92608,0.8904,0.92418,0.9441
0.87619,0.96275,0.92917,0.97258,0.89462,0.87257,0.87992,0.92731,1,0.95762,0.86595,0.96163,0.96416,0.97018,0.87355,0.93485,0.88778,0.90023,0.98091,0.9185,0.83346,0.92817,0.91155,0.90805,0.80211,0.80333,0.92223,0.84994,0.92376,0.8478,0.92145,0.82473,0.83646,0.86674,0.89194,0.92017,0.90603,0.89864,0.87949,0.92621,0.86935,0.92624,0.84915,0.87262,0.94351,0.94272,0.83064,0.9372,0.84755,0.87572,0.90828
0.8966,0.95023,0.92454,0.96734,0.91028,0.88726,0.891,0.93724,0.95762,1,0.8822,0.96916,0.94423,0.95619,0.89204,0.94985,0.90335,0.91669,0.95958,0.92497,0.84813,0.9478,0.94087,0.91143,0.81648,0.82915,0.93611,0.86228,0.93306,0.86708,0.93605,0.83051,0.84986,0.88574,0.90758,0.94885,0.91321,0.91579,0.8867,0.93969,0.88979,0.94725,0.86445,0.88625,0.95173,0.95241,0.83942,0.93162,0.86463,0.89565,0.92822
0.94029,0.88572,0.89666,0.88569,0.96004,0.95369,0.9311,0.92053,0.86595,0.8822,1,0.88296,0.87822,0.87626,0.94284,0.9096,0.94601,0.89073,0.86608,0.92254,0.9398,0.92191,0.91405,0.92062,0.88674,0.83348,0.89997,0.90763,0.91926,0.92743,0.92068,0.89623,0.88131,0.92793,0.90668,0.90007,0.90294,0.89021,0.89738,0.89491,0.91599,0.88782,0.90286,0.9492,0.88269,0.89967,0.88484,0.88747,0.93178,0.9353,0.92044
0.88824,0.96617,0.93423,0.97077,0.91369,0.88619,0.89272,0.93565,0.96163,0.96916,0.88296,1,0.95765,0.96984,0.88668,0.94316,0.90363,0.90914,0.9679,0.93273,0.84795,0.94335,0.92857,0.91942,0.81484,0.81295,0.94086,0.86201,0.93329,0.86078,0.93875,0.83617,0.84749,0.88181,0.90228,0.93354,0.91631,0.90045,0.88755,0.93372,0.88255,0.94025,0.86189,0.8865,0.94104,0.9504,0.84112,0.93667,0.86038,0.89037,0.92243
0.8772,0.97329,0.95044,0.96607,0.90738,0.87946,0.89818,0.93059,0.96416,0.94423,0.87822,0.95765,1,0.97878,0.8775,0.93306,0.8977,0.89905,0.96315,0.93372,0.84515,0.93143,0.90592,0.93107,0.80893,0.79857,0.93178,0.8658,0.93226,0.85042,0.92368,0.84478,0.85145,0.87473,0.89317,0.91533,0.92016,0.89528,0.89448,0.9184,0.87816,0.92109,0.86228,0.88239,0.9422,0.94573,0.84913,0.95253,0.85839,0.87821,0.91551
0.87746,0.97189,0.94692,0.97237,0.90587,0.87708,0.89627,0.92994,0.97018,0.95619,0.87626,0.96984,0.97878,1,0.87687,0.93504,0.89537,0.90192,0.97271,0.9283,0.84299,0.9332,0.9124,0.92545,0.80712,0.80502,0.93936,0.86521,0.93102,0.85201,0.92646,0.83811,0.84894,0.87341,0.89329,0.92211,0.91627,0.89909,0.88976,0.92338,0.87903,0.92953,0.86291,0.88129,0.94769,0.94923,0.84464,0.94914,0.85739,0.87987,0.91774
0.95874,0.88867,0.88629,0.89213,0.94167,0.94164,0.90317,0.92699,0.87355,0.89204,0.94284,0.88668,0.8775,0.87687,1,0.915,0.94611,0.89652,0.8737,0.92348,0.91636,0.92825,0.92703,0.90533,0.8698,0.83816,0.89011,0.87542,0.92512,0.9088,0.92906,0.86832,0.86719,0.91161,0.93456,0.91713,0.88973,0.89557,0.88883,0.91006,0.90904,0.90558,0.88931,0.92588,0.8882,0.90456,0.85647,0.88062,0.9084,0.94157,0.91929
0.92468,0.9433,0.9295,0.9506,0.93265,0.9232,0.90649,0.96183,0.93485,0.94985,0.9096,0.94316,0.93306,0.93504,0.915,1,0.92818,0.93886,0.93218,0.94313,0.87403,0.96734,0.94713,0.92535,0.84173,0.82905,0.92719,0.87969,0.94509,0.8927,0.95161,0.85485,0.86434,0.91314,0.91851,0.94927,0.92226,0.91767,0.90059,0.93781,0.90509,0.93251,0.87799,0.91291,0.93647,0.95295,0.85838,0.92949,0.89035,0.91973,0.94279
0.9421,0.90674,0.90389,0.90698,0.95611,0.94466,0.9158,0.94226,0.88778,0.90335,0.94601,0.90363,0.8977,0.89537,0.94611,0.92818,1,0.90165,0.88799,0.95157,0.90778,0.94252,0.92555,0.93035,0.86882,0.82871,0.90592,0.88524,0.9335,0.90284,0.93772,0.88487,0.88678,0.92378,0.92223,0.91868,0.9071,0.89621,0.91911,0.90937,0.92759,0.90761,0.88719,0.92815,0.89612,0.9218,0.87602,0.89707,0.91065,0.94153,0.93406
0.90436,0.90704,0.8976,0.91114,0.90683,0.9021,0.88413,0.91821,0.90023,0.91669,0.89073,0.90914,0.89905,0.90192,0.89652,0.93886,0.90165,1,0.89862,0.90957,0.86203,0.93014,0.9204,0.89521,0.84092,0.82832,0.90101,0.8688,0.91115,0.87862,0.91387,0.8459,0.85807,0.89442,0.89341,0.93382,0.89201,0.89282,0.88476,0.90268,0.89245,0.91847,0.8812,0.8923,0.91504,0.91403,0.85012,0.89492,0.8789,0.90095,0.91625
0.87471,0.96552,0.92819,0.97191,0.89588,0.8712,0.88009,0.92576,0.98091,0.95958,0.86608,0.9679,0.96315,0.97271,0.8737,0.93218,0.88799,0.89862,1,0.91946,0.83339,0.92749,0.912,0.90911,0.80044,0.80133,0.92456,0.84794,0.92461,0.84593,0.92447,0.82428,0.83596,0.86658,0.89329,0.92044,0.90885,0.8954,0.8786,0.92791,0.86773,0.93118,0.8498,0.87238,0.94047,0.94266,0.82992,0.93854,0.8455,0.87635,0.91028
0.91632,0.94389,0.93301,0.9362,0.95123,0.92298,0.9165,0.95536,0.9185,0.92497,0.92254,0.93273,0.93372,0.9283,0.92348,0.94313,0.95157,0.90957,0.91946,1,0.88811,0.95453,0.92508,0.94957,0.8454,0.80966,0.92427,0.87982,0.95132,0.87824,0.94983,0.8795,0.87713,0.91067,0.92228,0.92655,0.92577,0.89355,0.92041,0.92092,0.90983,0.92264,0.88223,0.9146,0.91745,0.94805,0.87074,0.9239,0.88896,0.91746,0.93252
0.90471,0.85186,0.86724,0.85086,0.9145,0.91884,0.90857,0.88344,0.83346,0.84813,0.9398,0.84795,0.84515,0.84299,0.91636,0.87403,0.90778,0.86203,0.83339,0.88811,1,0.88125,0.87654,0.88616,0.88977,0.81802,0.86313,0.89318,0.88178,0.90496,0.88262,0.90103,0.86901,0.91114,0.87861,0.87023,0.87474,0.85708,0.86968,0.86019,0.88533,0.85759,0.89414,0.91098,0.85191,0.86519,0.87715,0.85843,0.92372,0.90452,0.87939
0.93407,0.9425,0.92846,0.94834,0.9488,0.92912,0.91297,0.96682,0.92817,0.9478,0.92191,0.94335,0.93143,0.9332,0.92825,0.96734,0.94252,0.93014,0.92749,0.95453,0.88125,1,0.95588,0.93373,0.84918,0.83583,0.93423,0.8846,0.95669,0.89546,0.95899,0.86299,0.8751,0.91515,0.92757,0.94845,0.92615,0.91533,0.9134,0.93584,0.91936,0.93805,0.88325,0.92103,0.934,0.95403,0.86621,0.92539,0.89472,0.92653,0.95195
0.93644,0.91685,0.90496,0.92869,0.934,0.91988,0.89851,0.94287,0.91155,0.94087,0.91405,0.92857,0.90592,0.9124,0.92703,0.94713,0.92555,0.9204,0.912,0.92508,0.87654,0.95588,1,0.90632,0.84825,0.84947,0.92551,0.87426,0.93612,0.90381,0.94811,0.8425,0.85891,0.90887,0.92193,0.94858,0.90668,0.92046,0.88768,0.94096,0.90795,0.93475,0.87657,0.91551,0.9227,0.93544,0.84818,0.90402,0.88938,0.92556,0.93793
0.90128,0.93044,0.95187,0.92601,0.93962,0.90685,0.94566,0.9349,0.90805,0.91143,0.92062,0.91942,0.93107,0.92545,0.90533,0.92535,0.93035,0.89521,0.90911,0.94957,0.88616,0.93373,0.90632,1,0.83709,0.80973,0.93704,0.90052,0.94113,0.87673,0.92806,0.88313,0.87661,0.89975,0.908,0.90971,0.92297,0.89928,0.91421,0.90623,0.90551,0.90824,0.90168,0.91455,0.91824,0.9332,0.87791,0.93211,0.89108,0.90484,0.92809
0.87421,0.81619,0.81962,0.81779,0.86765,0.88589,0.84738,0.85349,0.80211,0.81648,0.88674,0.81484,0.80893,0.80712,0.8698,0.84173,0.86882,0.84092,0.80044,0.8454,0.88977,0.84918,0.84825,0.83709,1,0.817,0.822,0.85484,0.84243,0.88621,0.84783,0.86435,0.84757,0.87361,0.8394,0.83249,0.83805,0.82526,0.84442,0.82746,0.86261,0.82368,0.8387,0.88608,0.8119,0.83008,0.85482,0.81296,0.87693,0.86189,0.8479
0.85219,0.80125,0.80546,0.81445,0.82776,0.83084,0.82559,0.82584,0.80333,0.82915,0.83348,0.81295,0.79857,0.80502,0.83816,0.82905,0.82871,0.82832,0.80133,0.80966,0.81802,0.83583,0.84947,0.80973,0.817,1,0.82562,0.83657,0.82355,0.85846,0.82349,0.78532,0.82281,0.8328,0.83007,0.84398,0.81141,0.85483,0.81082,0.82537,0.85731,0.82807,0.82815,0.83288,0.82686,0.82048,0.80563,0.80506,0.84693,0.84117,0.84217
0.89306,0.93085,0.93961,0.93601,0.92431,0.88914,0.92018,0.92339,0.92223,0.93611,0.89997,0.94086,0.93178,0.93936,0.89011,0.92719,0.90592,0.90101,0.92456,0.92427,0.86313,0.93423,0.92551,0.93704,0.822,0.82562,1,0.88669,0.92583,0.87653,0.92445,0.84582,0.8554,0.8854,0.89727,0.92067,0.91105,0.91371,0.89114,0.91843,0.89649,0.92314,0.8895,0.89993,0.93429,0.93514,0.85225,0.92791,0.87443,0.89179,0.92716
0.88042,0.86391,0.89752,0.86524,0.89804,0.88919,0.93258,0.88128,0.84994,0.86228,0.90763,0.86201,0.8658,0.86521,0.87542,0.87969,0.88524,0.8688,0.84794,0.87982,0.89318,0.8846,0.87426,0.90052,0.85484,0.83657,0.88669,1,0.88748,0.89129,0.87617,0.89076,0.88926,0.89023,0.86694,0.87341,0.8799,0.87358,0.87398,0.85852,0.90205,0.85891,0.90537,0.90574,0.8737,0.87617,0.90442,0.8776,0.92514,0.87764,0.89188
0.92035,0.94128,0.93687,0.94452,0.94402,0.91674,0.92117,0.95863,0.92376,0.93306,0.91926,0.93329,0.93226,0.93102,0.92512,0.94509,0.9335,0.91115,0.92461,0.95132,0.88178,0.95669,0.93612,0.94113,0.84243,0.82355,0.92583,0.88748,1,0.88528,0.9588,0.86423,0.86755,0.9003,0.92926,0.93511,0.9223,0.91076,0.90052,0.93483,0.90502,0.93231,0.88823,0.92298,0.93237,0.95167,0.86195,0.92849,0.88987,0.92136,0.94044
0.9305,0.8564,0.86538,0.86399,0.90982,0.92826,0.89543,0.89273,0.8478,0.86708,0.92743,0.86078,0.85042,0.85201,0.9088,0.8927,0.90284,0.87862,0.84593,0.87824,0.90496,0.89546,0.90381,0.87673,0.88621,0.85846,0.87653,0.89129,0.88528,1,0.89063,0.85325,0.853,0.91141,0.88276,0.88356,0.87294,0.89299,0.86164,0.88034,0.89373,0.86631,0.87572,0.92503,0.86399,0.87255,0.85726,0.86222,0.92312,0.9127,0.89933
0.92505,0.94032,0.92288,0.94162,0.94638,0.92387,0.90825,0.96534,0.92145,0.93605,0.92068,0.93875,0.92368,0.92646,0.92906,0.95161,0.93772,0.91387,0.92447,0.94983,0.88262,0.95899,0.94811,0.92806,0.84783,0.82349,0.92445,0.87617,0.9588,0.89063,1,0.85783,0.86093,0.90414,0.92742,0.93892,0.9189,0.90789,0.89577,0.95145,0.90117,0.93787,0.87854,0.92738,0.92071,0.94918,0.85493,0.91948,0.88733,0.92672,0.94202
0.86197,0.84866,0.8657,0.83899,0.8846,0.88676,0.8883,0.86503,0.82473,0.83051,0.89623,0.83617,0.84478,0.83811,0.86832,0.85485,0.88487,0.8459,0.82428,0.8795,0.90103,0.86299,0.8425,0.88313,0.86435,0.78532,0.84582,0.89076,0.86423,0.85325,0.85783,1,0.90905,0.89018,0.8492,0.84212,0.87275,0.82416,0.89286,0.83008,0.88021,0.83192,0.86618,0.87943,0.83482,0.85239,0.92813,0.85257,0.89386,0.86562,0.86104
0.86716,0.85378,0.86301,0.84977,0.87813,0.87776,0.8767,0.87075,0.83646,0.84986,0.88131,0.84749,0.85145,0.84894,0.86719,0.86434,0.88678,0.85807,0.83596,0.87713,0.86901,0.8751,0.85891,0.87661,0.84757,0.82281,0.8554,0.88926,0.86755,0.853,0.86093,0.90905,1,0.89089,0.85084,0.85884,0.87673,0.84115,0.92225,0.83825,0.92275,0.84454,0.85738,0.87345,0.8501,0.86784,0.94228,0.85631,0.89258,0.86526,0.88411
0.92297,0.88255,0.88772,0.88334,0.92226,0.93816,0.90656,0.9119,0.86674,0.88574,0.92793,0.88181,0.87473,0.87341,0.91161,0.91314,0.92378,0.89442,0.86658,0.91067,0.91114,0.91515,0.90887,0.89975,0.87361,0.8328,0.8854,0.89023,0.9003,0.91141,0.90414,0.89018,0.89089,1,0.89441,0.89982,0.91612,0.87923,0.90365,0.88233,0.91191,0.87805,0.8766,0.91151,0.87923,0.89812,0.89291,0.88927,0.91807,0.92205,0.90911
0.92778,0.90272,0.89989,0.9088,0.91875,0.90808,0.89748,0.92452,0.89194,0.90758,0.90668,0.90228,0.89317,0.89329,0.93456,0.91851,0.92223,0.89341,0.89329,0.92228,0.87861,0.92757,0.92193,0.908,0.8394,0.83007,0.89727,0.86694,0.92926,0.88276,0.92742,0.8492,0.85084,0.89441,1,0.92763,0.88804,0.90117,0.87613,0.9182,0.89296,0.92186,0.88185,0.90323,0.9004,0.91145,0.83953,0.89126,0.88412,0.91996,0.91105
0.91838,0.92421,0.9137,0.93533,0.92077,0.90317,0.90098,0.93595,0.92017,0.94885,0.90007,0.93354,0.91533,0.92211,0.91713,0.94927,0.91868,0.93382,0.92044,0.92655,0.87023,0.94845,0.94858,0.90971,0.83249,0.84398,0.92067,0.87341,0.93511,0.88356,0.93892,0.84212,0.85884,0.89982,0.92763,1,0.90162,0.92313,0.88525,0.93832,0.9022,0.95569,0.89051,0.89884,0.9412,0.93836,0.84493,0.91257,0.88797,0.92125,0.93115
0.89184,0.92438,0.92176,0.91965,0.92024,0.90346,0.90971,0.92742,0.90603,0.91321,0.90294,0.91631,0.92016,0.91627,0.88973,0.92226,0.9071,0.89201,0.90885,0.92577,0.87474,0.92615,0.90668,0.92297,0.83805,0.81141,0.91105,0.8799,0.9223,0.87294,0.9189,0.87275,0.87673,0.91612,0.88804,0.90162,1,0.88265,0.91048,0.89831,0.89395,0.89551,0.86569,0.90138,0.90677,0.92756,0.88451,0.93922,0.87832,0.89395,0.9194
0.90433,0.89464,0.89901,0.91048,0.90047,0.88492,0.90174,0.91175,0.89864,0.91579,0.89021,0.90045,0.89528,0.89909,0.89557,0.91767,0.89621,0.89282,0.8954,0.89355,0.85708,0.91533,0.92046,0.89928,0.82526,0.85483,0.91371,0.87358,0.91076,0.89299,0.90789,0.82416,0.84115,0.87923,0.90117,0.92313,0.88265,1,0.86728,0.92689,0.8898,0.90926,0.88627,0.89615,0.92472,0.91096,0.83334,0.90151,0.88278,0.8992,0.9188
0.88909,0.89748,0.89429,0.89219,0.90762,0.89866,0.89148,0.91103,0.87949,0.8867,0.89738,0.88755,0.89448,0.88976,0.88883,0.90059,0.91911,0.88476,0.8786,0.92041,0.86968,0.9134,0.88768,0.91421,0.84442,0.81082,0.89114,0.87398,0.90052,0.86164,0.89577,0.89286,0.92225,0.90365,0.87613,0.88525,0.91048,0.86728,1,0.87206,0.92846,0.87807,0.86275,0.89118,0.88315,0.90907,0.90622,0.89292,0.88028,0.88656,0.91387
0.90918,0.93016,0.90922,0.93915,0.91778,0.89722,0.89096,0.93908,0.92621,0.93969,0.89491,0.93372,0.9184,0.92338,0.91006,0.93781,0.90937,0.90268,0.92791,0.92092,0.86019,0.93584,0.94096,0.90623,0.82746,0.82537,0.91843,0.85852,0.93483,0.88034,0.95145,0.83008,0.83825,0.88233,0.9182,0.93832,0.89831,0.92689,0.87206,1,0.88134,0.9378,0.86816,0.90516,0.92618,0.93541,0.83021,0.91437,0.87087,0.9078,0.92549
0.91613,0.88254,0.88732,0.88556,0.91682,0.91194,0.90275,0.91141,0.86935,0.88979,0.91599,0.88255,0.87816,0.87903,0.90904,0.90509,0.92759,0.89245,0.86773,0.90983,0.88533,0.91936,0.90795,0.90551,0.86261,0.85731,0.89649,0.90205,0.90502,0.89373,0.90117,0.88021,0.92275,0.91191,0.89296,0.9022,0.89395,0.8898,0.92846,0.88134,1,0.88453,0.8823,0.91278,0.88469,0.90833,0.89848,0.87908,0.91026,0.90521,0.92876
0.90074,0.92978,0.91221,0.94143,0.91316,0.88658,0.89199,0.93039,0.92624,0.94725,0.88782,0.94025,0.92109,0.92953,0.90558,0.93251,0.90761,0.91847,0.93118,0.92264,0.85759,0.93805,0.93475,0.90824,0.82368,0.82807,0.92314,0.85891,0.93231,0.86631,0.93787,0.83192,0.84454,0.87805,0.92186,0.95569,0.89551,0.90926,0.87807,0.9378,0.88453,1,0.88346,0.89051,0.9383,0.93305,0.83236,0.91144,0.8671,0.90429,0.92196
0.88228,0.86266,0.88985,0.86609,0.89674,0.87732,0.92832,0.87795,0.84915,0.86445,0.90286,0.86189,0.86228,0.86291,0.88931,0.87799,0.88719,0.8812,0.8498,0.88223,0.89414,0.88325,0.87657,0.90168,0.8387,0.82815,0.8895,0.90537,0.88823,0.87572,0.87854,0.86618,0.85738,0.8766,0.88185,0.89051,0.86569,0.88627,0.86275,0.86816,0.8823,0.88346,1,0.89223,0.8845,0.87443,0.85758,0.87329,0.89996,0.8906,0.88661
0.9295,0.89018,0.89802,0.89183,0.94062,0.9381,0.91942,0.92647,0.87262,0.88625,0.9492,0.8865,0.88239,0.88129,0.92588,0.91291,0.92815,0.8923,0.87238,0.9146,0.91098,0.92103,0.91551,0.91455,0.88608,0.83288,0.89993,0.90574,0.92298,0.92503,0.92738,0.87943,0.87345,0.91151,0.90323,0.89884,0.90138,0.89615,0.89118,0.90516,0.91278,0.89051,0.89223,1,0.88359,0.90701,0.8775,0.88907,0.91685,0.91773,0.92839
0.88872,0.93795,0.93682,0.95232,0.90655,0.88024,0.90574,0.92606,0.94351,0.95173,0.88269,0.94104,0.9422,0.94769,0.8882,0.93647,0.89612,0.91504,0.94047,0.91745,0.85191,0.934,0.9227,0.91824,0.8119,0.82686,0.93429,0.8737,0.93237,0.86399,0.92071,0.83482,0.8501,0.87923,0.9004,0.9412,0.90677,0.92472,0.88315,0.92618,0.88469,0.9383,0.8845,0.88359,1,0.93943,0.84323,0.93871,0.87062,0.89071,0.92085
0.90458,0.95485,0.9365,0.95937,0.92659,0.90134,0.9069,0.95814,0.94272,0.95241,0.89967,0.9504,0.94573,0.94923,0.90456,0.95295,0.9218,0.91403,0.94266,0.94805,0.86519,0.95403,0.93544,0.9332,0.83008,0.82048,0.93514,0.87617,0.95167,0.87255,0.94918,0.85239,0.86784,0.89812,0.91145,0.93836,0.92756,0.91096,0.90907,0.93541,0.90833,0.93305,0.87443,0.90701,0.93943,1,0.85903,0.93489,0.87532,0.90481,0.93955
0.85808,0.84968,0.86692,0.84377,0.8774,0.87845,0.8861,0.86472,0.83064,0.83942,0.88484,0.84112,0.84913,0.84464,0.85647,0.85838,0.87602,0.85012,0.82992,0.87074,0.87715,0.86621,0.84818,0.87791,0.85482,0.80563,0.85225,0.90442,0.86195,0.85726,0.85493,0.92813,0.94228,0.89291,0.83953,0.84493,0.88451,0.83334,0.90622,0.83021,0.89848,0.83236,0.85758,0.8775,0.84323,0.85903,1,0.86062,0.8959,0.85676,0.87458
0.88117,0.94701,0.95001,0.9451,0.91031,0.88574,0.91467,0.92608,0.9372,0.93162,0.88747,0.93667,0.95253,0.94914,0.88062,0.92949,0.89707,0.89492,0.93854,0.9239,0.85843,0.92539,0.90402,0.93211,0.81296,0.80506,0.92791,0.8776,0.92849,0.86222,0.91948,0.85257,0.85631,0.88927,0.89126,0.91257,0.93922,0.90151,0.89292,0.91437,0.87908,0.91144,0.87329,0.88907,0.93871,0.93489,0.86062,1,0.87119,0.88716,0.91895
0.91272,0.86142,0.88068,0.86385,0.9132,0.92287,0.91769,0.8904,0.84755,0.86463,0.93178,0.86038,0.85839,0.85739,0.9084,0.89035,0.91065,0.8789,0.8455,0.88896,0.92372,0.89472,0.88938,0.89108,0.87693,0.84693,0.87443,0.92514,0.88987,0.92312,0.88733,0.89386,0.89258,0.91807,0.88412,0.88797,0.87832,0.88278,0.88028,0.87087,0.91026,0.8671,0.89996,0.91685,0.87062,0.87532,0.8959,0.87119,1,0.90973,0.90114
0.94742,0.88955,0.88835,0.89431,0.93291,0.93752,0.90636,0.92418,0.87572,0.89565,0.9353,0.89037,0.87821,0.87987,0.94157,0.91973,0.94153,0.90095,0.87635,0.91746,0.90452,0.92653,0.92556,0.90484,0.86189,0.84117,0.89179,0.87764,0.92136,0.9127,0.92672,0.86562,0.86526,0.92205,0.91996,0.92125,0.89395,0.8992,0.88656,0.9078,0.90521,0.90429,0.8906,0.91773,0.89071,0.90481,0.85676,0.88716,0.90973,1,0.91832
0.92463,0.92158,0.91634,0.92665,0.93859,0.92117,0.91407,0.9441,0.90828,0.92822,0.92044,0.92243,0.91551,0.91774,0.91929,0.94279,0.93406,0.91625,0.91028,0.93252,0.87939,0.95195,0.93793,0.92809,0.8479,0.84217,0.92716,0.89188,0.94044,0.89933,0.94202,0.86104,0.88411,0.90911,0.91105,0.93115,0.9194,0.9188,0.91387,0.92549,0.92876,0.92196,0.88661,0.92839,0.92085,0.93955,0.87458,0.91895,0.90114,0.91832,1
