1,0.82957,0.82959,0.78448,0.90574,0.92436,0.84155,0.84462,0.89333,0.91204,0.84981,0.95196,0.96414,0.89168,0.86798,0.95605,0.84736,0.84755,0.89634,0.69883,0.92249,0.84501,0.94955,0.86419,0.849,0.83203,0.90882,0.84931,0.93941,0.79721,0.90917,0.80552,0.78927,0.8441,0.93686,0.9733,0.96084,0.71497,0.78361,0.83354,0.89782,0.86657,0.79253,0.82962,0.70634,0.80432,0.65259,0.88297,0.72518,0.83357,0.69208
0.82957,1,0.99354,0.94179,0.9149,0.8905,0.97461,0.98022,0.74191,0.75745,0.97492,0.79264,0.85458,0.92928,0.72061,0.85805,0.97343,0.9724,0.74481,0.84213,0.76846,0.97836,0.79389,0.71817,0.97542,0.97837,0.75612,0.94971,0.78042,0.66266,0.75499,0.67126,0.94829,0.96618,0.77936,0.85012,0.79915,0.59339,0.65058,0.98014,0.74532,0.95493,0.65787,0.99236,0.58622,0.66755,0.54179,0.7342,0.60181,0.97692,0.57434
0.82959,0.99354,1,0.94152,0.91485,0.89039,0.97414,0.98004,0.7419,0.75747,0.9748,0.79261,0.85456,0.92915,0.72061,0.85799,0.97287,0.97215,0.7448,0.84207,0.76845,0.97819,0.79384,0.71823,0.97529,0.97784,0.75609,0.94967,0.78045,0.66267,0.755,0.67127,0.94822,0.96601,0.77933,0.85017,0.79915,0.5934,0.65059,0.97979,0.74532,0.9549,0.65786,0.99189,0.58622,0.66755,0.54179,0.73416,0.60182,0.97654,0.57435
0.78448,0.94179,0.94152,1,0.86496,0.84393,0.92909,0.92537,0.70206,0.71666,0.92077,0.75042,0.80902,0.87867,0.68195,0.81319,0.92327,0.92397,0.70484,0.88845,0.72795,0.9265,0.75145,0.68028,0.92087,0.939,0.71543,0.91191,0.73798,0.62741,0.7138,0.63587,0.98288,0.92364,0.73812,0.80376,0.75564,0.5613,0.61608,0.93935,0.70503,0.90392,0.62248,0.93957,0.55459,0.63157,0.51281,0.69487,0.56941,0.9377,0.54349
0.90574,0.9149,0.91485,0.86496,1,0.96488,0.92717,0.93117,0.8103,0.82728,0.93693,0.86552,0.93214,0.98084,0.78708,0.93475,0.93376,0.93386,0.81346,0.7709,0.839,0.93157,0.86633,0.78443,0.93586,0.91674,0.82553,0.92988,0.85215,0.7235,0.82449,0.73232,0.87026,0.92817,0.85111,0.92781,0.87262,0.64815,0.71067,0.91857,0.81409,0.95452,0.7186,0.91469,0.64034,0.72918,0.59174,0.80171,0.65737,0.91819,0.6274
0.92436,0.8905,0.89039,0.84393,0.96488,1,0.90347,0.90592,0.82925,0.84639,0.91153,0.88529,0.95049,0.95355,0.80579,0.9531,0.90945,0.90993,0.83244,0.75166,0.85905,0.90704,0.88586,0.80338,0.91035,0.89391,0.84447,0.90971,0.87098,0.74095,0.84284,0.74961,0.84869,0.90544,0.87138,0.94457,0.89164,0.66357,0.728,0.8957,0.83288,0.92933,0.73571,0.88991,0.65563,0.74648,0.60605,0.82059,0.67312,0.89527,0.64252
0.84155,0.97461,0.97414,0.92909,0.92717,0.90347,1,0.97763,0.75314,0.76881,0.97837,0.80483,0.86723,0.9414,0.73153,0.87125,0.97896,0.97884,0.75613,0.82868,0.78049,0.98077,0.80572,0.7295,0.97658,0.97346,0.76746,0.95805,0.79173,0.67285,0.76602,0.68162,0.93428,0.97049,0.7914,0.86222,0.81058,0.60231,0.66075,0.97752,0.75645,0.965,0.66786,0.97178,0.5951,0.67763,0.55013,0.74529,0.61094,0.97546,0.58313
0.84462,0.98022,0.98004,0.92537,0.93117,0.90592,0.97763,1,0.75536,0.77121,0.98828,0.80691,0.86985,0.94553,0.73371,0.8732,0.98229,0.98073,0.7583,0.8269,0.78226,0.98643,0.80819,0.73122,0.98821,0.97331,0.76979,0.95593,0.79462,0.67465,0.76875,0.68331,0.93172,0.97115,0.79341,0.86554,0.81367,0.60422,0.66239,0.97571,0.75888,0.97033,0.66985,0.97996,0.59691,0.67971,0.55166,0.74749,0.61279,0.9733,0.58482
0.89333,0.74191,0.7419,0.70206,0.8103,0.82925,0.75314,0.75536,1,0.97318,0.75999,0.93343,0.86613,0.79777,0.96764,0.861,0.75816,0.75831,0.97978,0.62502,0.95627,0.7558,0.92777,0.95994,0.75929,0.74457,0.96753,0.76171,0.94729,0.88831,0.97516,0.89256,0.70611,0.75566,0.94892,0.87171,0.92659,0.79905,0.8756,0.74581,0.98647,0.77526,0.88552,0.74189,0.78947,0.89876,0.72928,0.97195,0.81043,0.74598,0.77358
0.91204,0.75745,0.75747,0.71666,0.82728,0.84639,0.76881,0.77121,0.97318,1,0.77596,0.95116,0.88402,0.8144,0.949,0.87861,0.77395,0.77413,0.97347,0.63811,0.96857,0.77167,0.94508,0.94281,0.77523,0.7601,0.97253,0.77723,0.96601,0.87084,0.98237,0.87655,0.72089,0.77137,0.96535,0.89009,0.94552,0.78274,0.85777,0.76141,0.97933,0.79145,0.86745,0.75748,0.77335,0.88047,0.71436,0.95942,0.79395,0.76152,0.75785
0.84981,0.97492,0.9748,0.92077,0.93693,0.91153,0.97837,0.98828,0.75999,0.77596,1,0.81195,0.87531,0.95144,0.73822,0.87867,0.98388,0.98324,0.76297,0.82201,0.78716,0.98739,0.81308,0.73578,0.9899,0.97085,0.77448,0.95817,0.79945,0.6788,0.7734,0.68747,0.92692,0.97198,0.79835,0.87089,0.81857,0.60788,0.66649,0.97374,0.76351,0.976,0.67393,0.97438,0.60054,0.68386,0.55503,0.75204,0.61653,0.97147,0.58839
0.95196,0.79264,0.79261,0.75042,0.86552,0.88529,0.80483,0.80691,0.93343,0.95116,0.81195,1,0.92451,0.85225,0.90724,0.91907,0.81015,0.81038,0.93623,0.66795,0.9613,0.80759,0.96947,0.90385,0.81111,0.79561,0.94645,0.81348,0.97162,0.83312,0.94702,0.84078,0.75468,0.80736,0.97747,0.92988,0.97624,0.74742,0.81985,0.79705,0.93744,0.82833,0.82862,0.79247,0.73851,0.84082,0.68253,0.92196,0.7582,0.79721,0.72372
0.96414,0.85458,0.85456,0.80902,0.93214,0.95049,0.86723,0.86985,0.86613,0.88402,0.87531,0.92451,1,0.91818,0.8416,0.97379,0.87309,0.87351,0.8693,0.72037,0.89639,0.87062,0.92357,0.83878,0.87435,0.85762,0.88141,0.87499,0.90976,0.77344,0.88055,0.7823,0.81369,0.86967,0.90988,0.97867,0.93091,0.69305,0.76018,0.85928,0.87006,0.89282,0.7684,0.85432,0.68475,0.77969,0.63284,0.85673,0.70303,0.85916,0.67103
0.89168,0.92928,0.92915,0.87867,0.98084,0.95355,0.9414,0.94553,0.79777,0.8144,0.95144,0.85225,0.91818,1,0.77489,0.92144,0.94838,0.94823,0.80088,0.78312,0.82623,0.94594,0.85317,0.77234,0.9503,0.93108,0.81277,0.94178,0.83889,0.71241,0.81164,0.72113,0.884,0.94175,0.83811,0.91349,0.85908,0.63804,0.69965,0.93283,0.80142,0.96879,0.70742,0.92886,0.63036,0.71783,0.58255,0.78931,0.64712,0.93233,0.61761
0.86798,0.72061,0.72061,0.68195,0.78708,0.80579,0.73153,0.73371,0.96764,0.949,0.73822,0.90724,0.8416,0.77489,1,0.83663,0.7364,0.73661,0.96224,0.60707,0.93208,0.73415,0.9028,0.97556,0.73753,0.72328,0.94572,0.74,0.92146,0.91274,0.95136,0.91334,0.68591,0.7341,0.92285,0.84693,0.90058,0.82268,0.90134,0.72446,0.96517,0.75307,0.91158,0.72062,0.81282,0.92532,0.75074,0.96821,0.83449,0.72462,0.79655
0.95605,0.85805,0.85799,0.81319,0.93475,0.9531,0.87125,0.8732,0.861,0.87861,0.87867,0.91907,0.97379,0.92144,0.83663,1,0.87684,0.87745,0.86415,0.72386,0.89187,0.87431,0.91792,0.83426,0.87762,0.86159,0.87611,0.87926,0.90339,0.76924,0.87461,0.77803,0.8177,0.8736,0.90487,0.96994,0.92408,0.68906,0.75617,0.8633,0.86463,0.89644,0.76398,0.85755,0.68085,0.77516,0.62939,0.85166,0.69901,0.86317,0.66727
0.84736,0.97343,0.97287,0.92327,0.93376,0.90945,0.97896,0.98229,0.75816,0.77395,0.98388,0.81015,0.87309,0.94838,0.7364,0.87684,1,0.98187,0.76115,0.82362,0.78547,0.98331,0.81112,0.73419,0.98238,0.97205,0.77256,0.95895,0.79718,0.67724,0.77126,0.68592,0.92872,0.97161,0.7966,0.86817,0.81627,0.60634,0.66502,0.97495,0.76155,0.97213,0.6723,0.97165,0.59906,0.68215,0.55373,0.75027,0.615,0.97294,0.58696
0.84755,0.9724,0.97215,0.92397,0.93386,0.90993,0.97884,0.98073,0.75831,0.77413,0.98324,0.81038,0.87351,0.94823,0.73661,0.87745,0.98187,1,0.76126,0.8235,0.78582,0.98482,0.81125,0.73449,0.98133,0.97242,0.77265,0.96053,0.79731,0.67741,0.77125,0.68618,0.92943,0.97364,0.79699,0.86842,0.81634,0.60639,0.66526,0.97764,0.76165,0.97341,0.67239,0.97,0.59911,0.68227,0.55386,0.75043,0.61512,0.97434,0.58708
0.89634,0.74481,0.7448,0.70484,0.81346,0.83244,0.75613,0.7583,0.97978,0.97347,0.76297,0.93623,0.8693,0.80088,0.96224,0.86415,0.76115,0.76126,1,0.62753,0.95796,0.75872,0.93069,0.95594,0.76225,0.74758,0.96772,0.76454,0.94936,0.88453,0.97506,0.88866,0.70891,0.75859,0.9514,0.87477,0.9295,0.79554,0.87165,0.74872,0.98323,0.77825,0.88155,0.7448,0.78603,0.89456,0.72609,0.96925,0.80685,0.74892,0.77022
0.69883,0.84213,0.84207,0.88845,0.7709,0.75166,0.82868,0.8269,0.62502,0.63811,0.82201,0.66795,0.72037,0.78312,0.60707,0.72386,0.82362,0.8235,0.62753,1,0.64783,0.82655,0.66923,0.60536,0.82262,0.83806,0.63716,0.81497,0.65739,0.55856,0.63589,0.56634,0.88392,0.82459,0.65681,0.71617,0.67316,0.49979,0.5482,0.83713,0.62779,0.80571,0.55417,0.84175,0.49377,0.56229,0.45648,0.6187,0.50692,0.83639,0.48379
0.92249,0.76846,0.76845,0.72795,0.839,0.85905,0.78049,0.78226,0.95627,0.96857,0.78716,0.9613,0.89639,0.82623,0.93208,0.89187,0.78547,0.78582,0.95796,0.64783,1,0.78303,0.953,0.9295,0.78633,0.77172,0.96235,0.78936,0.96526,0.85737,0.96247,0.86375,0.73198,0.78311,0.97567,0.90098,0.95243,0.76948,0.84442,0.77305,0.95912,0.80313,0.8528,0.76823,0.7604,0.8652,0.70289,0.94451,0.78065,0.77313,0.74538
0.84501,0.97836,0.97819,0.9265,0.93157,0.90704,0.98077,0.98643,0.7558,0.77167,0.98739,0.80759,0.87062,0.94594,0.73415,0.87431,0.98331,0.98482,0.75872,0.82655,0.78303,1,0.80861,0.73185,0.98585,0.97488,0.77017,0.95889,0.79493,0.67511,0.76893,0.68388,0.93252,0.97358,0.79412,0.86596,0.81388,0.60444,0.66293,0.97956,0.75921,0.97161,0.67017,0.97664,0.59716,0.68003,0.55197,0.7479,0.61309,0.97605,0.58513
0.94955,0.79389,0.79384,0.75145,0.86633,0.88586,0.80572,0.80819,0.92777,0.94508,0.81308,0.96947,0.92357,0.85317,0.9028,0.91792,0.81112,0.81125,0.93069,0.66923,0.953,0.80861,1,0.89897,0.81233,0.79665,0.94103,0.814,0.96424,0.82995,0.9417,0.83709,0.75577,0.80833,0.96583,0.92893,0.97112,0.74511,0.81657,0.79789,0.93225,0.82926,0.82552,0.79382,0.73618,0.83771,0.68033,0.91726,0.75565,0.79797,0.72141
0.86419,0.71817,0.71823,0.68028,0.78443,0.80338,0.7295,0.73122,0.95994,0.94281,0.73578,0.90385,0.83878,0.77234,0.97556,0.83426,0.73419,0.73449,0.95594,0.60536,0.9295,0.73185,0.89897,1,0.73503,0.72126,0.93956,0.73822,0.91554,0.91314,0.94291,0.91458,0.68405,0.73209,0.91969,0.84334,0.8958,0.82304,0.90284,0.72248,0.95655,0.75072,0.91121,0.7181,0.81348,0.92417,0.75192,0.96143,0.83508,0.72262,0.79755
0.849,0.97542,0.97529,0.92087,0.93586,0.91035,0.97658,0.98821,0.75929,0.77523,0.9899,0.81111,0.87435,0.9503,0.73753,0.87762,0.98238,0.98133,0.76225,0.82262,0.78633,0.98585,0.81233,0.73503,1,0.97059,0.77379,0.95716,0.79875,0.67813,0.77274,0.68681,0.92716,0.97097,0.79753,0.87005,0.81788,0.60736,0.66584,0.97277,0.76282,0.97461,0.67332,0.97521,0.60002,0.68325,0.55453,0.75134,0.61598,0.97058,0.58786
0.83203,0.97837,0.97784,0.939,0.91674,0.89391,0.97346,0.97331,0.74457,0.7601,0.97085,0.79561,0.85762,0.93108,0.72328,0.86159,0.97205,0.97242,0.74758,0.83806,0.77172,0.97488,0.79665,0.72126,0.97059,1,0.75875,0.95361,0.78276,0.6654,0.75723,0.67401,0.94395,0.96653,0.78256,0.85226,0.80164,0.59548,0.65329,0.98067,0.74786,0.95592,0.6603,0.97468,0.58833,0.66995,0.54381,0.73697,0.60401,0.97623,0.5765
0.90882,0.75612,0.75609,0.71543,0.82553,0.84447,0.76746,0.76979,0.96753,0.97253,0.77448,0.94645,0.88141,0.81277,0.94572,0.87611,0.77256,0.77265,0.96772,0.63716,0.96235,0.77017,0.94103,0.93956,0.77379,0.75875,1,0.77596,0.9592,0.87006,0.9735,0.87484,0.71958,0.76983,0.95921,0.88726,0.9412,0.78286,0.8572,0.75994,0.97155,0.78984,0.86709,0.75613,0.77351,0.87979,0.71456,0.95554,0.79392,0.76011,0.7579
0.84931,0.94971,0.94967,0.91191,0.92988,0.90971,0.95805,0.95593,0.76171,0.77723,0.95817,0.81348,0.87499,0.94178,0.74,0.87926,0.95895,0.96053,0.76454,0.81497,0.78936,0.95889,0.814,0.73822,0.95716,0.95361,0.77596,1,0.79995,0.6811,0.77406,0.68979,0.91605,0.95546,0.80035,0.86942,0.81877,0.60959,0.66896,0.95666,0.76479,0.95753,0.67583,0.94732,0.60235,0.68563,0.55702,0.75389,0.61841,0.95521,0.59034
0.93941,0.78042,0.78045,0.73798,0.85215,0.87098,0.79173,0.79462,0.94729,0.96601,0.79945,0.97162,0.90976,0.83889,0.92146,0.90339,0.79718,0.79731,0.94936,0.65739,0.96526,0.79493,0.96424,0.91554,0.79875,0.78276,0.9592,0.79995,1,0.84574,0.96467,0.85259,0.74245,0.7942,0.97548,0.91711,0.97211,0.75989,0.8322,0.78409,0.95295,0.81524,0.84197,0.78056,0.75069,0.85464,0.69338,0.93499,0.77067,0.78421,0.7355
0.79721,0.66266,0.66267,0.62741,0.7235,0.74095,0.67285,0.67465,0.88831,0.87084,0.6788,0.83312,0.77344,0.71241,0.91274,0.76924,0.67724,0.67741,0.88453,0.55856,0.85737,0.67511,0.82995,0.91314,0.67813,0.6654,0.87006,0.6811,0.84574,1,0.873,0.93044,0.63098,0.6752,0.84737,0.77798,0.82675,0.88652,0.95524,0.66644,0.88476,0.69241,0.95771,0.66261,0.87672,0.95989,0.81146,0.89519,0.89894,0.66656,0.86018
0.90917,0.75499,0.755,0.7138,0.82449,0.84284,0.76602,0.76875,0.97516,0.98237,0.7734,0.94702,0.88055,0.81164,0.95136,0.87461,0.77126,0.77125,0.97506,0.63589,0.96247,0.76893,0.9417,0.94291,0.77274,0.75723,0.9735,0.77406,0.96467,0.873,1,0.87818,0.71814,0.76851,0.95953,0.88737,0.94327,0.78583,0.85954,0.75839,0.98392,0.78861,0.87056,0.75518,0.77626,0.88371,0.71678,0.96131,0.79678,0.75858,0.7604
0.80552,0.67126,0.67127,0.63587,0.73232,0.74961,0.68162,0.68331,0.89256,0.87655,0.68747,0.84078,0.7823,0.72113,0.91334,0.77803,0.68592,0.68618,0.88866,0.56634,0.86375,0.68388,0.83709,0.91458,0.68681,0.67401,0.87484,0.68979,0.85259,0.93044,0.87818,1,0.63942,0.68384,0.85446,0.78661,0.83418,0.86642,0.93065,0.67513,0.88919,0.70119,0.93471,0.6712,0.85713,0.93876,0.7954,0.89741,0.87808,0.6752,0.84179
0.78927,0.94829,0.94822,0.98288,0.87026,0.84869,0.93428,0.93172,0.70611,0.72089,0.92692,0.75468,0.81369,0.884,0.68591,0.8177,0.92872,0.92943,0.70891,0.88392,0.73198,0.93252,0.75577,0.68405,0.92716,0.94395,0.71958,0.91605,0.74245,0.63098,0.71814,0.63942,1,0.9289,0.74223,0.80877,0.7602,0.56461,0.61953,0.94457,0.70919,0.90955,0.62609,0.94656,0.55784,0.63527,0.51576,0.69888,0.57275,0.94276,0.54664
0.8441,0.96618,0.96601,0.92364,0.92817,0.90544,0.97049,0.97115,0.75566,0.77137,0.97198,0.80736,0.86967,0.94175,0.7341,0.8736,0.97161,0.97364,0.75859,0.82459,0.78311,0.97358,0.80833,0.73209,0.97097,0.96653,0.76983,0.95546,0.7942,0.6752,0.76851,0.68384,0.9289,1,0.79413,0.86465,0.81317,0.60449,0.66307,0.97051,0.75899,0.9637,0.67022,0.96421,0.59724,0.68005,0.55215,0.74781,0.61319,0.96738,0.58531
0.93686,0.77936,0.77933,0.73812,0.85111,0.87138,0.7914,0.79341,0.94892,0.96535,0.79835,0.97747,0.90988,0.83811,0.92285,0.90487,0.7966,0.79699,0.9514,0.65681,0.97567,0.79412,0.96583,0.91969,0.79753,0.78256,0.95921,0.80035,0.97548,0.84737,0.95953,0.85446,0.74223,0.79413,1,0.91456,0.9675,0.76,0.83411,0.78394,0.95261,0.81465,0.8427,0.77912,0.75095,0.85509,0.69409,0.93706,0.77103,0.78403,0.73599
0.9733,0.85012,0.85017,0.80376,0.92781,0.94457,0.86222,0.86554,0.87171,0.89009,0.87089,0.92988,0.97867,0.91349,0.84693,0.96994,0.86817,0.86842,0.87477,0.71617,0.90098,0.86596,0.92893,0.84334,0.87005,0.85226,0.88726,0.86942,0.91711,0.77798,0.88737,0.78661,0.80877,0.86465,0.91456,1,0.93813,0.69763,0.76459,0.85395,0.87604,0.88786,0.77328,0.85025,0.6892,0.78479,0.63683,0.86179,0.70759,0.85389,0.67529
0.96084,0.79915,0.79915,0.75564,0.87262,0.89164,0.81058,0.81367,0.92659,0.94552,0.81857,0.97624,0.93091,0.85908,0.90058,0.92408,0.81627,0.81634,0.9295,0.67316,0.95243,0.81388,0.97112,0.8958,0.81788,0.80164,0.9412,0.81877,0.97211,0.82675,0.94327,0.83418,0.7602,0.81317,0.9675,0.93813,1,0.74226,0.81298,0.80281,0.93178,0.83475,0.82264,0.79926,0.73325,0.83492,0.67724,0.91553,0.75269,0.80289,0.71836
0.71497,0.59339,0.5934,0.5613,0.64815,0.66357,0.60231,0.60422,0.79905,0.78274,0.60788,0.74742,0.69305,0.63804,0.82268,0.68906,0.60634,0.60639,0.79554,0.49979,0.76948,0.60444,0.74511,0.82304,0.60736,0.59548,0.78286,0.60959,0.75989,0.88652,0.78583,0.86642,0.56461,0.60449,0.76,0.69763,0.74226,1,0.90735,0.59634,0.79605,0.61999,0.9008,0.59351,0.98523,0.88862,0.90721,0.80594,0.98118,0.59654,0.96537
0.78361,0.65058,0.65059,0.61608,0.71067,0.728,0.66075,0.66239,0.8756,0.85777,0.66649,0.81985,0.76018,0.69965,0.90134,0.75617,0.66502,0.66526,0.87165,0.5482,0.84442,0.66293,0.81657,0.90284,0.66584,0.65329,0.8572,0.66896,0.8322,0.95524,0.85954,0.93065,0.61953,0.66307,0.83411,0.76459,0.81298,0.90735,1,0.65441,0.8718,0.68001,0.97363,0.65051,0.89736,0.96674,0.82963,0.88252,0.92088,0.65456,0.88059
0.83354,0.98014,0.97979,0.93935,0.91857,0.8957,0.97752,0.97571,0.74581,0.76141,0.97374,0.79705,0.85928,0.93283,0.72446,0.8633,0.97495,0.97764,0.74872,0.83713,0.77305,0.97956,0.79789,0.72248,0.97277,0.98067,0.75994,0.95666,0.78409,0.66644,0.75839,0.67513,0.94457,0.97051,0.78394,0.85395,0.80281,0.59634,0.65441,1,0.74904,0.95889,0.6613,0.97572,0.58921,0.67098,0.54471,0.73809,0.60496,0.98131,0.5774
0.89782,0.74532,0.74532,0.70503,0.81409,0.83288,0.75645,0.75888,0.98647,0.97933,0.76351,0.93744,0.87006,0.80142,0.96517,0.86463,0.76155,0.76165,0.98323,0.62779,0.95912,0.75921,0.93225,0.95655,0.76282,0.74786,0.97155,0.76479,0.95295,0.88476,0.98392,0.88919,0.70919,0.75899,0.95261,0.87604,0.93178,0.79605,0.8718,0.74904,1,0.77873,0.88228,0.74538,0.78643,0.89559,0.72625,0.97174,0.8073,0.7492,0.77051
0.86657,0.95493,0.9549,0.90392,0.95452,0.92933,0.965,0.97033,0.77526,0.79145,0.976,0.82833,0.89282,0.96879,0.75307,0.89644,0.97213,0.97341,0.77825,0.80571,0.80313,0.97161,0.82926,0.75072,0.97461,0.95592,0.78984,0.95753,0.81524,0.69241,0.78861,0.70119,0.90955,0.9637,0.81465,0.88786,0.83475,0.61999,0.68001,0.95889,0.77873,1,0.68742,0.95399,0.61252,0.69753,0.56616,0.7671,0.62887,0.95748,0.60017
0.79253,0.65787,0.65786,0.62248,0.7186,0.73571,0.66786,0.66985,0.88552,0.86745,0.67393,0.82862,0.7684,0.70742,0.91158,0.76398,0.6723,0.67239,0.88155,0.55417,0.8528,0.67017,0.82552,0.91121,0.67332,0.6603,0.86709,0.67583,0.84197,0.95771,0.87056,0.93471,0.62609,0.67022,0.8427,0.77328,0.82264,0.9008,0.97363,0.6613,0.88228,0.68742,1,0.65792,0.89,0.98085,0.82135,0.89233,0.91333,0.66149,0.87219
0.82962,0.99236,0.99189,0.93957,0.91469,0.88991,0.97178,0.97996,0.74189,0.75748,0.97438,0.79247,0.85432,0.92886,0.72062,0.85755,0.97165,0.97,0.7448,0.84175,0.76823,0.97664,0.79382,0.7181,0.97521,0.97468,0.75613,0.94732,0.78056,0.66261,0.75518,0.6712,0.94656,0.96421,0.77912,0.85025,0.79926,0.59351,0.65051,0.97572,0.74538,0.95399,0.65792,1,0.58631,0.66762,0.54184,0.73415,0.60189,0.97312,0.57441
0.70634,0.58622,0.58622,0.55459,0.64034,0.65563,0.5951,0.59691,0.78947,0.77335,0.60054,0.73851,0.68475,0.63036,0.81282,0.68085,0.59906,0.59911,0.78603,0.49377,0.7604,0.59716,0.73618,0.81348,0.60002,0.58833,0.77351,0.60235,0.75069,0.87672,0.77626,0.85713,0.55784,0.59724,0.75095,0.6892,0.73325,0.98523,0.89736,0.58921,0.78643,0.61252,0.89,0.58631,1,0.87787,0.91746,0.79635,0.97099,0.58941,0.97644
0.80432,0.66755,0.66755,0.63157,0.72918,0.74648,0.67763,0.67971,0.89876,0.88047,0.68386,0.84082,0.77969,0.71783,0.92532,0.77516,0.68215,0.68227,0.89456,0.56229,0.8652,0.68003,0.83771,0.92417,0.68325,0.66995,0.87979,0.68563,0.85464,0.95989,0.88371,0.93876,0.63527,0.68005,0.85509,0.78479,0.83492,0.88862,0.96674,0.67098,0.89559,0.69753,0.98085,0.66762,0.87787,1,0.81001,0.90533,0.90109,0.67116,0.86016
0.65259,0.54179,0.54179,0.51281,0.59174,0.60605,0.55013,0.55166,0.72928,0.71436,0.55503,0.68253,0.63284,0.58255,0.75074,0.62939,0.55373,0.55386,0.72609,0.45648,0.70289,0.55197,0.68033,0.75192,0.55453,0.54381,0.71456,0.55702,0.69338,0.81146,0.71678,0.7954,0.51576,0.55215,0.69409,0.63683,0.67724,0.90721,0.82963,0.54471,0.72625,0.56616,0.82135,0.54184,0.91746,0.81001,1,0.73569,0.89564,0.54493,0.93439
0.88297,0.7342,0.73416,0.69487,0.80171,0.82059,0.74529,0.74749,0.97195,0.95942,0.75204,0.92196,0.85673,0.78931,0.96821,0.85166,0.75027,0.75043,0.96925,0.6187,0.94451,0.7479,0.91726,0.96143,0.75134,0.73697,0.95554,0.75389,0.93499,0.89519,0.96131,0.89741,0.69888,0.74781,0.93706,0.86179,0.91553,0.80594,0.88252,0.73809,0.97174,0.7671,0.89233,0.73415,0.79635,0.90533,0.73569,1,0.81731,0.73825,0.78037
0.72518,0.60181,0.60182,0.56941,0.65737,0.67312,0.61094,0.61279,0.81043,0.79395,0.61653,0.7582,0.70303,0.64712,0.83449,0.69901,0.615,0.61512,0.80685,0.50692,0.78065,0.61309,0.75565,0.83508,0.61598,0.60401,0.79392,0.61841,0.77067,0.89894,0.79678,0.87808,0.57275,0.61319,0.77103,0.70759,0.75269,0.98118,0.92088,0.60496,0.8073,0.62887,0.91333,0.60189,0.97099,0.90109,0.89564,0.81731,1,0.60515,0.95285
0.83357,0.97692,0.97654,0.9377,0.91819,0.89527,0.97546,0.9733,0.74598,0.76152,0.97147,0.79721,0.85916,0.93233,0.72462,0.86317,0.97294,0.97434,0.74892,0.83639,0.77313,0.97605,0.79797,0.72262,0.97058,0.97623,0.76011,0.95521,0.78421,0.66656,0.75858,0.6752,0.94276,0.96738,0.78403,0.85389,0.80289,0.59654,0.65456,0.98131,0.7492,0.95748,0.66149,0.97312,0.58941,0.67116,0.54493,0.73825,0.60515,1,0.57757
0.69208,0.57434,0.57435,0.54349,0.6274,0.64252,0.58313,0.58482,0.77358,0.75785,0.58839,0.72372,0.67103,0.61761,0.79655,0.66727,0.58696,0.58708,0.77022,0.48379,0.74538,0.58513,0.72141,0.79755,0.58786,0.5765,0.7579,0.59034,0.7355,0.86018,0.7604,0.84179,0.54664,0.58531,0.73599,0.67529,0.71836,0.96537,0.88059,0.5774,0.77051,0.60017,0.87219,0.57441,0.97644,0.86016,0.93439,0.78037,0.95285,0.57757,1
