1,0.94822,0.92966,0.92093,0.93499,0.94734,0.93711,0.87512,0.93451,0.92564,0.90094,0.94638,0.94102,0.82829,0.78895,0.96171,0.98077,0.86646,0.91273,0.9219,0.82975,0.96647,0.90843,0.96949,0.80447,0.94582,0.89854,0.7649,0.9792,0.80365,0.80687,0.91217,0.95243,0.87883,0.7484,0.74874,0.93535,0.86106,0.87288,0.90423,0.81974,0.94506,0.88917,0.97866,0.74503,0.84463,0.84933,0.91492,0.87997,0.73608,0.78616
0.94822,1,0.97143,0.96289,0.88957,0.90308,0.89325,0.91895,0.97235,0.88258,0.94373,0.90323,0.89661,0.86951,0.8288,0.97654,0.94656,0.90988,0.86966,0.87828,0.87158,0.96998,0.86533,0.92847,0.84481,0.97382,0.94044,0.72849,0.94385,0.76518,0.76819,0.86893,0.98122,0.83723,0.78624,0.71279,0.8929,0.82026,0.832,0.94854,0.78056,0.97328,0.93299,0.9446,0.78242,0.88683,0.89183,0.87274,0.91834,0.77324,0.82582
0.92966,0.97143,1,0.97989,0.87092,0.88327,0.8738,0.93937,0.97777,0.86371,0.96587,0.88424,0.87774,0.88996,0.84773,0.9608,0.92715,0.92985,0.8509,0.85899,0.8914,0.95234,0.84614,0.90884,0.86441,0.96744,0.959,0.71245,0.92375,0.74813,0.75106,0.8498,0.9686,0.81858,0.80429,0.69691,0.8737,0.8023,0.814,0.96904,0.76314,0.96756,0.95197,0.92444,0.80026,0.90632,0.91148,0.85394,0.93487,0.79079,0.84438
0.92093,0.96289,0.97989,1,0.86324,0.87608,0.86666,0.94476,0.97343,0.85678,0.96802,0.877,0.87047,0.89567,0.8537,0.95179,0.91914,0.93526,0.84401,0.852,0.8974,0.94421,0.83928,0.90151,0.87082,0.95987,0.96141,0.70687,0.91604,0.74224,0.74514,0.84291,0.95987,0.81209,0.81012,0.69146,0.86664,0.79593,0.80757,0.97187,0.75713,0.9601,0.95651,0.91673,0.80605,0.91214,0.91733,0.84702,0.93739,0.79658,0.85038
0.93499,0.88957,0.87092,0.86324,1,0.97845,0.98225,0.81953,0.87665,0.97336,0.84346,0.97334,0.97919,0.7753,0.73863,0.90189,0.93585,0.81161,0.97003,0.9793,0.77691,0.90861,0.96734,0.95258,0.75318,0.88898,0.84284,0.81652,0.93803,0.85825,0.86181,0.97126,0.89388,0.93626,0.70063,0.79985,0.97173,0.91814,0.92857,0.84716,0.87521,0.88825,0.83302,0.93655,0.69774,0.79111,0.79538,0.96704,0.82682,0.68913,0.73602
0.94734,0.90308,0.88327,0.87608,0.97845,1,0.9803,0.83221,0.88965,0.96638,0.8558,0.9767,0.97739,0.78687,0.74994,0.91514,0.94887,0.82395,0.95759,0.96826,0.78888,0.92241,0.95492,0.96498,0.76451,0.90196,0.85519,0.80446,0.95138,0.84558,0.84906,0.95832,0.90712,0.92356,0.71122,0.78796,0.97018,0.90495,0.91596,0.85985,0.86241,0.90113,0.84566,0.95003,0.70825,0.80306,0.80745,0.95745,0.83865,0.69958,0.74722
0.93711,0.89325,0.8738,0.86666,0.98225,0.9803,1,0.82299,0.88011,0.97103,0.84658,0.97456,0.97748,0.77847,0.74179,0.90517,0.93925,0.81508,0.96586,0.97478,0.78031,0.91205,0.96271,0.95557,0.75632,0.89252,0.84626,0.8127,0.94121,0.8542,0.85771,0.96608,0.89743,0.93153,0.70361,0.79616,0.97121,0.91376,0.92417,0.85059,0.87102,0.89174,0.83641,0.93955,0.70072,0.7944,0.79865,0.96322,0.83009,0.69206,0.73913
0.87512,0.91895,0.93937,0.94476,0.81953,0.83221,0.82299,1,0.93036,0.81381,0.96545,0.8327,0.82645,0.94307,0.90028,0.9064,0.8734,0.97602,0.80133,0.80928,0.94562,0.89933,0.79703,0.85619,0.91663,0.91661,0.95721,0.67109,0.87067,0.70466,0.70737,0.80033,0.9146,0.77129,0.85369,0.65633,0.82338,0.75574,0.76691,0.96239,0.71885,0.9169,0.9718,0.8716,0.84857,0.9574,0.9632,0.80451,0.9482,0.83931,0.89591
0.93451,0.97235,0.97777,0.97343,0.87665,0.88965,0.88011,0.93036,1,0.87003,0.95452,0.89029,0.8837,0.88152,0.84029,0.96346,0.93278,0.92107,0.8571,0.86531,0.88341,0.9568,0.85241,0.91504,0.85708,0.96842,0.95012,0.71796,0.9298,0.75404,0.75697,0.85608,0.97106,0.82489,0.79733,0.70243,0.88003,0.80837,0.82011,0.95915,0.76915,0.96875,0.94358,0.93046,0.79334,0.89839,0.90344,0.86018,0.92784,0.78409,0.83712
0.92564,0.88258,0.86371,0.85678,0.97336,0.96638,0.97103,0.81381,0.87003,1,0.83716,0.96242,0.96724,0.76989,0.73369,0.89453,0.92733,0.80581,0.96738,0.97225,0.7716,0.90128,0.96471,0.94341,0.74806,0.8821,0.83681,0.82025,0.92986,0.86213,0.86567,0.96838,0.88702,0.93848,0.69606,0.80385,0.96355,0.92045,0.93046,0.8411,0.87898,0.88145,0.82724,0.92868,0.6932,0.78578,0.79003,0.96281,0.82119,0.68469,0.73122
0.90094,0.94373,0.96587,0.96802,0.84346,0.8558,0.84658,0.96545,0.95452,0.83716,1,0.8567,0.85042,0.91774,0.87416,0.93236,0.89836,0.95594,0.82439,0.8323,0.91887,0.92409,0.81992,0.88066,0.8913,0.94127,0.96846,0.69046,0.89535,0.72496,0.72779,0.82338,0.93983,0.79335,0.8296,0.67531,0.84696,0.77748,0.78894,0.97968,0.73956,0.9416,0.97264,0.89618,0.82506,0.93305,0.9385,0.82752,0.94806,0.81569,0.87075
0.94638,0.90323,0.88424,0.877,0.97334,0.9767,0.97456,0.8327,0.89029,0.96242,0.8567,1,0.97565,0.78803,0.75087,0.91529,0.94931,0.82491,0.95551,0.96238,0.7897,0.92147,0.94983,0.9649,0.7656,0.90303,0.85665,0.80261,0.9502,0.84307,0.84655,0.95424,0.90782,0.91909,0.71234,0.78595,0.96633,0.90258,0.91372,0.86094,0.85957,0.90244,0.84614,0.94827,0.70943,0.80384,0.80814,0.95404,0.84,0.70051,0.74805
0.94102,0.89661,0.87774,0.87047,0.97919,0.97739,0.97748,0.82645,0.8837,0.96724,0.85042,0.97565,1,0.78206,0.7451,0.90891,0.94227,0.81858,0.96148,0.96892,0.78364,0.91522,0.95657,0.95862,0.75977,0.89627,0.85011,0.80898,0.94421,0.84983,0.85334,0.96118,0.90107,0.92654,0.70684,0.79223,0.96815,0.90925,0.92012,0.85438,0.86647,0.89541,0.83987,0.94262,0.70397,0.79783,0.80213,0.95905,0.83388,0.69521,0.7424
0.82829,0.86951,0.88996,0.89567,0.7753,0.78687,0.77847,0.94307,0.88152,0.76989,0.91774,0.78803,0.78206,1,0.95015,0.858,0.82645,0.94981,0.7581,0.76514,0.98326,0.85068,0.75374,0.81014,0.96724,0.86847,0.91345,0.63481,0.82365,0.66632,0.66889,0.75695,0.86567,0.72935,0.90278,0.62063,0.77903,0.71486,0.72565,0.91334,0.67974,0.86901,0.92595,0.82447,0.89602,0.96604,0.96476,0.7612,0.91728,0.88677,0.94468
0.78895,0.8288,0.84773,0.8537,0.73863,0.74994,0.74179,0.90028,0.84029,0.73369,0.87416,0.75087,0.7451,0.95015,1,0.81746,0.78744,0.90712,0.72237,0.7292,0.94811,0.81084,0.71829,0.77198,0.97235,0.8278,0.8714,0.60501,0.78492,0.63499,0.63743,0.72131,0.82493,0.69514,0.94556,0.59144,0.74245,0.68127,0.69163,0.87048,0.6478,0.82827,0.8836,0.78578,0.93527,0.92766,0.92426,0.72547,0.87863,0.92835,0.97473
0.96171,0.97654,0.9608,0.95179,0.90189,0.91514,0.90517,0.9064,0.96346,0.89453,0.93236,0.91529,0.90891,0.858,0.81746,1,0.95854,0.89727,0.88147,0.89032,0.85973,0.97917,0.87705,0.94035,0.83342,0.9703,0.92871,0.73845,0.95535,0.77562,0.77867,0.88067,0.97862,0.84849,0.77552,0.72252,0.90459,0.8314,0.8432,0.93592,0.79118,0.96951,0.92048,0.95593,0.77182,0.87486,0.87972,0.88413,0.9078,0.76269,0.81453
0.98077,0.94656,0.92715,0.91914,0.93585,0.94887,0.93925,0.8734,0.93278,0.92733,0.89836,0.94931,0.94227,0.82645,0.78744,0.95854,1,0.86497,0.91492,0.92387,0.82828,0.96398,0.91018,0.97298,0.80292,0.94473,0.8972,0.7663,0.97974,0.80511,0.80829,0.91401,0.95107,0.87999,0.74703,0.75007,0.93712,0.86284,0.87448,0.9026,0.82114,0.94417,0.88731,0.97749,0.74371,0.84298,0.8475,0.91694,0.87845,0.73463,0.78454
0.86646,0.90988,0.92985,0.93526,0.81161,0.82395,0.81508,0.97602,0.92107,0.80581,0.95594,0.82491,0.81858,0.94981,0.90712,0.89727,0.86497,1,0.79372,0.8012,0.95194,0.88985,0.78944,0.84812,0.92385,0.90797,0.95002,0.66482,0.86234,0.69799,0.70067,0.79271,0.9058,0.76392,0.86135,0.65014,0.81557,0.74859,0.75972,0.95341,0.71203,0.90841,0.96379,0.86319,0.85608,0.9623,0.96761,0.79688,0.94457,0.84676,0.90353
0.91273,0.86966,0.8509,0.84401,0.97003,0.95759,0.96586,0.80133,0.8571,0.96738,0.82439,0.95551,0.96148,0.7581,0.72237,0.88147,0.91492,0.79372,1,0.97529,0.75977,0.88801,0.97447,0.93205,0.73655,0.86935,0.82448,0.83347,0.91688,0.87592,0.87959,0.97726,0.87393,0.95066,0.68524,0.81689,0.95791,0.93506,0.94318,0.82838,0.89274,0.86882,0.81442,0.91535,0.68255,0.77353,0.77769,0.96732,0.80903,0.67397,0.71975
0.9219,0.87828,0.85899,0.852,0.9793,0.96826,0.97478,0.80928,0.86531,0.97225,0.8323,0.96238,0.96892,0.76514,0.7292,0.89032,0.92387,0.8012,0.97529,1,0.76696,0.89757,0.97708,0.94058,0.7434,0.87746,0.83181,0.82661,0.92636,0.86932,0.87288,0.97912,0.88231,0.94737,0.6916,0.81013,0.96661,0.92893,0.93772,0.83613,0.88645,0.87672,0.82247,0.92499,0.68873,0.78106,0.78526,0.96941,0.81631,0.68032,0.72661
0.82975,0.87158,0.8914,0.8974,0.77691,0.78888,0.78031,0.94562,0.88341,0.7716,0.91887,0.7897,0.78364,0.98326,0.94811,0.85973,0.82828,0.95194,0.75977,0.76696,1,0.85259,0.75557,0.81194,0.96367,0.87023,0.91484,0.63628,0.82554,0.66793,0.67049,0.7587,0.86752,0.73113,0.90025,0.62211,0.7808,0.71654,0.7273,0.91505,0.6814,0.87071,0.9282,0.82639,0.89356,0.96736,0.96629,0.76297,0.91793,0.88453,0.94263
0.96647,0.96998,0.95234,0.94421,0.90861,0.92241,0.91205,0.89933,0.9568,0.90128,0.92409,0.92147,0.91522,0.85068,0.81084,0.97917,0.96398,0.88985,0.88801,0.89757,0.85259,1,0.88398,0.94624,0.82645,0.96448,0.9211,0.74421,0.96105,0.78187,0.78492,0.88739,0.97224,0.85525,0.76906,0.72835,0.91117,0.83785,0.84962,0.9279,0.79755,0.96379,0.91306,0.9617,0.7654,0.86765,0.87251,0.89078,0.9012,0.75644,0.80784
0.90843,0.86533,0.84614,0.83928,0.96734,0.95492,0.96271,0.79703,0.85241,0.96471,0.81992,0.94983,0.95657,0.75374,0.71829,0.87705,0.91018,0.78944,0.97447,0.97708,0.75557,0.88398,1,0.92695,0.7323,0.8645,0.81955,0.83874,0.91279,0.88219,0.8859,0.98081,0.86925,0.9597,0.68129,0.82231,0.95593,0.9411,0.94852,0.82375,0.89956,0.86381,0.81037,0.91167,0.6785,0.7695,0.77366,0.96722,0.8044,0.67022,0.71589
0.96949,0.92847,0.90884,0.90151,0.95258,0.96498,0.95557,0.85619,0.91504,0.94341,0.88066,0.9649,0.95862,0.81014,0.77198,0.94035,0.97298,0.84812,0.93205,0.94058,0.81194,0.94624,0.92695,1,0.78717,0.92752,0.88014,0.78128,0.97221,0.82081,0.82408,0.93119,0.93292,0.8965,0.73236,0.76484,0.95227,0.87947,0.89085,0.88494,0.83705,0.92669,0.86993,0.96997,0.72924,0.82644,0.83086,0.93331,0.86234,0.72022,0.76912
0.80447,0.84481,0.86441,0.87082,0.75318,0.76451,0.75632,0.91663,0.85708,0.74806,0.8913,0.7656,0.75977,0.96724,0.97235,0.83342,0.80292,0.92385,0.73655,0.7434,0.96367,0.82645,0.7323,0.78717,1,0.84395,0.88823,0.61684,0.80025,0.64743,0.64991,0.73545,0.84103,0.70868,0.92803,0.60304,0.75696,0.69463,0.70517,0.88737,0.66047,0.84448,0.90027,0.80107,0.91964,0.94388,0.94072,0.73965,0.89423,0.91132,0.96562
0.94582,0.97382,0.96744,0.95987,0.88898,0.90196,0.89252,0.91661,0.96842,0.8821,0.94127,0.90303,0.89627,0.86847,0.8278,0.9703,0.94473,0.90797,0.86935,0.87746,0.87023,0.96448,0.8645,0.92752,0.84395,1,0.94003,0.7288,0.94222,0.76508,0.76806,0.86851,0.97683,0.83673,0.78568,0.71279,0.89261,0.82029,0.83221,0.94651,0.78035,0.97093,0.93046,0.94268,0.78223,0.88547,0.89034,0.87267,0.91777,0.77263,0.82485
0.89854,0.94044,0.959,0.96141,0.84284,0.85519,0.84626,0.95721,0.95012,0.83681,0.96846,0.85665,0.85011,0.91345,0.8714,0.92871,0.8972,0.95002,0.82448,0.83181,0.91484,0.9211,0.81955,0.88014,0.88823,0.94003,1,0.691,0.89418,0.72513,0.72791,0.82325,0.9373,0.79309,0.82774,0.6756,0.84664,0.77781,0.78917,0.97112,0.73958,0.93857,0.96297,0.89481,0.82391,0.92819,0.93321,0.82761,0.9443,0.81373,0.86795
0.7649,0.72849,0.71245,0.70687,0.81652,0.80446,0.8127,0.67109,0.71796,0.82025,0.69046,0.80261,0.80898,0.63481,0.60501,0.73845,0.7663,0.66482,0.83347,0.82661,0.63628,0.74421,0.83874,0.78128,0.61684,0.7288,0.691,1,0.76892,0.93726,0.93564,0.83562,0.73202,0.86473,0.57401,0.95119,0.81101,0.88046,0.86616,0.69379,0.92241,0.72798,0.68259,0.76798,0.57212,0.64829,0.65172,0.82891,0.67924,0.56477,0.60314
0.9792,0.94385,0.92375,0.91604,0.93803,0.95138,0.94121,0.87067,0.9298,0.92986,0.89535,0.9502,0.94421,0.82365,0.78492,0.95535,0.97974,0.86234,0.91688,0.92636,0.82554,0.96105,0.91279,0.97221,0.80025,0.94222,0.89418,0.76892,1,0.80853,0.81167,0.91763,0.95007,0.88496,0.74497,0.75291,0.94207,0.86595,0.87755,0.90061,0.82491,0.9414,0.88648,0.99139,0.74145,0.8417,0.8463,0.91981,0.87583,0.73288,0.783
0.80365,0.76518,0.74813,0.74224,0.85825,0.84558,0.8542,0.70466,0.75404,0.86213,0.72496,0.84307,0.84983,0.66632,0.63499,0.77562,0.80511,0.69799,0.87592,0.86932,0.66793,0.78187,0.88219,0.82081,0.64743,0.76508,0.72513,0.93726,0.80853,1,0.98842,0.87928,0.76911,0.91214,0.6025,0.92923,0.85291,0.92587,0.90943,0.72865,0.97686,0.76448,0.71722,0.80763,0.60016,0.68105,0.68464,0.87115,0.71267,0.59289,0.63338
0.80687,0.76819,0.75106,0.74514,0.86181,0.84906,0.85771,0.70737,0.75697,0.86567,0.72779,0.84655,0.85334,0.66889,0.63743,0.77867,0.80829,0.70067,0.87959,0.87288,0.67049,0.78492,0.8859,0.82408,0.64991,0.76806,0.72791,0.93564,0.81167,0.98842,1,0.88292,0.77211,0.91608,0.60477,0.9268,0.85611,0.92947,0.91323,0.73149,0.98223,0.7675,0.71994,0.81083,0.6024,0.6836,0.68724,0.87467,0.71542,0.59511,0.63577
0.91217,0.86893,0.8498,0.84291,0.97126,0.95832,0.96608,0.80033,0.85608,0.96838,0.82338,0.95424,0.96118,0.75695,0.72131,0.88067,0.91401,0.79271,0.97726,0.97912,0.7587,0.88739,0.98081,0.93119,0.73545,0.86851,0.82325,0.83562,0.91763,0.87928,0.88292,1,0.87338,0.95882,0.68434,0.81923,0.96154,0.93868,0.94739,0.82762,0.89682,0.86782,0.81418,0.91645,0.68153,0.77311,0.77726,0.97046,0.80793,0.67322,0.71914
0.95243,0.98122,0.9686,0.95987,0.89388,0.90712,0.89743,0.9146,0.97106,0.88702,0.93983,0.90782,0.90107,0.86567,0.82493,0.97862,0.95107,0.9058,0.87393,0.88231,0.86752,0.97224,0.86925,0.93292,0.84103,0.97683,0.9373,0.73202,0.95007,0.76911,0.77211,0.87338,1,0.84178,0.78295,0.71633,0.89789,0.82446,0.83621,0.94593,0.78463,0.97581,0.93037,0.95093,0.77906,0.88382,0.88884,0.87712,0.91559,0.77005,0.82258
0.87883,0.83723,0.81858,0.81209,0.93626,0.92356,0.93153,0.77129,0.82489,0.93848,0.79335,0.91909,0.92654,0.72935,0.69514,0.84849,0.87999,0.76392,0.95066,0.94737,0.73113,0.85525,0.9597,0.8965,0.70868,0.83673,0.79309,0.86473,0.88496,0.91214,0.91608,0.95882,0.84178,1,0.65968,0.84965,0.93058,0.9623,0.96078,0.79764,0.93118,0.83613,0.78543,0.88441,0.65685,0.74575,0.74982,0.94563,0.77899,0.64922,0.69366
0.7484,0.78624,0.80429,0.81012,0.70063,0.71122,0.70361,0.85369,0.79733,0.69606,0.8296,0.71234,0.70684,0.90278,0.94556,0.77552,0.74703,0.86135,0.68524,0.6916,0.90025,0.76906,0.68129,0.73236,0.92803,0.78568,0.82774,0.57401,0.74497,0.6025,0.60477,0.68434,0.78295,0.65968,1,0.56108,0.70466,0.64641,0.65626,0.82641,0.61469,0.78616,0.83956,0.7458,0.96686,0.88341,0.87939,0.68832,0.83622,0.97496,0.94919
0.74874,0.71279,0.69691,0.69146,0.79985,0.78796,0.79616,0.65633,0.70243,0.80385,0.67531,0.78595,0.79223,0.62063,0.59144,0.72252,0.75007,0.65014,0.81689,0.81013,0.62211,0.72835,0.82231,0.76484,0.60304,0.71279,0.6756,0.95119,0.75291,0.92923,0.9268,0.81923,0.71633,0.84965,0.56108,1,0.79454,0.86462,0.85018,0.67865,0.91145,0.71225,0.66785,0.75212,0.55901,0.63416,0.63753,0.81251,0.66421,0.55211,0.5898
0.93535,0.8929,0.8737,0.86664,0.97173,0.97018,0.97121,0.82338,0.88003,0.96355,0.84696,0.96633,0.96815,0.77903,0.74245,0.90459,0.93712,0.81557,0.95791,0.96661,0.7808,0.91117,0.95593,0.95227,0.75696,0.89261,0.84664,0.81101,0.94207,0.85291,0.85611,0.96154,0.89789,0.93058,0.70466,0.79454,1,0.9117,0.92085,0.85136,0.86983,0.89163,0.83796,0.94055,0.70164,0.79594,0.80008,0.95791,0.83057,0.69323,0.74048
0.86106,0.82026,0.8023,0.79593,0.91814,0.90495,0.91376,0.75574,0.80837,0.92045,0.77748,0.90258,0.90925,0.71486,0.68127,0.8314,0.86284,0.74859,0.93506,0.92893,0.71654,0.83785,0.9411,0.87947,0.69463,0.82029,0.77781,0.88046,0.86595,0.92587,0.92947,0.93868,0.82446,0.9623,0.64641,0.86462,0.9117,1,0.95573,0.78136,0.94207,0.81954,0.76873,0.86476,0.64394,0.73012,0.73397,0.92944,0.76401,0.63597,0.67921
0.87288,0.832,0.814,0.80757,0.92857,0.91596,0.92417,0.76691,0.82011,0.93046,0.78894,0.91372,0.92012,0.72565,0.69163,0.8432,0.87448,0.75972,0.94318,0.93772,0.7273,0.84962,0.94852,0.89085,0.70517,0.83221,0.78917,0.86616,0.87755,0.90943,0.91323,0.94739,0.83621,0.96078,0.65626,0.85018,0.92085,0.95573,1,0.7929,0.92561,0.83127,0.78002,0.87653,0.65368,0.74097,0.74492,0.9383,0.77523,0.64564,0.68949
0.90423,0.94854,0.96904,0.97187,0.84716,0.85985,0.85059,0.96239,0.95915,0.8411,0.97968,0.86094,0.85438,0.91334,0.87048,0.93592,0.9026,0.95341,0.82838,0.83613,0.91505,0.9279,0.82375,0.88494,0.88737,0.94651,0.97112,0.69379,0.90061,0.72865,0.73149,0.82762,0.94593,0.79764,0.82641,0.67865,0.85136,0.78136,0.7929,1,0.74338,0.94688,0.97724,0.90162,0.82184,0.93155,0.9372,0.83172,0.94828,0.81262,0.86802
0.81974,0.78056,0.76314,0.75713,0.87521,0.86241,0.87102,0.71885,0.76915,0.87898,0.73956,0.85957,0.86647,0.67974,0.6478,0.79118,0.82114,0.71203,0.89274,0.88645,0.6814,0.79755,0.89956,0.83705,0.66047,0.78035,0.73958,0.92241,0.82491,0.97686,0.98223,0.89682,0.78463,0.93118,0.61469,0.91145,0.86983,0.94207,0.92561,0.74338,1,0.77981,0.73185,0.82411,0.61219,0.6949,0.6986,0.8879,0.72682,0.60491,0.64629
0.94506,0.97328,0.96756,0.9601,0.88825,0.90113,0.89174,0.9169,0.96875,0.88145,0.9416,0.90244,0.89541,0.86901,0.82827,0.96951,0.94417,0.90841,0.86882,0.87672,0.87071,0.96379,0.86381,0.92669,0.84448,0.97093,0.93857,0.72798,0.9414,0.76448,0.7675,0.86782,0.97581,0.83613,0.78616,0.71225,0.89163,0.81954,0.83127,0.94688,0.77981,1,0.93115,0.94196,0.78225,0.88615,0.89096,0.87163,0.91768,0.7731,0.82542
0.88917,0.93299,0.95197,0.95651,0.83302,0.84566,0.83641,0.9718,0.94358,0.82724,0.97264,0.84614,0.83987,0.92595,0.8836,0.92048,0.88731,0.96379,0.81442,0.82247,0.9282,0.91306,0.81037,0.86993,0.90027,0.93046,0.96297,0.68259,0.88648,0.71722,0.71994,0.81418,0.93037,0.78543,0.83956,0.66785,0.83796,0.76873,0.78002,0.97724,0.73185,0.93115,1,0.88772,0.8342,0.94793,0.95395,0.81793,0.948,0.82599,0.88286
0.97866,0.9446,0.92444,0.91673,0.93655,0.95003,0.93955,0.8716,0.93046,0.92868,0.89618,0.94827,0.94262,0.82447,0.78578,0.95593,0.97749,0.86319,0.91535,0.92499,0.82639,0.9617,0.91167,0.96997,0.80107,0.94268,0.89481,0.76798,0.99139,0.80763,0.81083,0.91645,0.95093,0.88441,0.7458,0.75212,0.94055,0.86476,0.87653,0.90162,0.82411,0.94196,0.88772,1,0.74222,0.84277,0.84753,0.91834,0.87657,0.73378,0.78403
0.74503,0.78242,0.80026,0.80605,0.69774,0.70825,0.70072,0.84857,0.79334,0.6932,0.82506,0.70943,0.70397,0.89602,0.93527,0.77182,0.74371,0.85608,0.68255,0.68873,0.89356,0.7654,0.6785,0.72924,0.91964,0.78223,0.82391,0.57212,0.74145,0.60016,0.6024,0.68153,0.77906,0.65685,0.96686,0.55901,0.70164,0.64394,0.65368,0.82184,0.61219,0.78225,0.8342,0.74222,1,0.87656,0.87264,0.68564,0.8318,0.95847,0.93614
0.84463,0.88683,0.90632,0.91214,0.79111,0.80306,0.7944,0.9574,0.89839,0.78578,0.93305,0.80384,0.79783,0.96604,0.92766,0.87486,0.84298,0.9623,0.77353,0.78106,0.96736,0.86765,0.7695,0.82644,0.94388,0.88547,0.92819,0.64829,0.8417,0.68105,0.6836,0.77311,0.88382,0.74575,0.88341,0.63416,0.79594,0.73012,0.74097,0.93155,0.6949,0.88615,0.94793,0.84277,0.87656,1,0.98556,0.77699,0.92905,0.86912,0.92858
0.84933,0.89183,0.91148,0.91733,0.79538,0.80745,0.79865,0.9632,0.90344,0.79003,0.9385,0.80814,0.80213,0.96476,0.92426,0.87972,0.8475,0.96761,0.77769,0.78526,0.96629,0.87251,0.77366,0.83086,0.94072,0.89034,0.93321,0.65172,0.8463,0.68464,0.68724,0.77726,0.88884,0.74982,0.87939,0.63753,0.80008,0.73397,0.74492,0.9372,0.6986,0.89096,0.95395,0.84753,0.87264,0.98556,1,0.78116,0.93316,0.86515,0.92485
0.91492,0.87274,0.85394,0.84702,0.96704,0.95745,0.96322,0.80451,0.86018,0.96281,0.82752,0.95404,0.95905,0.7612,0.72547,0.88413,0.91694,0.79688,0.96732,0.96941,0.76297,0.89078,0.96722,0.93331,0.73965,0.87267,0.82761,0.82891,0.91981,0.87115,0.87467,0.97046,0.87712,0.94563,0.68832,0.81251,0.95791,0.92944,0.9383,0.83172,0.8879,0.87163,0.81793,0.91834,0.68564,0.77699,0.78116,1,0.81217,0.67704,0.72303
0.87997,0.91834,0.93487,0.93739,0.82682,0.83865,0.83009,0.9482,0.92784,0.82119,0.94806,0.84,0.83388,0.91728,0.87863,0.9078,0.87845,0.94457,0.80903,0.81631,0.91793,0.9012,0.8044,0.86234,0.89423,0.91777,0.9443,0.67924,0.87583,0.71267,0.71542,0.80793,0.91559,0.77899,0.83622,0.66421,0.83057,0.76401,0.77523,0.94828,0.72682,0.91768,0.948,0.87657,0.8318,0.92905,0.93316,0.81217,1,0.82241,0.87522
0.73608,0.77324,0.79079,0.79658,0.68913,0.69958,0.69206,0.83931,0.78409,0.68469,0.81569,0.70051,0.69521,0.88677,0.92835,0.76269,0.73463,0.84676,0.67397,0.68032,0.88453,0.75644,0.67022,0.72022,0.91132,0.77263,0.81373,0.56477,0.73288,0.59289,0.59511,0.67322,0.77005,0.64922,0.97496,0.55211,0.69323,0.63597,0.64564,0.81262,0.60491,0.7731,0.82599,0.73378,0.95847,0.86912,0.86515,0.67704,0.82241,1,0.93366
0.78616,0.82582,0.84438,0.85038,0.73602,0.74722,0.73913,0.89591,0.83712,0.73122,0.87075,0.74805,0.7424,0.94468,0.97473,0.81453,0.78454,0.90353,0.71975,0.72661,0.94263,0.80784,0.71589,0.76912,0.96562,0.82485,0.86795,0.60314,0.783,0.63338,0.63577,0.71914,0.82258,0.69366,0.94919,0.5898,0.74048,0.67921,0.68949,0.86802,0.64629,0.82542,0.88286,0.78403,0.93614,0.92858,0.92485,0.72303,0.87522,0.93366,1
