1,0.71715,0.63354,0.96398,0.63405,0.78682,0.72528,0.85559,0.67481,0.95068,0.9889,0.6899,0.75006,0.96077,0.88517,0.84228,0.96094,0.69677,0.63267,0.67335,0.96387,0.81691,0.70404,0.76621,0.82933,0.6345,0.63247,0.91912,0.8651,0.636,0.95805,0.63672,0.82992,0.79197,0.86945,0.76739,0.76744,0.82214,0.89345,0.85501,0.63867,0.934,0.97192,0.91069,0.98134,0.74843,0.89033,0.80738,0.86158,0.87114,0.91732,0.63495,0.80449,0.62971,0.69851,0.70002,0.82303,0.7957,0.91568,0.87741,0.79542,0.79354,0.74523,0.88658,0.59974,0.68181,0.79739,0.6968,0.96385,0.8465,0.92785,0.98477,0.68204,0.92144,0.82861,0.85634,0.97177,0.92923,0.92705,0.88286,0.63894,0.68456,0.96955,0.81464,0.92444,0.72864,0.77204,0.95035,0.96994,0.64342,0.82491,0.75448,0.92532,0.63319,0.81456,0.90031,0.88498,0.68418,0.81756,0.63561,0.86558,0.83061,0.83019,0.63773,0.79756,0.79418,0.94745,0.63302,0.63384,0.70563,0.89765,0.94637,0.61417,0.9115,0.85609,0.98827,0.90703,0.67028,0.63583,0.91638,0.9568,0.71526,0.63247,0.63411,0.90248,0.92365,0.73829,0.98187,0.86753,0.63798,0.63495,0.64086,0.92885,0.8223,0.91616,0.63258,0.96077,0.96363,0.93659,0.91477,0.97114,0.7799,0.86394
0.71715,1,0.88137,0.74233,0.88216,0.56452,0.97444,0.83686,0.93677,0.75017,0.7127,0.95632,0.95109,0.69094,0.8095,0.84864,0.74258,0.96446,0.88047,0.93566,0.69334,0.87693,0.97189,0.93062,0.86356,0.88288,0.8802,0.77756,0.82837,0.88507,0.7418,0.45681,0.86284,0.90398,0.8238,0.93109,0.93217,0.87142,0.79983,0.61384,0.8886,0.76622,0.70173,0.7853,0.70629,0.95416,0.63916,0.88607,0.8307,0.82228,0.65834,0.88364,0.89045,0.87635,0.96625,0.96748,0.86988,0.89924,0.78127,0.81614,0.89976,0.90133,0.95783,0.80797,0.83527,0.94624,0.89827,0.96476,0.74161,0.84519,0.7714,0.72317,0.94697,0.77675,0.86467,0.81032,0.72034,0.76143,0.66553,0.80629,0.88932,0.94877,0.69881,0.8761,0.77064,0.97534,0.92666,0.68281,0.69725,0.89601,0.59202,0.94719,0.66425,0.88084,0.8792,0.64682,0.63923,0.94712,0.87528,0.88451,0.82716,0.59595,0.86196,0.88607,0.89806,0.90134,0.68095,0.88024,0.88242,0.97242,0.7946,0.75727,0.8545,0.78403,0.83553,0.72301,0.65114,0.93077,0.88429,0.77867,0.74884,0.91969,0.88005,0.88296,0.79154,0.66428,0.96776,0.70603,0.81874,0.88769,0.88254,0.88923,0.77074,0.86964,0.6679,0.88006,0.74529,0.74293,0.76521,0.65901,0.7359,0.91739,0.82692
0.63354,0.88137,1,0.65593,0.9814,0.49864,0.87159,0.73951,0.93609,0.66249,0.62958,0.91732,0.84272,0.61029,0.71521,0.75,0.6559,0.90814,0.98348,0.93777,0.61252,0.77524,0.89842,0.82404,0.76311,0.98361,0.98613,0.68678,0.73186,0.98521,0.65518,0.40353,0.76298,0.79923,0.72823,0.82487,0.82472,0.7702,0.70643,0.54215,0.98475,0.67693,0.61988,0.69357,0.62395,0.84597,0.5646,0.78364,0.73385,0.72663,0.58156,0.97994,0.78681,0.98348,0.90584,0.90382,0.76927,0.79499,0.68997,0.72115,0.79527,0.79762,0.84931,0.71393,0.94348,0.92777,0.7941,0.90845,0.65509,0.74699,0.68151,0.63908,0.92754,0.6861,0.76438,0.71952,0.63636,0.67287,0.58791,0.71275,0.97924,0.91999,0.61735,0.7747,0.681,0.86882,0.81993,0.60313,0.61587,0.97761,0.52286,0.8387,0.58696,0.98616,0.77732,0.57122,0.56486,0.91887,0.77354,0.97673,0.73111,0.52646,0.76227,0.97095,0.79382,0.79682,0.60152,0.98035,0.9829,0.89643,0.70241,0.66901,0.96248,0.69231,0.73817,0.63876,0.57506,0.94359,0.97444,0.6878,0.66155,0.85547,0.98416,0.98323,0.69919,0.58667,0.85677,0.62361,0.72378,0.98581,0.97181,0.95944,0.68115,0.76964,0.59027,0.98121,0.65851,0.65619,0.67611,0.58212,0.65036,0.81154,0.73065
0.96398,0.74233,0.65593,1,0.65645,0.76002,0.75084,0.88555,0.69863,0.9721,0.95871,0.71431,0.77634,0.929,0.91615,0.87138,0.98025,0.72142,0.65501,0.69707,0.93248,0.84577,0.7289,0.7928,0.85823,0.65693,0.65483,0.94794,0.89544,0.65848,0.97224,0.61506,0.85923,0.81983,0.90026,0.79451,0.79448,0.85111,0.92279,0.8259,0.66127,0.965,0.94222,0.94058,0.95009,0.77487,0.86012,0.83586,0.89147,0.90165,0.88622,0.65733,0.83273,0.65193,0.72321,0.72478,0.85213,0.82361,0.94548,0.90792,0.82323,0.82153,0.77152,0.91768,0.62087,0.70593,0.82545,0.72145,0.9839,0.87615,0.95945,0.9728,0.70612,0.95147,0.85791,0.88151,0.95893,0.95248,0.89555,0.91174,0.66142,0.70857,0.93883,0.84274,0.9528,0.75438,0.79924,0.91857,0.93747,0.66607,0.79668,0.78102,0.89449,0.65561,0.84332,0.8695,0.85622,0.70802,0.84606,0.65797,0.89608,0.80241,0.85963,0.66015,0.8256,0.82204,0.91563,0.65538,0.65618,0.73056,0.92748,0.97847,0.63586,0.94018,0.88548,0.97284,0.87593,0.69399,0.65817,0.94468,0.98663,0.73948,0.65481,0.65647,0.93194,0.89248,0.76414,0.94942,0.89579,0.66056,0.65734,0.66328,0.9615,0.85157,0.88939,0.65492,0.98954,0.98552,0.96935,0.88446,0.98781,0.80724,0.8933
0.63405,0.88216,0.9814,0.65645,1,0.49907,0.87243,0.74013,0.93639,0.66305,0.6301,0.91776,0.8434,0.61082,0.71579,0.75067,0.6565,0.90863,0.9832,0.93853,0.61303,0.77582,0.89906,0.82463,0.76368,0.98215,0.98504,0.68731,0.73247,0.98434,0.65574,0.40387,0.76351,0.79988,0.72879,0.82534,0.8254,0.77083,0.70701,0.54263,0.98262,0.67749,0.6204,0.69418,0.62445,0.84653,0.56505,0.7843,0.7345,0.72722,0.58204,0.97994,0.78752,0.98078,0.90632,0.90442,0.76984,0.79565,0.69059,0.72172,0.796,0.7982,0.84993,0.71454,0.94264,0.92804,0.79472,0.9088,0.65563,0.74769,0.68213,0.63956,0.92794,0.68664,0.76495,0.72016,0.63689,0.67343,0.58837,0.71329,0.97782,0.92092,0.61784,0.77534,0.68156,0.86942,0.8205,0.60364,0.61636,0.97756,0.5233,0.83938,0.58743,0.9839,0.77792,0.57169,0.5653,0.91941,0.77416,0.97567,0.73172,0.5269,0.76294,0.9701,0.79443,0.79739,0.60202,0.97794,0.98166,0.8971,0.70294,0.66955,0.96098,0.69288,0.73881,0.63928,0.57553,0.94348,0.97335,0.68834,0.66207,0.85595,0.98234,0.98307,0.69975,0.58713,0.85742,0.62412,0.72432,0.98359,0.97012,0.95922,0.68172,0.77022,0.59078,0.98043,0.65902,0.65672,0.67664,0.58261,0.65088,0.81203,0.73125
0.78682,0.56452,0.49864,0.76002,0.49907,1,0.57097,0.67374,0.53116,0.75138,0.79184,0.54301,0.5905,0.81648,0.69691,0.66353,0.75943,0.54844,0.49796,0.53,0.81356,0.64303,0.55417,0.60334,0.65289,0.49941,0.49779,0.72487,0.68105,0.50058,0.75946,0.80884,0.6533,0.62343,0.68453,0.60409,0.6041,0.64716,0.70443,0.91792,0.50269,0.73613,0.80354,0.71793,0.79889,0.58909,0.88234,0.63571,0.67865,0.6859,0.85715,0.49976,0.63329,0.49562,0.54981,0.55101,0.64791,0.62646,0.72174,0.69094,0.62621,0.6247,0.58661,0.69813,0.47204,0.53666,0.62764,0.54844,0.76071,0.66674,0.73119,0.78003,0.53681,0.72604,0.65222,0.68199,0.78158,0.73772,0.84766,0.69705,0.50288,0.53894,0.80693,0.6418,0.73048,0.57352,0.60772,0.82632,0.80922,0.5064,0.95126,0.5939,0.84914,0.49838,0.6412,0.8713,0.87361,0.53865,0.64376,0.50031,0.68161,0.94617,0.65369,0.50203,0.62779,0.62519,0.82827,0.49826,0.49887,0.55543,0.70826,0.74521,0.48344,0.71885,0.67439,0.78054,0.86642,0.52757,0.50048,0.72331,0.75358,0.5654,0.49781,0.49909,0.71176,0.84833,0.58113,0.79936,0.68538,0.50214,0.49987,0.5046,0.73178,0.64747,0.8348,0.49791,0.75704,0.75956,0.73743,0.85338,0.76648,0.61389,0.68097
0.72528,0.97444,0.87159,0.75084,0.87243,0.57097,1,0.84638,0.92701,0.75838,0.72082,0.94702,0.95883,0.69878,0.81869,0.85804,0.75096,0.95518,0.87081,0.92525,0.70121,0.88683,0.96348,0.93783,0.87294,0.87328,0.8706,0.78595,0.83773,0.87542,0.74991,0.46207,0.8727,0.91386,0.83333,0.94087,0.94209,0.88133,0.80833,0.6208,0.8787,0.77487,0.70967,0.7939,0.71427,0.96379,0.64639,0.89622,0.83993,0.83154,0.66583,0.87358,0.90024,0.86641,0.95713,0.95985,0.87993,0.90878,0.78976,0.82524,0.90913,0.91138,0.96687,0.81724,0.82568,0.93611,0.908,0.9555,0.74996,0.85607,0.78017,0.7315,0.93707,0.7853,0.87453,0.81883,0.72841,0.76971,0.67304,0.81492,0.87894,0.93756,0.7067,0.88504,0.7793,0.9809,0.93673,0.69059,0.70508,0.88548,0.59868,0.95634,0.67195,0.87136,0.88924,0.654,0.64638,0.93516,0.8846,0.87417,0.8367,0.60281,0.87224,0.87583,0.9077,0.91054,0.68868,0.8704,0.87226,0.96558,0.8035,0.76587,0.84505,0.7923,0.84444,0.73128,0.65843,0.92099,0.87411,0.78699,0.75728,0.91871,0.87014,0.87297,0.80005,0.67167,0.97222,0.71397,0.82719,0.87792,0.87257,0.87904,0.77974,0.88008,0.67529,0.87033,0.75375,0.75121,0.77395,0.66642,0.74446,0.92631,0.83586
0.85559,0.83686,0.73951,0.88555,0.74013,0.67374,0.84638,1,0.78767,0.8934,0.85039,0.80517,0.87479,0.82438,0.96318,0.97017,0.88547,0.81315,0.73859,0.78589,0.82726,0.95162,0.82163,0.89233,0.96314,0.74073,0.73835,0.92493,0.98091,0.74249,0.88341,0.54525,0.96446,0.9235,0.97686,0.89479,0.89529,0.95756,0.94834,0.73245,0.74553,0.91316,0.83699,0.93388,0.84259,0.87321,0.76266,0.9402,0.97841,0.97435,0.78563,0.74121,0.93791,0.73504,0.81514,0.81703,0.95766,0.92722,0.92968,0.96822,0.92654,0.92456,0.86949,0.96144,0.70019,0.79574,0.9297,0.81319,0.88424,0.97676,0.91944,0.86275,0.79608,0.92495,0.96439,0.92448,0.85838,0.90384,0.79403,0.94956,0.7458,0.79882,0.83347,0.94436,0.91643,0.85035,0.90053,0.81478,0.83177,0.75114,0.70639,0.8801,0.79274,0.73915,0.949,0.77149,0.76163,0.79797,0.95063,0.7419,0.97784,0.71128,0.96531,0.7441,0.92967,0.92524,0.81242,0.73876,0.73992,0.82352,0.94231,0.90325,0.71695,0.93164,0.97505,0.86268,0.77685,0.78227,0.74202,0.92502,0.89311,0.8278,0.73822,0.74034,0.94002,0.7922,0.86136,0.84231,0.95435,0.74475,0.741,0.74763,0.91915,0.95596,0.79448,0.73841,0.88887,0.88595,0.91266,0.78579,0.87797,0.90877,0.96941
0.67481,0.93677,0.93609,0.69863,0.93639,0.53116,0.92701,0.78767,1,0.70563,0.67062,0.97247,0.89665,0.65008,0.76179,0.7987,0.69866,0.96394,0.93505,0.97873,0.65245,0.82555,0.95465,0.87653,0.81257,0.93751,0.93511,0.7314,0.77949,0.94005,0.69781,0.42986,0.81248,0.85109,0.77557,0.87798,0.87808,0.82025,0.75228,0.57751,0.94377,0.72103,0.66024,0.73865,0.66462,0.90046,0.6014,0.83443,0.78167,0.77386,0.61948,0.93788,0.83793,0.93066,0.96174,0.95976,0.81923,0.84635,0.73488,0.76804,0.84673,0.84916,0.904,0.76041,0.88701,0.97961,0.84563,0.96436,0.69772,0.79557,0.72592,0.68067,0.98029,0.73079,0.81404,0.76463,0.67782,0.71656,0.6262,0.75889,0.943,0.96712,0.65755,0.8246,0.72529,0.92441,0.87291,0.64247,0.656,0.95016,0.55695,0.89267,0.6252,0.93593,0.82779,0.60843,0.60155,0.96354,0.82366,0.93733,0.7786,0.5608,0.81185,0.93821,0.84534,0.84838,0.64073,0.93428,0.93654,0.95235,0.74797,0.71259,0.90731,0.7373,0.78604,0.68038,0.61255,0.98063,0.93692,0.73245,0.70463,0.89686,0.93428,0.93714,0.74465,0.6249,0.91142,0.66425,0.77051,0.94283,0.93471,0.9379,0.72552,0.81954,0.62855,0.9343,0.70137,0.69892,0.72013,0.62002,0.69271,0.86387,0.77803
0.95068,0.75017,0.66249,0.9721,0.66305,0.75138,0.75838,0.8934,0.70563,1,0.94539,0.72125,0.7845,0.91783,0.92361,0.88045,0.97347,0.72844,0.66162,0.70432,0.92013,0.85352,0.73616,0.80175,0.86708,0.66353,0.66137,0.95978,0.90348,0.66508,0.97407,0.60811,0.86668,0.82789,0.90681,0.80197,0.80239,0.85899,0.93411,0.81674,0.66784,0.96823,0.9308,0.95037,0.93723,0.78235,0.85012,0.84347,0.90015,0.90952,0.87539,0.66417,0.84113,0.65859,0.73027,0.73185,0.85944,0.83189,0.95618,0.91611,0.83186,0.82914,0.77911,0.92463,0.6274,0.71283,0.83355,0.7285,0.97595,0.88415,0.96287,0.95453,0.71319,0.96136,0.86552,0.88851,0.95051,0.95875,0.88512,0.9207,0.6684,0.71621,0.92753,0.85195,0.9578,0.76175,0.80719,0.90734,0.92679,0.67312,0.78816,0.78895,0.88213,0.66205,0.85105,0.86088,0.84767,0.71605,0.85487,0.66493,0.90321,0.79287,0.86648,0.66707,0.83381,0.83033,0.90517,0.66196,0.66302,0.73769,0.93463,0.97689,0.64232,0.95349,0.89491,0.95707,0.86668,0.70077,0.66517,0.95597,0.97966,0.747,0.66142,0.66329,0.94219,0.88339,0.77248,0.9382,0.90555,0.6671,0.66414,0.67042,0.96123,0.85796,0.88174,0.66154,0.97583,0.98007,0.97012,0.87533,0.96557,0.81555,0.90303
0.9889,0.7127,0.62958,0.95871,0.6301,0.79184,0.72082,0.85039,0.67062,0.94539,1,0.68561,0.74543,0.96694,0.87977,0.83718,0.95621,0.69243,0.62873,0.66916,0.97001,0.81187,0.69967,0.76142,0.82416,0.63056,0.62853,0.91351,0.85981,0.63205,0.95341,0.64077,0.82477,0.78709,0.86415,0.76264,0.7627,0.81708,0.88803,0.86051,0.6347,0.92852,0.97706,0.90523,0.98689,0.74378,0.89604,0.80244,0.8564,0.86582,0.92327,0.631,0.79954,0.62577,0.69416,0.69568,0.81796,0.79077,0.91015,0.87203,0.79049,0.78862,0.74062,0.88121,0.596,0.67757,0.79244,0.69247,0.95877,0.84143,0.92252,0.98145,0.67779,0.91579,0.8235,0.85177,0.97066,0.9245,0.9329,0.87747,0.63494,0.68032,0.97467,0.80964,0.9193,0.72412,0.76728,0.95673,0.97561,0.63941,0.83014,0.74979,0.93136,0.62925,0.80955,0.90588,0.89013,0.67989,0.81253,0.63164,0.86034,0.83594,0.82517,0.63374,0.79261,0.78924,0.9535,0.62905,0.62989,0.70125,0.89229,0.94076,0.61035,0.90593,0.8508,0.98453,0.91279,0.6661,0.63184,0.91087,0.95109,0.71098,0.62852,0.63017,0.89703,0.92931,0.73369,0.98771,0.86245,0.63401,0.63101,0.63686,0.92342,0.81728,0.92066,0.62865,0.95514,0.95806,0.93097,0.92035,0.96624,0.77499,0.85873
0.6899,0.95632,0.91732,0.71431,0.91776,0.54301,0.94702,0.80517,0.97247,0.72125,0.68561,1,0.91623,0.66457,0.77884,0.81645,0.71419,0.98434,0.91611,0.97049,0.667,0.84422,0.97518,0.89555,0.83078,0.91877,0.91624,0.7476,0.79696,0.92123,0.71325,0.43944,0.83088,0.87006,0.79306,0.89797,0.89776,0.83873,0.76895,0.59036,0.92516,0.73711,0.67498,0.75509,0.67945,0.92108,0.61479,0.85323,0.79894,0.79123,0.6333,0.91875,0.85663,0.91185,0.98166,0.98085,0.83775,0.86526,0.75122,0.78524,0.8656,0.86848,0.92434,0.77747,0.86835,0.98303,0.86461,0.98648,0.71331,0.81327,0.74215,0.69597,0.98362,0.74698,0.83244,0.7812,0.69281,0.73227,0.64019,0.77561,0.92421,0.97092,0.67224,0.8428,0.74139,0.94555,0.89255,0.65679,0.67063,0.93094,0.56935,0.91276,0.63922,0.91738,0.84649,0.62196,0.61486,0.96567,0.8419,0.91866,0.79622,0.57332,0.83015,0.9205,0.86429,0.86737,0.65499,0.91603,0.91737,0.97368,0.76462,0.72854,0.88883,0.75355,0.80351,0.69562,0.62618,0.96954,0.91853,0.74864,0.7204,0.90831,0.91593,0.91789,0.76109,0.63877,0.93132,0.67907,0.7873,0.92423,0.91655,0.92086,0.74181,0.83822,0.64239,0.91558,0.71711,0.71451,0.73629,0.63378,0.70828,0.88328,0.79518
0.75006,0.95109,0.84272,0.77634,0.8434,0.5905,0.95883,0.87479,0.89665,0.7845,0.74543,0.91623,1,0.72266,0.84643,0.88666,0.77663,0.92488,0.84178,0.89527,0.72517,0.91624,0.93422,0.96504,0.90266,0.84411,0.84147,0.81317,0.86607,0.84613,0.77575,0.47786,0.90174,0.94378,0.86125,0.96718,0.96976,0.91055,0.83622,0.64207,0.84959,0.80132,0.73395,0.8211,0.73872,0.97761,0.66856,0.92496,0.86856,0.85965,0.68861,0.84485,0.93016,0.83782,0.92705,0.92911,0.90878,0.93866,0.81697,0.85335,0.93909,0.94041,0.97736,0.84483,0.79838,0.90582,0.93821,0.92522,0.77561,0.88336,0.80668,0.75632,0.90644,0.81232,0.90365,0.84441,0.7533,0.79581,0.69612,0.84245,0.8502,0.90902,0.73092,0.91459,0.80566,0.96405,0.96481,0.71418,0.72927,0.85646,0.61926,0.97752,0.69476,0.84218,0.91848,0.67657,0.66855,0.90843,0.91466,0.84568,0.86467,0.62337,0.90051,0.84757,0.93775,0.94037,0.71229,0.84166,0.84351,0.93585,0.83062,0.79199,0.81706,0.81985,0.8733,0.75619,0.68109,0.89074,0.84578,0.81417,0.78319,0.9124,0.84137,0.84405,0.82752,0.69477,0.97584,0.73847,0.85499,0.84866,0.84409,0.85141,0.80595,0.90818,0.69833,0.84147,0.77946,0.77703,0.80026,0.68929,0.76961,0.95637,0.8644
0.96077,0.69094,0.61029,0.929,0.61082,0.81648,0.69878,0.82438,0.65008,0.91783,0.96694,0.66457,0.72266,1,0.85269,0.81164,0.92818,0.6712,0.60949,0.64869,0.98212,0.7869,0.67824,0.73823,0.7989,0.61126,0.60928,0.88617,0.83341,0.61269,0.92649,0.66079,0.79937,0.76299,0.83747,0.73918,0.73935,0.79198,0.86131,0.88712,0.61524,0.9002,0.975,0.87793,0.97356,0.72096,0.92324,0.77786,0.83027,0.83917,0.95074,0.6117,0.77506,0.60661,0.67288,0.67436,0.79277,0.76664,0.88261,0.84531,0.76636,0.76438,0.71794,0.85414,0.57779,0.65678,0.76813,0.67121,0.92983,0.81572,0.89421,0.95199,0.65701,0.88792,0.79813,0.82796,0.95029,0.89905,0.95986,0.85137,0.61554,0.65957,0.97697,0.78509,0.89192,0.70192,0.74376,0.98146,0.98221,0.61986,0.85595,0.72684,0.95778,0.60996,0.78468,0.9332,0.91472,0.65916,0.78771,0.61235,0.83387,0.86174,0.7998,0.61436,0.76831,0.76505,0.97764,0.60978,0.61062,0.67976,0.8654,0.91152,0.59168,0.87887,0.825,0.9538,0.94052,0.64566,0.61251,0.8838,0.92157,0.68986,0.60927,0.61091,0.87009,0.95589,0.71129,0.97532,0.83679,0.61459,0.61173,0.61748,0.8949,0.79206,0.93842,0.60941,0.92548,0.92882,0.90203,0.94594,0.93631,0.75123,0.83262
0.88517,0.8095,0.71521,0.91615,0.71579,0.69691,0.81869,0.96318,0.76179,0.92361,0.87977,0.77884,0.84643,0.85269,1,0.94734,0.91568,0.78656,0.71429,0.76015,0.85569,0.92194,0.79477,0.86398,0.93504,0.71636,0.71408,0.95467,0.9746,0.71807,0.91307,0.56396,0.93602,0.89374,0.97811,0.86601,0.86622,0.92783,0.97222,0.7576,0.72104,0.94443,0.86578,0.9637,0.8717,0.84481,0.78886,0.91089,0.96845,0.97858,0.81269,0.71683,0.90801,0.7109,0.7885,0.79027,0.92844,0.89769,0.96015,0.98181,0.89728,0.89526,0.84119,0.98745,0.67711,0.76969,0.89997,0.7866,0.91481,0.95312,0.95079,0.89262,0.76997,0.95573,0.9351,0.92622,0.8873,0.93107,0.82145,0.96456,0.72128,0.77264,0.86215,0.91682,0.94563,0.82258,0.87147,0.84283,0.86043,0.72642,0.7307,0.85155,0.8201,0.71487,0.91926,0.79808,0.78732,0.77198,0.92171,0.71751,0.97391,0.73576,0.93649,0.71971,0.90011,0.89595,0.84037,0.71454,0.71559,0.79659,0.96687,0.93464,0.69334,0.96033,0.96116,0.89256,0.80361,0.75667,0.71766,0.95377,0.92412,0.80283,0.71403,0.71595,0.96558,0.81943,0.83331,0.87144,0.95786,0.72029,0.71665,0.72309,0.95065,0.92736,0.82089,0.71415,0.9198,0.91657,0.94437,0.81258,0.90835,0.87986,0.96566
0.84228,0.84864,0.75,0.87138,0.75067,0.66353,0.85804,0.97017,0.7987,0.88045,0.83718,0.81645,0.88666,0.81164,0.94734,1,0.87161,0.82445,0.74916,0.79712,0.81446,0.96058,0.83312,0.90455,0.9706,0.75127,0.74887,0.91155,0.96614,0.75307,0.87032,0.53703,0.96937,0.93452,0.96029,0.90624,0.90703,0.96533,0.93564,0.72137,0.75615,0.89875,0.82403,0.92034,0.8296,0.8849,0.75103,0.9493,0.96591,0.95978,0.77357,0.75191,0.94863,0.74562,0.8264,0.82831,0.96431,0.93815,0.91634,0.95382,0.93832,0.93536,0.8813,0.94544,0.71036,0.80688,0.94067,0.82455,0.8707,0.97226,0.90474,0.84911,0.80733,0.91114,0.97033,0.91869,0.84523,0.89068,0.78199,0.93767,0.75662,0.81025,0.82082,0.95475,0.90243,0.86195,0.91217,0.80222,0.81914,0.76203,0.69581,0.89215,0.78041,0.74964,0.95798,0.76003,0.75021,0.80973,0.96017,0.75265,0.96323,0.70042,0.96812,0.7548,0.94094,0.93664,0.80003,0.74938,0.75063,0.83493,0.92846,0.88895,0.72723,0.91868,0.96818,0.84915,0.76519,0.79329,0.75284,0.91205,0.8792,0.83807,0.74885,0.75098,0.92607,0.78039,0.87364,0.82944,0.94588,0.75532,0.75167,0.75839,0.90386,0.96131,0.78288,0.74899,0.87495,0.87239,0.898,0.77395,0.86386,0.92093,0.9605
0.96094,0.74258,0.6559,0.98025,0.6565,0.75943,0.75096,0.88547,0.69866,0.97347,0.95621,0.71419,0.77663,0.92818,0.91568,0.87161,1,0.7213,0.65511,0.69719,0.93083,0.84544,0.72889,0.79309,0.85817,0.65699,0.65487,0.94859,0.89521,0.65854,0.97296,0.61464,0.85858,0.81992,0.8992,0.79421,0.79452,0.85095,0.9236,0.82552,0.66123,0.96323,0.94118,0.94119,0.94737,0.77472,0.85918,0.83569,0.89215,0.90105,0.88503,0.6575,0.83295,0.65196,0.72312,0.72475,0.85158,0.82378,0.94587,0.90738,0.82346,0.82115,0.77151,0.91711,0.62107,0.70582,0.82536,0.72131,0.98052,0.87605,0.95789,0.96602,0.70612,0.95118,0.85741,0.88128,0.95891,0.95345,0.89421,0.91165,0.66156,0.70889,0.9368,0.8431,0.95227,0.75439,0.79925,0.91766,0.93591,0.66628,0.7962,0.78105,0.89251,0.65556,0.84304,0.86904,0.85568,0.70839,0.84634,0.65815,0.8954,0.8016,0.85925,0.66018,0.82555,0.82191,0.91467,0.6553,0.65632,0.73053,0.92678,0.97445,0.63591,0.94155,0.88574,0.96823,0.87536,0.69385,0.6583,0.94509,0.97982,0.73985,0.6548,0.65668,0.93226,0.89207,0.76444,0.94775,0.89653,0.66054,0.65744,0.66365,0.95837,0.85067,0.88853,0.65498,0.97948,0.9822,0.96567,0.88429,0.97694,0.80703,0.89385
0.69677,0.96446,0.90814,0.72142,0.90863,0.54844,0.95518,0.81315,0.96394,0.72844,0.69243,0.98434,0.92488,0.6712,0.78656,0.82445,0.7213,1,0.90685,0.9617,0.67365,0.85255,0.98086,0.90426,0.83899,0.90946,0.90689,0.75508,0.80487,0.91179,0.72039,0.44382,0.83907,0.87865,0.80088,0.90674,0.90646,0.84697,0.77658,0.59626,0.91587,0.74448,0.6817,0.76262,0.68625,0.92989,0.62096,0.86151,0.80685,0.79909,0.63963,0.90952,0.86505,0.90264,0.98537,0.98407,0.84595,0.87382,0.75868,0.79301,0.87413,0.87692,0.93325,0.78516,0.85971,0.97489,0.87321,0.9885,0.72042,0.82133,0.74951,0.70288,0.97472,0.75445,0.84064,0.78869,0.69968,0.7395,0.64658,0.7833,0.91515,0.96735,0.67895,0.85106,0.74875,0.95431,0.90113,0.66334,0.67733,0.9218,0.57505,0.92157,0.64557,0.90795,0.85475,0.6282,0.62096,0.96306,0.85023,0.90987,0.80398,0.57903,0.83821,0.91148,0.87286,0.87594,0.66154,0.90692,0.90825,0.97913,0.77219,0.73579,0.87996,0.76113,0.81148,0.70254,0.63245,0.96005,0.90983,0.75618,0.72758,0.91257,0.90669,0.90872,0.76872,0.64517,0.9403,0.68585,0.79507,0.91486,0.90784,0.91274,0.74913,0.84635,0.64878,0.90631,0.72425,0.72165,0.74361,0.64012,0.71529,0.89208,0.80313
0.63267,0.88047,0.98348,0.65501,0.9832,0.49796,0.87081,0.73859,0.93505,0.66162,0.62873,0.91611,0.84178,0.60949,0.71429,0.74916,0.65511,0.90685,1,0.937,0.61168,0.77419,0.89729,0.82281,0.76207,0.98675,0.98991,0.68581,0.73093,0.98839,0.65428,0.40297,0.76188,0.79823,0.72723,0.82361,0.82375,0.76926,0.70547,0.54143,0.98348,0.67601,0.61904,0.69269,0.62305,0.8448,0.56379,0.78272,0.73305,0.72564,0.58074,0.98213,0.78591,0.98394,0.90442,0.9029,0.76825,0.79406,0.6891,0.72017,0.79431,0.7965,0.84822,0.71303,0.94565,0.92637,0.79304,0.90711,0.65418,0.74612,0.68067,0.63815,0.92651,0.68514,0.76334,0.71868,0.63553,0.672,0.58705,0.71173,0.97951,0.91946,0.61647,0.77372,0.68012,0.86782,0.81888,0.60234,0.615,0.97816,0.52213,0.83768,0.58614,0.98762,0.77633,0.57042,0.56403,0.91755,0.77252,0.97749,0.73021,0.52574,0.76142,0.96889,0.79276,0.79567,0.60067,0.97891,0.98456,0.89558,0.70142,0.6681,0.96392,0.69134,0.73724,0.63788,0.57425,0.94198,0.97434,0.68681,0.66061,0.8545,0.98405,0.98751,0.69822,0.58585,0.85569,0.62274,0.72293,0.98541,0.97109,0.96015,0.68027,0.76863,0.58945,0.98294,0.65756,0.65527,0.67517,0.58132,0.64947,0.81019,0.72964
0.67335,0.93566,0.93777,0.69707,0.93853,0.53,0.92525,0.78589,0.97873,0.70432,0.66916,0.97049,0.89527,0.64869,0.76015,0.79712,0.69719,0.9617,0.937,1,0.65096,0.82374,0.95318,0.87548,0.81104,0.93962,0.93697,0.73006,0.77786,0.94196,0.69645,0.42888,0.81067,0.84931,0.77379,0.87596,0.87629,0.8185,0.751,0.57628,0.94557,0.71946,0.65886,0.73727,0.66315,0.89855,0.60007,0.83255,0.78005,0.77223,0.61809,0.94063,0.83631,0.93298,0.95941,0.9578,0.81733,0.84487,0.73349,0.76646,0.84525,0.84729,0.90209,0.75876,0.88935,0.97713,0.84387,0.96237,0.6963,0.79387,0.72432,0.6791,0.97901,0.72927,0.81225,0.76337,0.67636,0.71511,0.62487,0.75736,0.94595,0.96904,0.65613,0.82325,0.72381,0.92241,0.87123,0.64107,0.65461,0.95343,0.55579,0.89099,0.62375,0.93764,0.82603,0.60722,0.60029,0.96642,0.82215,0.94021,0.77694,0.55953,0.8099,0.94064,0.84363,0.84666,0.63937,0.93635,0.93934,0.95066,0.74639,0.71105,0.90936,0.73604,0.78458,0.67888,0.61129,0.98022,0.93969,0.73113,0.70314,0.89643,0.93666,0.93968,0.7432,0.62361,0.91048,0.66286,0.76914,0.94484,0.93708,0.94043,0.72383,0.81747,0.62734,0.93622,0.69985,0.6975,0.71855,0.61875,0.6911,0.86231,0.77653
0.96387,0.69334,0.61252,0.93248,0.61303,0.81356,0.70121,0.82726,0.65245,0.92013,0.97001,0.667,0.72517,0.98212,0.85569,0.81446,0.93083,0.67365,0.61168,0.65096,1,0.78975,0.68066,0.74072,0.80168,0.61346,0.61148,0.88883,0.83631,0.6149,0.92921,0.65845,0.80232,0.76568,0.84058,0.74193,0.74196,0.79481,0.864,0.88376,0.6175,0.90317,0.97592,0.88068,0.97692,0.72356,0.92011,0.78062,0.83321,0.8422,0.94774,0.61388,0.77776,0.6088,0.67534,0.67681,0.79568,0.76929,0.88533,0.84822,0.76898,0.76719,0.72051,0.85712,0.57983,0.65919,0.77088,0.67367,0.93256,0.81848,0.89731,0.956,0.65939,0.89075,0.80104,0.83067,0.95176,0.90112,0.9566,0.85427,0.6177,0.66187,0.97853,0.78769,0.89491,0.70445,0.74638,0.978,0.98271,0.62205,0.85268,0.7294,0.95544,0.61219,0.78747,0.92937,0.91195,0.66143,0.79043,0.61451,0.83684,0.85875,0.80272,0.61656,0.77103,0.76777,0.97439,0.61201,0.6128,0.68221,0.86835,0.91475,0.59381,0.88139,0.8277,0.95724,0.93672,0.64804,0.61471,0.8864,0.9248,0.69223,0.61149,0.61307,0.8728,0.95212,0.71374,0.97736,0.83936,0.61683,0.61392,0.61963,0.89818,0.79508,0.93573,0.61161,0.92887,0.93173,0.90531,0.94231,0.94005,0.75392,0.83547
0.81691,0.87693,0.77524,0.84577,0.77582,0.64303,0.88683,0.95162,0.82555,0.85352,0.81187,0.84422,0.91624,0.7869,0.92194,0.96058,0.84544,0.85255,0.77419,0.82374,0.78975,1,0.86129,0.93346,0.97818,0.77644,0.774,0.88435,0.94319,0.77831,0.84394,0.52035,0.98086,0.96671,0.93859,0.93813,0.9382,0.9884,0.90881,0.69906,0.78159,0.87258,0.79912,0.89326,0.80454,0.91557,0.72798,0.98089,0.94389,0.93622,0.74994,0.77686,0.98039,0.77055,0.8546,0.85652,0.98662,0.96877,0.88884,0.92889,0.96865,0.96843,0.91152,0.92023,0.73385,0.83426,0.97385,0.85266,0.84454,0.95953,0.87853,0.82402,0.83451,0.88399,0.98446,0.90502,0.81975,0.86476,0.75806,0.9144,0.78172,0.83695,0.79586,0.97069,0.87652,0.8915,0.94389,0.77772,0.79409,0.78729,0.67422,0.9225,0.75686,0.77489,0.98959,0.73647,0.72731,0.83593,0.98005,0.77757,0.94198,0.67889,0.97859,0.7799,0.97365,0.96811,0.77555,0.77448,0.77557,0.86327,0.90322,0.8627,0.75142,0.89113,0.948,0.82372,0.74151,0.82019,0.77772,0.88508,0.85306,0.8621,0.77397,0.77594,0.89956,0.7563,0.90265,0.80415,0.92476,0.78077,0.77653,0.7832,0.87818,0.9845,0.75917,0.77401,0.84913,0.84607,0.87186,0.75014,0.83858,0.95237,0.93772
0.70404,0.97189,0.89842,0.7289,0.89906,0.55417,0.96348,0.82163,0.95465,0.73616,0.69967,0.97518,0.93422,0.67824,0.79477,0.83312,0.72889,0.98086,0.89729,0.95318,0.68066,0.86129,1,0.91359,0.84773,0.89985,0.89726,0.76305,0.81328,0.90215,0.72801,0.44846,0.84766,0.88771,0.80912,0.91563,0.91574,0.85573,0.78474,0.60251,0.90595,0.75221,0.68888,0.77067,0.6934,0.93905,0.62743,0.8703,0.81535,0.80737,0.64629,0.90065,0.87417,0.89327,0.98104,0.98226,0.85462,0.88279,0.76672,0.80131,0.88331,0.88561,0.94259,0.79335,0.85079,0.96433,0.88219,0.98188,0.72797,0.82983,0.75733,0.71013,0.96515,0.76234,0.84931,0.79627,0.70709,0.74736,0.65335,0.79137,0.90583,0.96185,0.686,0.85996,0.75658,0.9625,0.91055,0.67029,0.68441,0.91255,0.5811,0.93062,0.65227,0.89819,0.86367,0.6348,0.6275,0.95842,0.85915,0.90069,0.81238,0.58507,0.84685,0.90229,0.88191,0.88491,0.66848,0.89718,0.89905,0.98301,0.7802,0.74347,0.87086,0.76924,0.81994,0.70986,0.6391,0.94933,0.90055,0.76415,0.7352,0.91602,0.897,0.89944,0.77677,0.65194,0.9496,0.69305,0.80344,0.90508,0.89866,0.90436,0.75689,0.85486,0.65558,0.89681,0.73179,0.72923,0.75134,0.64686,0.72269,0.90122,0.81154
0.76621,0.93062,0.82404,0.7928,0.82463,0.60334,0.93783,0.89233,0.87653,0.80175,0.76142,0.89555,0.96504,0.73823,0.86398,0.90455,0.79309,0.90426,0.82281,0.87548,0.74072,0.93346,0.91359,1,0.92112,0.82508,0.82251,0.83102,0.88386,0.82704,0.79278,0.48826,0.91928,0.95871,0.8786,0.97068,0.9724,0.92768,0.85449,0.65599,0.83068,0.81833,0.74976,0.83882,0.75469,0.96313,0.68313,0.94028,0.88594,0.87761,0.70351,0.82615,0.94701,0.81933,0.90643,0.90783,0.92557,0.95429,0.83466,0.87123,0.956,0.95487,0.96054,0.86213,0.78078,0.88554,0.95466,0.90461,0.79232,0.90068,0.82358,0.77239,0.88608,0.83003,0.92111,0.86019,0.76951,0.8128,0.71132,0.86052,0.83166,0.8895,0.74677,0.93292,0.82288,0.94231,0.97151,0.72949,0.74519,0.8376,0.63286,0.96855,0.70959,0.82322,0.93533,0.69149,0.68306,0.88993,0.93242,0.82724,0.8819,0.63682,0.91634,0.82954,0.95484,0.95729,0.72773,0.82325,0.82496,0.91463,0.8481,0.80884,0.79895,0.83815,0.8919,0.77234,0.69604,0.87094,0.82754,0.83216,0.80009,0.90237,0.82276,0.82515,0.84549,0.71,0.9578,0.75451,0.87315,0.82963,0.82571,0.83298,0.82253,0.92372,0.71356,0.82269,0.79618,0.79391,0.81721,0.70431,0.78575,0.97271,0.88256
0.82933,0.86356,0.76311,0.85823,0.76368,0.65289,0.87294,0.96314,0.81257,0.86708,0.82416,0.83078,0.90266,0.7989,0.93504,0.9706,0.85817,0.83899,0.76207,0.81104,0.80168,0.97818,0.84773,0.92112,1,0.76427,0.76183,0.89845,0.95635,0.76606,0.85717,0.52832,0.98311,0.9516,0.95055,0.92304,0.92347,0.98152,0.92322,0.7098,0.76933,0.88561,0.81126,0.90706,0.81678,0.90082,0.73917,0.96607,0.9564,0.94926,0.76136,0.76486,0.96614,0.75858,0.84107,0.84286,0.97943,0.9551,0.90278,0.94236,0.95559,0.95284,0.89704,0.93323,0.72256,0.82106,0.95849,0.83917,0.85745,0.96959,0.89134,0.83617,0.82141,0.89786,0.98445,0.91328,0.83225,0.87773,0.76972,0.92705,0.76976,0.82425,0.80807,0.96862,0.88938,0.87725,0.92877,0.78954,0.80638,0.77522,0.68469,0.90822,0.76815,0.76264,0.97507,0.74802,0.73857,0.82385,0.97556,0.76569,0.95379,0.6892,0.97696,0.76802,0.95889,0.95432,0.78743,0.76244,0.76361,0.84955,0.9162,0.87561,0.73976,0.90563,0.96133,0.83608,0.75306,0.80724,0.76598,0.89909,0.866,0.85114,0.76189,0.76394,0.91359,0.76807,0.88929,0.81653,0.93712,0.76845,0.76465,0.77153,0.89059,0.97474,0.77084,0.76192,0.86185,0.85914,0.88474,0.76178,0.85075,0.93841,0.95109
0.6345,0.88288,0.98361,0.65693,0.98215,0.49941,0.87328,0.74073,0.93751,0.66353,0.63056,0.91877,0.84411,0.61126,0.71636,0.75127,0.65699,0.90946,0.98675,0.93962,0.61346,0.77644,0.89985,0.82508,0.76427,1,0.98915,0.68777,0.73305,0.98862,0.65614,0.40415,0.76412,0.80051,0.72935,0.826,0.8261,0.77149,0.70749,0.54301,0.98465,0.67797,0.62083,0.69466,0.62487,0.84728,0.56542,0.785,0.73513,0.72772,0.58244,0.98172,0.78816,0.98235,0.907,0.90549,0.77048,0.7963,0.69107,0.72226,0.79657,0.79883,0.85067,0.71511,0.94266,0.92899,0.79532,0.90972,0.65608,0.74827,0.68263,0.64003,0.92913,0.6871,0.76557,0.72065,0.63736,0.67392,0.58875,0.71376,0.98001,0.9216,0.61825,0.77594,0.68206,0.87034,0.82124,0.6041,0.61678,0.97936,0.52364,0.84009,0.58786,0.98808,0.77861,0.57207,0.56569,0.91953,0.77471,0.97696,0.73235,0.52728,0.76367,0.96918,0.79503,0.79794,0.60242,0.97849,0.98325,0.89817,0.70345,0.67005,0.96157,0.69329,0.73932,0.63974,0.57592,0.94465,0.97434,0.68874,0.66253,0.85653,0.98346,0.98667,0.70022,0.58753,0.85803,0.62455,0.7249,0.98681,0.97074,0.95989,0.68227,0.77091,0.59115,0.98244,0.65948,0.65717,0.67714,0.58302,0.65138,0.81249,0.73172
0.63247,0.8802,0.98613,0.65483,0.98504,0.49779,0.8706,0.73835,0.93511,0.66137,0.62853,0.91624,0.84147,0.60928,0.71408,0.74887,0.65487,0.90689,0.98991,0.93697,0.61148,0.774,0.89726,0.82251,0.76183,0.98915,1,0.68555,0.7307,0.99091,0.65402,0.40284,0.76172,0.79799,0.72705,0.82348,0.82351,0.76904,0.7052,0.54124,0.98575,0.6758,0.61883,0.69242,0.62286,0.84468,0.56359,0.78252,0.73277,0.72542,0.58056,0.98272,0.78565,0.98583,0.90445,0.90288,0.76808,0.79376,0.68884,0.71995,0.79405,0.79635,0.84802,0.71282,0.94612,0.92649,0.79281,0.90716,0.65397,0.74588,0.68044,0.63799,0.92658,0.6849,0.76316,0.71843,0.63529,0.67175,0.58686,0.71148,0.97981,0.91906,0.61627,0.7734,0.67989,0.86767,0.81866,0.60214,0.61479,0.9782,0.52194,0.83746,0.58598,0.99242,0.77614,0.57021,0.56385,0.91711,0.77226,0.9778,0.73002,0.52558,0.76125,0.96993,0.79253,0.79546,0.60048,0.98093,0.98531,0.89552,0.70121,0.66789,0.96507,0.69105,0.73694,0.63769,0.57405,0.94239,0.97451,0.68654,0.66041,0.85421,0.98649,0.98814,0.69796,0.58562,0.85535,0.62254,0.72261,0.98813,0.97198,0.95949,0.68009,0.76852,0.58924,0.98487,0.65738,0.65505,0.67498,0.58113,0.6493,0.80999,0.72939
0.91912,0.77756,0.68678,0.94794,0.68731,0.72487,0.78595,0.92493,0.7314,0.95978,0.91351,0.7476,0.81317,0.88617,0.95467,0.91155,0.94859,0.75508,0.68581,0.73006,0.88883,0.88435,0.76305,0.83102,0.89845,0.68777,0.68555,1,0.93549,0.68938,0.94867,0.58663,0.89788,0.85795,0.93793,0.83106,0.83163,0.88988,0.96482,0.78794,0.69231,0.97211,0.89945,0.97656,0.90562,0.8109,0.82047,0.87367,0.93168,0.94135,0.84483,0.68846,0.87157,0.68272,0.75698,0.75855,0.89017,0.86199,0.98027,0.9479,0.86214,0.85925,0.80756,0.9553,0.65039,0.73891,0.8639,0.75514,0.94899,0.91519,0.97287,0.92491,0.73928,0.98253,0.89663,0.91124,0.92124,0.95674,0.85427,0.94895,0.6929,0.74236,0.89603,0.88255,0.96683,0.78954,0.83652,0.87582,0.89482,0.69779,0.76035,0.81765,0.85157,0.68626,0.88168,0.83068,0.81875,0.7423,0.88585,0.68929,0.93382,0.76493,0.89697,0.69153,0.86414,0.86051,0.87377,0.6862,0.6873,0.76457,0.96059,0.96604,0.66586,0.98222,0.92679,0.92598,0.83623,0.72643,0.68954,0.97702,0.95777,0.77335,0.68562,0.68757,0.97007,0.85263,0.8008,0.90593,0.93417,0.69151,0.68847,0.69496,0.96965,0.88828,0.85315,0.68576,0.95248,0.95195,0.97197,0.84514,0.93922,0.84546,0.93442
0.8651,0.82837,0.73186,0.89544,0.73247,0.68105,0.83773,0.98091,0.77949,0.90348,0.85981,0.79696,0.86607,0.83341,0.9746,0.96614,0.89521,0.80487,0.73093,0.77786,0.83631,0.94319,0.81328,0.88386,0.95635,0.73305,0.7307,0.93549,1,0.73478,0.89325,0.55111,0.9572,0.91453,0.98585,0.88604,0.88636,0.94905,0.95859,0.74041,0.73783,0.92369,0.8462,0.94463,0.85199,0.86446,0.77097,0.9315,0.98205,0.98483,0.79422,0.73356,0.92895,0.72746,0.80684,0.80865,0.94944,0.9183,0.9404,0.9789,0.9181,0.91591,0.86082,0.97464,0.6929,0.78757,0.92079,0.80492,0.8943,0.97256,0.92986,0.87236,0.78791,0.93561,0.95649,0.92753,0.86764,0.91316,0.80283,0.95769,0.73814,0.79059,0.84273,0.93695,0.92624,0.84171,0.89169,0.82369,0.84102,0.74339,0.71411,0.87137,0.80142,0.7315,0.94037,0.78,0.7698,0.78995,0.9426,0.73425,0.98497,0.719,0.95709,0.73649,0.92096,0.91671,0.82135,0.73119,0.73229,0.81509,0.95195,0.91352,0.70949,0.94219,0.97651,0.8723,0.78541,0.77426,0.73444,0.93541,0.90329,0.82026,0.73064,0.73265,0.95006,0.80095,0.85277,0.8517,0.95935,0.73705,0.73334,0.73994,0.92938,0.94783,0.80297,0.73079,0.89898,0.89598,0.92309,0.79436,0.88772,0.90032,0.97442
0.636,0.88507,0.98521,0.65848,0.98434,0.50058,0.87542,0.74249,0.94005,0.66508,0.63205,0.92123,0.84613,0.61269,0.71807,0.75307,0.65854,0.91179,0.98839,0.94196,0.6149,0.77831,0.90215,0.82704,0.76606,0.98862,0.99091,0.68938,0.73478,1,0.65769,0.40509,0.76596,0.80245,0.7311,0.82804,0.8281,0.77334,0.70916,0.54427,0.98784,0.67958,0.6223,0.6963,0.62634,0.84937,0.56675,0.78687,0.73688,0.72947,0.5838,0.98304,0.79005,0.98288,0.90941,0.90781,0.77234,0.79818,0.6927,0.72397,0.79846,0.80076,0.85274,0.7168,0.94104,0.93148,0.79723,0.91209,0.65763,0.75005,0.68425,0.64155,0.9316,0.68873,0.76741,0.72233,0.63885,0.67547,0.59015,0.71547,0.98168,0.92386,0.61971,0.7777,0.68372,0.87247,0.82322,0.60551,0.61823,0.98204,0.52487,0.84211,0.58925,0.99003,0.78047,0.5734,0.56701,0.92187,0.77657,0.97828,0.73409,0.52851,0.76549,0.97072,0.79694,0.7999,0.60384,0.97991,0.98482,0.90043,0.70512,0.67163,0.96047,0.69493,0.74106,0.64126,0.57727,0.94733,0.97493,0.69039,0.6641,0.85813,0.98493,0.98811,0.70186,0.5889,0.86012,0.62602,0.72661,0.99021,0.97216,0.96106,0.68388,0.77278,0.59252,0.98327,0.66105,0.65872,0.67875,0.58438,0.65292,0.81448,0.73346
0.95805,0.7418,0.65518,0.97224,0.65574,0.75946,0.74991,0.88341,0.69781,0.97407,0.95341,0.71325,0.77575,0.92649,0.91307,0.87032,0.97296,0.72039,0.65428,0.69645,0.92921,0.84394,0.72801,0.79278,0.85717,0.65614,0.65402,0.94867,0.89325,0.65769,1,0.61473,0.85706,0.81866,0.89675,0.79317,0.79339,0.84928,0.92336,0.82539,0.66047,0.95927,0.93942,0.93996,0.94611,0.77366,0.85924,0.83392,0.8899,0.89931,0.88452,0.65679,0.83159,0.65129,0.72222,0.7237,0.84976,0.82254,0.94486,0.90585,0.82247,0.81986,0.77049,0.91416,0.62042,0.70496,0.82423,0.72042,0.97555,0.8742,0.95306,0.96103,0.70527,0.95058,0.85577,0.88084,0.95695,0.95157,0.89428,0.91086,0.66096,0.70823,0.93634,0.84255,0.94942,0.75326,0.79809,0.91609,0.93574,0.66564,0.79662,0.78005,0.89109,0.65471,0.84142,0.86984,0.85631,0.70814,0.84522,0.65756,0.89273,0.80131,0.8567,0.65967,0.82449,0.82102,0.91414,0.65463,0.65567,0.72945,0.92469,0.96865,0.63523,0.94261,0.8847,0.96373,0.87576,0.69304,0.65779,0.94589,0.97529,0.73911,0.65408,0.65592,0.93164,0.89235,0.76382,0.94691,0.89568,0.65971,0.65684,0.66309,0.95184,0.84841,0.89033,0.65421,0.97398,0.97895,0.96067,0.88413,0.96792,0.80654,0.89281
0.63672,0.45681,0.40353,0.61506,0.40387,0.80884,0.46207,0.54525,0.42986,0.60811,0.64077,0.43944,0.47786,0.66079,0.56396,0.53703,0.61464,0.44382,0.40297,0.42888,0.65845,0.52035,0.44846,0.48826,0.52832,0.40415,0.40284,0.58663,0.55111,0.40509,0.61473,1,0.52869,0.5045,0.55398,0.48887,0.48886,0.5237,0.57011,0.74355,0.40679,0.59572,0.65039,0.581,0.6465,0.47672,0.71424,0.51448,0.54922,0.55504,0.69366,0.40443,0.51245,0.40107,0.44493,0.44591,0.52434,0.50696,0.58407,0.55914,0.50673,0.50556,0.4747,0.56495,0.38198,0.43429,0.50789,0.44382,0.61559,0.53959,0.59175,0.63129,0.43441,0.58755,0.52779,0.5533,0.63284,0.59753,0.68602,0.56437,0.40694,0.43613,0.65312,0.51947,0.59135,0.46411,0.49178,0.66874,0.65486,0.40977,0.77098,0.4806,0.68734,0.40332,0.51889,0.70541,0.71047,0.43589,0.52097,0.40486,0.55162,0.76624,0.52905,0.4063,0.50801,0.50593,0.67036,0.40323,0.40369,0.44949,0.57336,0.60302,0.39124,0.58176,0.54577,0.63162,0.70119,0.42694,0.40502,0.58546,0.60978,0.45828,0.40284,0.40387,0.57611,0.68686,0.47023,0.64681,0.55497,0.40635,0.40453,0.40842,0.59224,0.52403,0.67848,0.40293,0.6126,0.61461,0.59673,0.69157,0.62034,0.49675,0.55116
0.82992,0.86284,0.76298,0.85923,0.76351,0.6533,0.8727,0.96446,0.81248,0.86668,0.82477,0.83088,0.90174,0.79937,0.93602,0.96937,0.85858,0.83907,0.76188,0.81067,0.80232,0.98086,0.84766,0.91928,0.98311,0.76412,0.76172,0.89788,0.9572,0.76596,0.85706,0.52869,1,0.95157,0.95314,0.92353,0.92324,0.98451,0.92206,0.71015,0.76922,0.8862,0.81173,0.90667,0.81737,0.90106,0.73959,0.96783,0.95643,0.9504,0.7619,0.76453,0.96538,0.75836,0.84111,0.84291,0.98543,0.95446,0.90238,0.94314,0.95436,0.95418,0.897,0.93438,0.72216,0.82107,0.95873,0.83921,0.85779,0.97076,0.89223,0.83722,0.82133,0.89774,0.99081,0.91391,0.83249,0.8776,0.77018,0.92688,0.76935,0.82351,0.80855,0.96554,0.88998,0.87726,0.92874,0.79004,0.80674,0.77474,0.68496,0.90775,0.76899,0.76264,0.97769,0.74812,0.73872,0.82278,0.9737,0.76522,0.95582,0.68974,0.98396,0.76766,0.95859,0.95379,0.78784,0.7623,0.76323,0.84958,0.9168,0.87633,0.73953,0.90446,0.9599,0.83684,0.75329,0.80727,0.76549,0.89853,0.86659,0.85058,0.7617,0.76357,0.91328,0.76824,0.88811,0.8169,0.93588,0.76838,0.7643,0.77089,0.89204,0.98349,0.77098,0.76172,0.86262,0.85937,0.8857,0.762,0.85196,0.93776,0.95
0.79197,0.90398,0.79923,0.81983,0.79988,0.62343,0.91386,0.9235,0.85109,0.82789,0.78709,0.87006,0.94378,0.76299,0.89374,0.93452,0.81992,0.87865,0.79823,0.84931,0.76568,0.96671,0.88771,0.95871,0.9516,0.80051,0.79799,0.85795,0.91453,0.80245,0.81866,0.5045,0.95157,1,0.90958,0.964,0.9653,0.96103,0.88206,0.67784,0.80575,0.84601,0.77482,0.8666,0.78001,0.94288,0.70581,0.97269,0.9166,0.90772,0.72705,0.80106,0.97876,0.79442,0.88079,0.88276,0.95888,0.9811,0.86216,0.90071,0.98127,0.98102,0.93895,0.89214,0.75674,0.85987,0.98543,0.87876,0.81887,0.93194,0.85172,0.79868,0.86035,0.8575,0.95409,0.88472,0.79514,0.83948,0.73493,0.88801,0.80605,0.86283,0.77164,0.95908,0.85041,0.91869,0.97033,0.75404,0.76995,0.81189,0.65372,0.9497,0.73365,0.79882,0.96868,0.71412,0.70545,0.86189,0.96268,0.80174,0.91276,0.65817,0.95045,0.80396,0.98398,0.98134,0.75198,0.79835,0.79971,0.8896,0.87646,0.83631,0.77473,0.86487,0.92086,0.7985,0.719,0.8454,0.80185,0.85893,0.82694,0.88342,0.79783,0.80016,0.87315,0.73335,0.93036,0.77966,0.90003,0.80487,0.80061,0.80753,0.8512,0.95777,0.73661,0.79808,0.82303,0.82031,0.84509,0.72756,0.81277,0.97638,0.9112
0.86945,0.8238,0.72823,0.90026,0.72879,0.68453,0.83333,0.97686,0.77557,0.90681,0.86415,0.79306,0.86125,0.83747,0.97811,0.96029,0.8992,0.80088,0.72723,0.77379,0.84058,0.93859,0.80912,0.8786,0.95055,0.72935,0.72705,0.93793,0.98585,0.7311,0.89675,0.55398,0.95314,0.90958,1,0.88184,0.88169,0.94433,0.95927,0.74406,0.73418,0.92788,0.85027,0.94724,0.85632,0.86019,0.77485,0.92714,0.97716,0.98544,0.79828,0.72973,0.92367,0.72379,0.80286,0.80466,0.94551,0.91318,0.94318,0.98044,0.91275,0.91163,0.85637,0.97661,0.68928,0.78368,0.91593,0.80097,0.89841,0.96742,0.93442,0.87722,0.78395,0.93886,0.95214,0.92748,0.87156,0.91628,0.80684,0.95823,0.73425,0.78625,0.84689,0.93119,0.93012,0.83748,0.88701,0.82779,0.84508,0.73943,0.71761,0.86677,0.8058,0.72792,0.9358,0.78363,0.77347,0.78544,0.9369,0.73035,0.98613,0.72274,0.95356,0.73268,0.91595,0.91163,0.82536,0.72755,0.72848,0.81104,0.95523,0.91809,0.70588,0.94364,0.97047,0.87684,0.78915,0.77049,0.73053,0.93763,0.90774,0.81591,0.72698,0.72881,0.952,0.80466,0.84788,0.85579,0.95682,0.7334,0.72956,0.7359,0.93474,0.945,0.80663,0.72709,0.90368,0.9,0.92795,0.79808,0.89279,0.89544,0.97056
