1,0,0,1.3909e-51,0,7.9606e-78,0,0,0,0,0,0,0,0,8.2979e-84,0,0,0,0,0,0,5.6969e-305,0,0,1.8654e-213,0,0,0,7.489e-240,6.9172e-95,0,0,0,0,0,9.3671e-81,0,0,5.3309e-284,0,0,0,4.1764e-240,0,0,0,9.2714e-113,0,0,0,0
0,1,0,0,6.7545e-104,0,0,0,0,0,0,0,5.8931e-104,7.143e-141,0,1.2345e-86,7.9343e-284,0,0,0,0,0,0,0,0,0,0,0,0,0,0,3.7141e-286,9.0935e-265,0,0,0,0,0,0,0,8.731e-307,0,0,0,0,5.362e-140,0,0,4.5265e-302,0,0
0,0,1,0,1.6055e-301,0,2.0996e-77,9.9975e-132,3.0019e-164,4.4173e-279,0,0,0,1.0225e-307,0,0,4.5846e-119,2.6061e-93,0,0,0,0,0,4.9325e-288,0,0,0,0,0,0,4.8418e-322,0,0,0,0,0,0,0,0,0,7.9927e-115,0,0,0,0,0,0,2.0287e-262,1.2862e-303,0,0
1.3909e-51,0,0,1,0,2.2006e-78,0,0,0,0,0,0,0,0,6.4209e-86,0,0,0,0,0,0,6.2357e-286,0,0,3.2331e-193,0,0,0,1.2915e-217,4.9072e-82,0,0,0,0,0,1.0974e-86,0,0,1.5354e-276,0,0,0,1.2749e-213,0,0,0,3.9393e-115,0,0,0,0
0,6.7545e-104,1.6055e-301,0,1,0,0,0,0,0,0,0,1.1636e-136,2.8071e-135,0,7.2912e-84,1.7597e-226,1.3587e-321,0,0,0,0,0,0,0,0,0,0,0,0,0,0,1.319e-319,0,0,0,0,0,0,0,2.6804e-249,0,0,0,0,2.9479e-146,0,0,8.4915e-275,0,0
7.9606e-78,0,0,2.2006e-78,0,1,0,0,0,0,0,0,0,0,1.3854e-98,0,0,0,0,0,0,6.6643e-279,0,0,1.6171e-190,0,0,0,8.0321e-218,1.9263e-109,0,0,0,0,0,1.119e-93,0,0,6.9172e-277,0,0,0,2.8637e-216,0,0,0,1.0625e-122,0,0,0,0
0,0,2.0996e-77,0,0,0,1,9.1441e-85,6.6429e-137,4.9584e-250,0,0,0,0,0,0,1.596e-133,2.5966e-88,0,0,0,0,0,8.3355e-257,0,0,0,0,0,0,1.103e-290,0,0,0,0,0,0,0,0,0,1.2384e-126,0,0,0,0,0,0,6.4429e-223,1.0079e-321,0,0
0,0,9.9975e-132,0,0,0,9.1441e-85,1,8.6888e-88,2.2451e-179,0,0,0,0,0,0,1.2144e-204,6.4586e-129,0,7.5563e-248,5.1485e-304,0,0,4.5065e-185,0,0,0,0,0,0,1.1917e-219,0,0,0,0,0,0,0,0,0,1.7925e-191,0,0,0,0,0,0,1.8644e-144,0,0,0
0,0,3.0019e-164,0,0,0,6.6429e-137,8.6888e-88,1,2.0711e-142,0,0,0,0,0,0,2.0702e-241,2.3576e-149,0,3.6925e-224,5.2991e-268,0,0,7.2186e-153,0,0,0,0,0,0,2.9642e-183,0,0,0,0,0,0,0,0,0,1.0539e-228,0,0,0,0,0,0,2.5682e-138,0,0,0
0,0,4.4173e-279,0,0,0,4.9584e-250,2.2451e-179,2.0711e-142,1,0,0,0,0,0,0,0,9.3203e-264,7.022e-313,2.1523e-112,7.2083e-149,0,2.4596e-283,9.7557e-78,0,3.9335e-277,0,0,0,0,2.0023e-92,0,0,0,0,0,0,0,0,0,0,0,0,4.8805e-216,0,0,0,3.6433e-90,0,0,0
0,0,0,0,0,0,0,0,0,0,1,0,0,0,0,0,0,0,0,0,0,0,0,0,0,0,0,0,0,0,0,0,0,0,0,0,0,1.9081e-256,0,0,0,0,0,0,0,0,0,0,0,0,0
0,0,0,0,0,0,0,0,0,0,0,1,0,0,0,0,0,0,0,0,0,0,0,0,0,0,0,0,0,0,0,0,0,0,0,0,0,0,0,4.1532e-215,0,2.0312e-201,0,0,3.3696e-294,0,0,0,0,0,0
0,5.8931e-104,0,0,1.1636e-136,0,0,0,0,0,0,0,1,6.0027e-196,0,4.4078e-99,0,0,0,0,0,6.1955e-300,0,0,0,0,0,0,0,0,0,1.4213e-255,3.7389e-214,0,0,0,0,0,0,0,0,0,0,0,0,3.1799e-166,0,0,0,0,0
0,7.143e-141,1.0225e-307,0,2.8071e-135,0,0,0,0,0,0,0,6.0027e-196,1,0,6.5348e-146,3.1763e-240,1.6329e-318,0,0,0,0,0,0,0,0,0,0,0,0,0,0,0,0,0,0,0,0,0,0,3.4625e-261,0,0,0,0,1.197e-160,0,0,6.6498e-278,0,0
8.2979e-84,0,0,6.4209e-86,0,1.3854e-98,0,0,0,0,0,0,0,0,1,0,0,0,0,0,0,4.1587e-271,0,0,2.7311e-190,0,0,0,9.8002e-209,6.0706e-102,0,0,0,0,0,5.9028e-105,0,0,1.0935e-253,0,0,0,5.6371e-220,0,0,0,5.8165e-116,0,0,0,0
0,1.2345e-86,0,0,7.2912e-84,0,0,0,0,0,0,0,4.4078e-99,6.5348e-146,0,1,9.5717e-258,0,0,0,0,0,0,0,0,0,0,0,0,0,0,2.935e-308,2.9598e-284,0,0,0,0,0,0,0,1.2486e-282,0,0,0,0,3.7338e-140,0,0,3.2596e-292,0,0
0,7.9343e-284,4.5846e-119,0,1.7597e-226,0,1.596e-133,1.2144e-204,2.0702e-241,0,0,0,0,3.1763e-240,0,9.5717e-258,1,9.7506e-143,0,0,0,0,0,0,0,0,0,0,0,0,0,0,0,0,0,0,0,0,0,0,5.749e-102,0,0,0,0,1.3526e-287,0,0,1.5815e-266,0,0
0,0,2.6061e-93,0,1.3587e-321,0,2.5966e-88,6.4586e-129,2.3576e-149,9.3203e-264,0,0,0,1.6329e-318,0,0,9.7506e-143,1,0,0,0,0,0,1.2492e-273,0,0,0,0,0,0,7.7925e-304,0,0,0,0,0,0,0,0,0,2.6386e-137,0,0,0,0,0,0,8.0504e-253,6.5002e-315,0,0
0,0,0,0,0,0,0,0,0,7.022e-313,0,0,0,0,0,0,0,0,1,1.8089e-234,9.5921e-184,0,1.5044e-86,7.6653e-310,0,8.7571e-205,0,0,0,0,1.2259e-280,0,0,0,0,0,0,0,0,8.0681e-171,0,0,0,1.6037e-129,0,0,0,0,0,0,0
0,0,0,0,0,0,0,7.5563e-248,3.6925e-224,2.1523e-112,0,0,0,0,0,0,0,0,1.8089e-234,1,9.6062e-86,0,7.2637e-204,1.6423e-111,0,1.5579e-216,0,0,0,0,3.4105e-101,0,0,0,0,0,0,0,0,0,0,0,0,7.5659e-127,0,0,0,8.9771e-112,0,0,0
0,0,0,0,0,0,0,5.1485e-304,5.2991e-268,7.2083e-149,0,0,0,0,0,0,0,0,9.5921e-184,9.6062e-86,1,0,2.1238e-158,1.0995e-149,0,2.6834e-196,0,0,0,0,1.6516e-126,0,0,0,0,0,0,0,0,0,0,0,0,1.1625e-96,0,0,0,1.8318e-173,0,0,0
5.6969e-305,0,0,6.2357e-286,0,6.6643e-279,0,0,0,0,0,0,6.1955e-300,0,4.1587e-271,0,0,0,0,0,0,1,0,0,3.1929e-117,0,0,0,3.2438e-108,3.7149e-281,0,1.5922e-241,2.482e-136,0,0,2.4515e-283,0,0,1.0723e-295,0,0,0,1.4883e-112,0,0,0,3.2335e-285,0,0,0,0
0,0,0,0,0,0,0,0,0,2.4596e-283,0,0,0,0,0,0,0,0,1.5044e-86,7.2637e-204,2.1238e-158,0,1,7.6271e-279,0,4.5476e-197,0,0,0,0,1.3464e-255,0,0,0,0,0,0,0,0,1.153e-204,0,0,0,7.6286e-109,0,0,0,2.6904e-305,0,0,0
0,0,4.9325e-288,0,0,0,8.3355e-257,4.5065e-185,7.2186e-153,9.7557e-78,0,0,0,0,0,0,0,1.2492e-273,7.6653e-310,1.6423e-111,1.0995e-149,0,7.6271e-279,1,0,1.6689e-276,0,0,0,0,7.6766e-102,0,0,0,0,0,0,0,0,0,0,0,0,1.678e-213,0,0,0,3.7507e-89,0,0,0
1.8654e-213,0,0,3.2331e-193,0,1.6171e-190,0,0,0,0,0,0,0,0,2.7311e-190,0,0,0,0,0,0,3.1929e-117,0,0,1,0,0,0,1.1284e-76,1.0644e-196,0,7.2376e-307,3.3038e-216,0,0,3.6636e-197,0,0,3.6569e-269,0,0,0,4.7656e-63,0,0,0,4.2348e-207,0,0,0,0
0,0,0,0,0,0,0,0,0,3.9335e-277,0,0,0,0,0,0,0,0,8.7571e-205,1.5579e-216,2.6834e-196,0,4.5476e-197,1.6689e-276,0,1,0,0,0,0,4.759e-252,0,0,0,0,0,0,0,0,1.0657e-315,0,0,0,1.3963e-177,0,0,0,3.8433e-292,0,0,0
0,0,0,0,0,0,0,0,0,0,0,0,0,0,0,0,0,0,0,0,0,0,0,0,0,0,1,0,0,0,0,0,0,1.8875e-121,1.9731e-130,0,0,0,0,0,0,1.7717e-203,0,0,5.1097e-162,0,0,0,0,6.056e-136,3.312e-223
0,0,0,0,0,0,0,0,0,0,0,0,0,0,0,0,0,0,0,0,0,0,0,0,0,0,0,1,0,0,0,0,0,0,0,0,1.0835e-150,0,0,0,0,0,0,0,0,0,0,0,0,0,7.7387e-262
7.489e-240,0,0,1.2915e-217,0,8.0321e-218,0,0,0,0,0,0,0,0,9.8002e-209,0,0,0,0,0,0,3.2438e-108,0,0,1.1284e-76,0,0,0,1,5.7536e-216,0,9.6145e-287,1.3353e-196,0,0,2.8218e-223,0,0,3.4948e-262,0,0,0,2.5839e-81,0,0,0,4.6356e-227,0,0,0,0
6.9172e-95,0,0,4.9072e-82,0,1.9263e-109,0,0,0,0,0,0,0,0,6.0706e-102,0,0,0,0,0,0,3.7149e-281,0,0,1.0644e-196,0,0,0,5.7536e-216,1,0,0,0,0,0,6.1379e-116,0,0,8.7891e-267,0,0,0,5.4399e-219,0,0,0,8.7218e-130,0,0,0,0
0,0,4.8418e-322,0,0,0,1.103e-290,1.1917e-219,2.9642e-183,2.0023e-92,0,0,0,0,0,0,0,7.7925e-304,1.2259e-280,3.4105e-101,1.6516e-126,0,1.3464e-255,7.6766e-102,0,4.759e-252,0,0,0,0,1,0,0,0,0,0,0,0,0,0,0,0,0,9.6059e-186,0,0,0,3.8826e-117,0,0,0
0,3.7141e-286,0,0,0,0,0,0,0,0,0,0,1.4213e-255,0,0,2.935e-308,0,0,0,0,0,1.5922e-241,0,0,7.2376e-307,0,0,0,9.6145e-287,0,0,1,1.2639e-205,0,0,0,0,0,0,0,0,0,1.3117e-298,0,0,3.1744e-314,0,0,0,0,0
0,9.0935e-265,0,0,1.319e-319,0,0,0,0,0,0,0,3.7389e-214,0,0,2.9598e-284,0,0,0,0,0,2.482e-136,0,0,3.3038e-216,0,0,0,1.3353e-196,0,0,1.2639e-205,1,0,0,0,0,0,0,0,0,0,8.3922e-209,0,0,1.7876e-299,0,0,0,0,0
0,0,0,0,0,0,0,0,0,0,0,0,0,0,0,0,0,0,0,0,0,0,0,0,0,0,1.8875e-121,0,0,0,0,0,0,1,1.3878e-106,0,0,0,0,0,0,1.8103e-227,0,0,3.8933e-192,0,0,0,0,6.062e-119,4.041e-183
0,0,0,0,0,0,0,0,0,0,0,0,0,0,0,0,0,0,0,0,0,0,0,0,0,0,1.9731e-130,0,0,0,0,0,0,1.3878e-106,1,0,0,0,0,0,0,2.2003e-239,0,0,3.5078e-205,0,0,0,0,1.4277e-88,5.3897e-140
9.3671e-81,0,0,1.0974e-86,0,1.119e-93,0,0,0,0,0,0,0,0,5.9028e-105,0,0,0,0,0,0,2.4515e-283,0,0,3.6636e-197,0,0,0,2.8218e-223,6.1379e-116,0,0,0,0,0,1,0,0,3.3165e-285,0,0,0,2.4929e-223,0,0,0,4.0086e-122,0,0,0,0
0,0,0,0,0,0,0,0,0,0,0,0,0,0,0,0,0,0,0,0,0,0,0,0,0,0,0,1.0835e-150,0,0,0,0,0,0,0,0,1,0,0,0,0,0,0,0,0,0,0,0,0,0,2.4269e-276
0,0,0,0,0,0,0,0,0,0,1.9081e-256,0,0,0,0,0,0,0,0,0,0,0,0,0,0,0,0,0,0,0,0,0,0,0,0,0,0,1,0,0,0,0,0,0,0,0,0,0,0,0,0
5.3309e-284,0,0,1.5354e-276,0,6.9172e-277,0,0,0,0,0,0,0,0,1.0935e-253,0,0,0,0,0,0,1.0723e-295,0,0,3.6569e-269,0,0,0,3.4948e-262,8.7891e-267,0,0,0,0,0,3.3165e-285,0,0,1,0,0,0,1.8726e-286,0,0,0,6.7435e-276,0,0,0,0
0,0,0,0,0,0,0,0,0,0,0,4.1532e-215,0,0,0,0,0,0,8.0681e-171,0,0,0,1.153e-204,0,0,1.0657e-315,0,0,0,0,0,0,0,0,0,0,0,0,0,1,0,0,0,1.2279e-270,0,0,0,0,0,0,0
0,8.731e-307,7.9927e-115,0,2.6804e-249,0,1.2384e-126,1.7925e-191,1.0539e-228,0,0,0,0,3.4625e-261,0,1.2486e-282,5.749e-102,2.6386e-137,0,0,0,0,0,0,0,0,0,0,0,0,0,0,0,0,0,0,0,0,0,0,1,0,0,0,0,7.7978e-311,0,4.9407e-324,2.411e-276,0,0
0,0,0,0,0,0,0,0,0,0,0,2.0312e-201,0,0,0,0,0,0,0,0,0,0,0,0,0,0,1.7717e-203,0,0,0,0,0,0,1.8103e-227,2.2003e-239,0,0,0,0,0,0,1,0,0,5.8748e-184,0,0,0,0,1.6861e-258,0
4.1764e-240,0,0,1.2749e-213,0,2.8637e-216,0,0,0,0,0,0,0,0,5.6371e-220,0,0,0,0,0,0,1.4883e-112,0,0,4.7656e-63,0,0,0,2.5839e-81,5.4399e-219,0,1.3117e-298,8.3922e-209,0,0,2.4929e-223,0,0,1.8726e-286,0,0,0,1,0,0,0,4.8741e-233,0,0,0,0
0,0,0,0,0,0,0,0,0,4.8805e-216,0,0,0,0,0,0,0,0,1.6037e-129,7.5659e-127,1.1625e-96,0,7.6286e-109,1.678e-213,0,1.3963e-177,0,0,0,0,9.6059e-186,0,0,0,0,0,0,0,0,1.2279e-270,0,0,0,1,0,0,0,4.2711e-228,0,0,0
0,0,0,0,0,0,0,0,0,0,0,3.3696e-294,0,0,0,0,0,0,0,0,0,0,0,0,0,0,5.1097e-162,0,0,0,0,0,0,3.8933e-192,3.5078e-205,0,0,0,0,0,0,5.8748e-184,0,0,1,0,0,0,0,5.482e-212,1.2843e-298
0,5.362e-140,0,0,2.9479e-146,0,0,0,0,0,0,0,3.1799e-166,1.197e-160,0,3.7338e-140,1.3526e-287,0,0,0,0,0,0,0,0,0,0,0,0,0,0,3.1744e-314,1.7876e-299,0,0,0,0,0,0,0,7.7978e-311,0,0,0,0,1,0,0,1.0515e-309,0,0
9.2714e-113,0,0,3.9393e-115,0,1.0625e-122,0,0,0,0,0,0,0,0,5.8165e-116,0,0,0,0,0,0,3.2335e-285,0,0,4.2348e-207,0,0,0,4.6356e-227,8.7218e-130,0,0,0,0,0,4.0086e-122,0,0,6.7435e-276,0,0,0,4.8741e-233,0,0,0,1,0,0,0,0
0,0,2.0287e-262,0,0,0,6.4429e-223,1.8644e-144,2.5682e-138,3.6433e-90,0,0,0,0,0,0,0,8.0504e-253,0,8.9771e-112,1.8318e-173,0,2.6904e-305,3.7507e-89,0,3.8433e-292,0,0,0,0,3.8826e-117,0,0,0,0,0,0,0,0,0,4.9407e-324,0,0,4.2711e-228,0,0,0,1,0,0,0
0,4.5265e-302,1.2862e-303,0,8.4915e-275,0,1.0079e-321,0,0,0,0,0,0,6.6498e-278,0,3.2596e-292,1.5815e-266,6.5002e-315,0,0,0,0,0,0,0,0,0,0,0,0,0,0,0,0,0,0,0,0,0,0,2.411e-276,0,0,0,0,1.0515e-309,0,0,1,0,0
0,0,0,0,0,0,0,0,0,0,0,0,0,0,0,0,0,0,0,0,0,0,0,0,0,0,6.056e-136,0,0,0,0,0,0,6.062e-119,1.4277e-88,0,0,0,0,0,0,1.6861e-258,0,0,5.482e-212,0,0,0,0,1,4.199e-149
0,0,0,0,0,0,0,0,0,0,0,0,0,0,0,0,0,0,0,0,0,0,0,0,0,0,3.312e-223,7.7387e-262,0,0,0,0,0,4.041e-183,5.3897e-140,0,2.4269e-276,0,0,0,0,0,0,0,1.2843e-298,0,0,0,0,4.199e-149,1
