1,0,0,0,0,0,1.1204e-130,0,0,0,4.7784e-258,0,1.8926e-211,0,0,0,0,1.1343e-99,0,0,0,0,0,0,1.4838e-140,0,0,0,0,0,2.77e-157,0,0,0,0,0,0,1.0493e-166,0,0,0,0,0,0,0,0,5.3869e-247,4.3154e-260,0,0,0,0
0,1,0,0,2.96e-300,7.2747e-303,0,0,0,0,0,0,0,0,0,7.4492e-83,3.5103e-274,0,0,2.81e-285,0,0,8.069e-256,0,0,0,2.952e-122,0,0,0,0,0,0,0,3.8914e-258,2.3103e-155,0,0,0,0,1.024e-214,1.7874e-134,0,0,0,0,0,0,0,0,0,0
0,0,1,1.8293e-245,0,0,0,0,0,1.111e-147,0,0,0,0,0,0,0,0,2.3977e-132,0,0,0,6.383e-241,0,0,1.1913e-317,0,1.8616e-291,0,0,0,0,0,0,0,0,4.6159e-215,0,0,0,8.5217e-300,0,1.583e-138,1.16e-261,5.118e-127,0,0,0,0,0,0,0
0,0,1.8293e-245,1,0,0,0,0,0,4.8715e-125,0,0,0,0,0,0,0,0,0,0,0,0,0,0,0,2.7182e-114,0,5.1712e-90,1.0809e-198,0,0,4.9147e-202,0,0,0,0,0,0,0,2.1979e-215,0,0,0,3.9831e-296,6.8986e-153,0,0,0,0,0,0,0
0,2.96e-300,0,0,1,4.8865e-48,0,0,0,0,0,0,0,0,0,1.6637e-310,2.6853e-51,0,0,2.7978e-61,0,0,0,0,0,0,2.0083e-214,0,0,0,0,0,0,0,1.0447e-112,0,0,0,0,0,0,1.3084e-275,0,0,0,0,0,0,0,0,0,0
0,7.2747e-303,0,0,4.8865e-48,1,0,0,0,0,0,0,0,0,0,7.9494e-313,4.2315e-55,0,0,8.409e-64,0,0,0,0,0,0,5.5597e-217,0,0,0,0,0,0,0,2.7155e-121,0,0,0,0,0,0,2.163e-279,0,0,0,0,0,0,0,0,0,0
1.1204e-130,0,0,0,0,0,1,0,0,0,2.1766e-229,0,6.0818e-195,0,0,0,0,1.097e-124,0,0,0,0,0,0,1.5205e-228,0,0,0,0,0,1.3014e-238,0,0,0,0,0,0,6.6147e-184,0,0,0,0,0,0,0,0,3.0628e-226,1.143e-223,0,0,0,0
0,0,0,0,0,0,0,1,4.7384e-200,0,8.9355e-156,0,2.0195e-221,0,0,0,0,0,0,0,5.0848e-142,0,0,1.2034e-97,0,0,0,0,0,0,0,0,0,1.1538e-238,0,0,0,0,1.7297e-171,0,0,0,0,0,0,4.3398e-95,2.3673e-167,2.0874e-164,0,0,2.6747e-156,0
0,0,0,0,0,0,0,4.7384e-200,1,0,0,6.661e-158,0,0,0,0,0,0,0,0,3.1158e-107,0,0,4.1977e-168,0,0,0,0,0,0,0,0,0,2.3481e-70,0,0,0,0,1.6161e-152,8.9374e-302,0,0,0,0,0,3.3726e-208,0,0,1.4106e-163,0,3.2831e-163,0
0,0,1.111e-147,4.8715e-125,0,0,0,0,0,1,0,0,0,0,0,0,0,0,2.6447e-254,0,0,0,0,0,0,9.6675e-188,0,2.119e-158,1.8378e-291,0,0,3.0405e-271,0,0,0,0,8.7912e-298,0,0,7.0528e-303,0,0,6.6584e-252,2.3695e-262,1.8315e-75,0,0,0,0,0,0,0
4.7784e-258,0,0,0,0,0,2.1766e-229,8.9355e-156,0,0,1,0,4.2613e-97,0,0,0,0,2.139e-182,0,0,9.9983e-274,0,0,1.9885e-204,0,0,0,0,0,0,0,0,0,0,0,0,0,1.8669e-270,8.4963e-288,0,0,0,0,0,0,2.7275e-170,2.4215e-56,4.6258e-50,0,0,6.7142e-262,0
0,0,0,0,0,0,0,0,6.661e-158,0,0,1,0,0,0,0,0,0,0,0,2.1426e-226,0,0,3.0922e-291,0,1.0455e-290,0,4.2117e-307,3.9318e-208,0,0,5.105e-209,0,5.8832e-125,0,0,0,0,8.5649e-255,1.272e-168,0,0,0,0,0,0,0,0,2.7182e-97,0,2.0706e-263,0
1.8926e-211,0,0,0,0,0,6.0818e-195,2.0195e-221,0,0,4.2613e-97,0,1,0,0,0,0,2.1152e-142,0,0,0,0,0,1.7315e-267,2.4703e-323,0,0,0,0,0,0,0,0,0,0,0,0,5.7844e-235,0,0,0,0,0,0,0,7.6382e-233,3.4207e-94,4.2522e-101,0,0,2.5691e-322,0
0,0,0,0,0,0,0,0,0,0,0,0,0,1,9.7469e-303,0,0,0,0,0,0,0,0,0,0,0,0,0,0,0,0,0,0,0,0,0,0,0,0,0,0,0,0,0,0,0,0,0,0,3.9022e-101,0,4.1091e-163
0,0,0,0,0,0,0,0,0,0,0,0,0,9.7469e-303,1,0,0,0,0,0,0,0,0,0,0,0,0,0,0,4.512e-148,0,0,0,0,0,0,0,0,0,0,0,0,0,0,0,0,0,0,0,0,0,2.8132e-299
0,7.4492e-83,0,0,1.6637e-310,7.9494e-313,0,0,0,0,0,0,0,0,0,1,2.207e-284,0,0,6.2429e-297,0,0,2.404e-235,0,0,0,1.0072e-108,0,0,0,0,0,0,0,1.0157e-272,5.835e-123,0,0,0,0,3.6628e-196,1.5472e-138,0,0,0,0,0,0,0,0,0,0
0,3.5103e-274,0,0,2.6853e-51,4.2315e-55,0,0,0,0,0,0,0,0,0,2.207e-284,1,0,0,1.3707e-55,0,0,0,0,0,0,3.9619e-189,0,0,0,0,0,0,0,3.501e-103,0,0,0,0,0,0,1.6563e-252,0,0,0,0,0,0,0,0,0,0
1.1343e-99,0,0,0,0,0,1.097e-124,0,0,0,2.139e-182,0,2.1152e-142,0,0,0,0,1,0,0,0,0,0,0,2.1079e-211,0,0,0,0,0,2.967e-231,0,0,0,0,0,0,2.5356e-170,0,0,0,0,0,0,0,0,6.6904e-173,6.0954e-186,0,0,0,0
0,0,2.3977e-132,0,0,0,0,0,0,2.6447e-254,0,0,0,0,0,0,0,0,1,0,0,0,3.3786e-145,0,0,0,0,0,0,0,0,0,0,0,0,1.0131e-223,8.5224e-187,0,0,0,1.1109e-202,0,2.4702e-97,2.3767e-302,1.6638e-228,0,0,0,0,0,0,0
0,2.81e-285,0,0,2.7978e-61,8.409e-64,0,0,0,0,0,0,0,0,0,6.2429e-297,1.3707e-55,0,0,1,0,0,0,0,0,0,2.2603e-203,0,0,0,0,0,0,0,2.9076e-113,0,0,0,0,0,0,4.973e-263,0,0,0,0,0,0,0,0,0,0
0,0,0,0,0,0,0,5.0848e-142,3.1158e-107,0,9.9983e-274,2.1426e-226,0,0,0,0,0,0,0,0,1,0,0,1.1418e-100,0,0,0,0,0,0,0,0,0,2.5541e-133,0,0,0,0,4.9208e-131,0,0,0,0,0,0,2.1562e-136,2.6624e-289,5.267e-272,7.398e-207,0,1.5448e-116,0
0,0,0,0,0,0,0,0,0,0,0,0,0,0,0,0,0,0,0,0,0,1,0,0,4.5709e-298,0,0,0,0,0,1.0385e-285,0,0,0,0,0,0,0,0,0,0,0,0,0,0,0,0,0,0,0,0,0
0,8.069e-256,6.383e-241,0,0,0,0,0,0,0,0,0,0,0,0,2.404e-235,0,0,3.3786e-145,0,0,0,1,0,0,0,0,0,0,0,0,0,0,0,0,3.1121e-138,6.2865e-227,0,0,0,1.2117e-143,9.111e-303,1.6424e-163,0,0,0,0,0,0,0,0,0
0,0,0,0,0,0,0,1.2034e-97,4.1977e-168,0,1.9885e-204,3.0922e-291,1.7315e-267,0,0,0,0,0,0,0,1.1418e-100,0,0,1,0,0,0,0,0,0,0,0,0,5.8625e-199,0,0,0,0,1.7669e-141,0,0,0,0,0,0,2.3538e-71,4.6993e-224,3.3635e-197,2.2683e-261,0,5.8842e-102,0
1.4838e-140,0,0,0,0,0,1.5205e-228,0,0,0,0,0,2.4703e-323,0,0,0,0,2.1079e-211,0,0,0,4.5709e-298,0,0,1,0,0,0,0,0,3.006e-85,0,0,0,0,0,0,3.6617e-235,0,0,0,0,0,0,0,0,0,0,0,0,0,0
0,0,1.1913e-317,2.7182e-114,0,0,0,0,0,9.6675e-188,0,1.0455e-290,0,0,0,0,0,0,0,0,0,0,0,0,0,1,0,4.0812e-64,4.2096e-137,0,0,9.8835e-138,0,0,0,0,0,0,0,2.5278e-142,0,0,0,0,7.4376e-217,0,0,0,3.4585e-323,0,0,0
0,2.952e-122,0,0,2.0083e-214,5.5597e-217,0,0,0,0,0,0,0,0,0,1.0072e-108,3.9619e-189,0,0,2.2603e-203,0,0,0,0,0,0,1,0,0,0,0,0,0,0,1.5376e-197,7.3496e-218,0,0,0,0,1.8878e-287,6.5016e-146,0,0,0,0,0,0,0,0,0,0
0,0,1.8616e-291,5.1712e-90,0,0,0,0,0,2.119e-158,0,4.2117e-307,0,0,0,0,0,0,0,0,0,0,0,0,0,4.0812e-64,0,1,5.8064e-152,0,0,1.5413e-133,0,0,0,0,0,0,0,3.9081e-154,0,0,0,0,1.7977e-191,0,0,0,0,0,0,0
0,0,0,1.0809e-198,0,0,0,0,0,1.8378e-291,0,3.9318e-208,0,0,0,0,0,0,0,0,0,0,0,0,0,4.2096e-137,0,5.8064e-152,1,0,0,9.9003e-145,0,2.3014e-306,0,0,0,0,0,2.5417e-103,0,0,0,0,1.0494e-319,0,0,0,2.1271e-228,0,0,0
0,0,0,0,0,0,0,0,0,0,0,0,0,0,4.512e-148,0,0,0,0,0,0,0,0,0,0,0,0,0,0,1,0,0,0,0,0,0,0,0,0,0,0,0,0,0,0,0,0,0,0,0,0,0
2.77e-157,0,0,0,0,0,1.3014e-238,0,0,0,0,0,0,0,0,0,0,2.967e-231,0,0,0,1.0385e-285,0,0,3.006e-85,0,0,0,0,0,1,0,0,0,0,0,0,1.4331e-244,0,0,0,0,0,0,0,0,0,0,0,0,0,0
0,0,0,4.9147e-202,0,0,0,0,0,3.0405e-271,0,5.105e-209,0,0,0,0,0,0,0,0,0,0,0,0,0,9.8835e-138,0,1.5413e-133,9.9003e-145,0,0,1,0,2.1492e-297,0,0,0,0,0,6.6068e-89,0,0,0,0,2.852e-305,0,0,0,7.6753e-265,0,0,0
0,0,0,0,0,0,0,0,0,0,0,0,0,0,0,0,0,0,0,0,0,0,0,0,0,0,0,0,0,0,0,0,1,0,0,0,0,0,0,0,0,0,0,0,0,0,0,0,0,0,0,0
0,0,0,0,0,0,0,1.1538e-238,2.3481e-70,0,0,5.8832e-125,0,0,0,0,0,0,0,0,2.5541e-133,0,0,5.8625e-199,0,0,0,0,2.3014e-306,0,0,2.1492e-297,0,1,0,0,0,0,6.1028e-174,1.689e-263,0,0,0,0,0,2.9562e-240,0,0,1.2532e-131,0,1.3555e-183,0
0,3.8914e-258,0,0,1.0447e-112,2.7155e-121,0,0,0,0,0,0,0,0,0,1.0157e-272,3.501e-103,0,0,2.9076e-113,0,0,0,0,0,0,1.5376e-197,0,0,0,0,0,0,0,1,0,0,0,0,0,0,6.4837e-219,0,0,0,0,0,0,0,0,0,0
0,2.3103e-155,0,0,0,0,0,0,0,0,0,0,0,0,0,5.835e-123,0,0,1.0131e-223,0,0,0,3.1121e-138,0,0,0,7.3496e-218,0,0,0,0,0,0,0,0,1,4.9026e-289,0,0,0,8.5913e-125,3.2874e-205,2.4956e-237,0,0,0,0,0,0,0,0,0
0,0,4.6159e-215,0,0,0,0,0,0,8.7912e-298,0,0,0,0,0,0,0,0,8.5224e-187,0,0,0,6.2865e-227,0,0,0,0,0,0,0,0,0,0,0,0,4.9026e-289,1,0,0,0,3.306e-269,0,7.7766e-189,0,1.2297e-271,0,0,0,0,0,0,0
1.0493e-166,0,0,0,0,0,6.6147e-184,0,0,0,1.8669e-270,0,5.7844e-235,0,0,0,0,2.5356e-170,0,0,0,0,0,0,3.6617e-235,0,0,0,0,0,1.4331e-244,0,0,0,0,0,0,1,0,0,0,0,0,0,0,0,5.1396e-267,2.9842e-267,0,0,0,0
0,0,0,0,0,0,0,1.7297e-171,1.6161e-152,0,8.4963e-288,8.5649e-255,0,0,0,0,0,0,0,0,4.9208e-131,0,0,1.7669e-141,0,0,0,0,0,0,0,0,0,6.1028e-174,0,0,0,0,1,0,0,0,0,0,0,1.4913e-167,1.5764e-302,1.75e-286,6.2554e-235,0,2.8532e-151,0
0,0,0,2.1979e-215,0,0,0,0,8.9374e-302,7.0528e-303,0,1.272e-168,0,0,0,0,0,0,0,0,0,0,0,0,0,2.5278e-142,0,3.9081e-154,2.5417e-103,0,0,6.6068e-89,0,1.689e-263,0,0,0,0,0,1,0,0,0,0,0,0,0,0,1.7722e-207,0,0,0
0,1.024e-214,8.5217e-300,0,0,0,0,0,0,0,0,0,0,0,0,3.6628e-196,0,0,1.1109e-202,0,0,0,1.2117e-143,0,0,0,1.8878e-287,0,0,0,0,0,0,0,0,8.5913e-125,3.306e-269,0,0,0,1,5.1864e-257,7.0108e-216,0,0,0,0,0,0,0,0,0
0,1.7874e-134,0,0,1.3084e-275,2.163e-279,0,0,0,0,0,0,0,0,0,1.5472e-138,1.6563e-252,0,0,4.973e-263,0,0,9.111e-303,0,0,0,6.5016e-146,0,0,0,0,0,0,0,6.4837e-219,3.2874e-205,0,0,0,0,5.1864e-257,1,0,0,0,0,0,0,0,0,0,0
0,0,1.583e-138,0,0,0,0,0,0,6.6584e-252,0,0,0,0,0,0,0,0,2.4702e-97,0,0,0,1.6424e-163,0,0,0,0,0,0,0,0,0,0,0,0,2.4956e-237,7.7766e-189,0,0,0,7.0108e-216,0,1,8.9917e-298,1.677e-224,0,0,0,0,0,0,0
0,0,1.16e-261,3.9831e-296,0,0,0,0,0,2.3695e-262,0,0,0,0,0,0,0,0,2.3767e-302,0,0,0,0,0,0,0,0,0,0,0,0,0,0,0,0,0,0,0,0,0,0,0,8.9917e-298,1,2.0665e-255,0,0,0,0,0,0,0
0,0,5.118e-127,6.8986e-153,0,0,0,0,0,1.8315e-75,0,0,0,0,0,0,0,0,1.6638e-228,0,0,0,0,0,0,7.4376e-217,0,1.7977e-191,1.0494e-319,0,0,2.852e-305,0,0,0,0,1.2297e-271,0,0,0,0,0,1.677e-224,2.0665e-255,1,0,0,0,0,0,0,0
0,0,0,0,0,0,0,4.3398e-95,3.3726e-208,0,2.7275e-170,0,7.6382e-233,0,0,0,0,0,0,0,2.1562e-136,0,0,2.3538e-71,0,0,0,0,0,0,0,0,0,2.9562e-240,0,0,0,0,1.4913e-167,0,0,0,0,0,0,1,2.0103e-191,3.2727e-163,5.0156e-301,0,1.4886e-126,0
5.3869e-247,0,0,0,0,0,3.0628e-226,2.3673e-167,0,0,2.4215e-56,0,3.4207e-94,0,0,0,0,6.6904e-173,0,0,2.6624e-289,0,0,4.6993e-224,0,0,0,0,0,0,0,0,0,0,0,0,0,5.1396e-267,1.5764e-302,0,0,0,0,0,0,2.0103e-191,1,8.6243e-74,0,0,1.8978e-281,0
4.3154e-260,0,0,0,0,0,1.143e-223,2.0874e-164,0,0,4.6258e-50,0,4.2522e-101,0,0,0,0,6.0954e-186,0,0,5.267e-272,0,0,3.3635e-197,0,0,0,0,0,0,0,0,0,0,0,0,0,2.9842e-267,1.75e-286,0,0,0,0,0,0,3.2727e-163,8.6243e-74,1,0,0,9.8633e-255,0
0,0,0,0,0,0,0,0,1.4106e-163,0,0,2.7182e-97,0,0,0,0,0,0,0,0,7.398e-207,0,0,2.2683e-261,0,3.4585e-323,0,0,2.1271e-228,0,0,7.6753e-265,0,1.2532e-131,0,0,0,0,6.2554e-235,1.7722e-207,0,0,0,0,0,5.0156e-301,0,0,1,0,5.305e-229,0
0,0,0,0,0,0,0,0,0,0,0,0,0,3.9022e-101,0,0,0,0,0,0,0,0,0,0,0,0,0,0,0,0,0,0,0,0,0,0,0,0,0,0,0,0,0,0,0,0,0,0,0,1,0,1.2955e-165
0,0,0,0,0,0,0,2.6747e-156,3.2831e-163,0,6.7142e-262,2.0706e-263,2.5691e-322,0,0,0,0,0,0,0,1.5448e-116,0,0,5.8842e-102,0,0,0,0,0,0,0,0,0,1.3555e-183,0,0,0,0,2.8532e-151,0,0,0,0,0,0,1.4886e-126,1.8978e-281,9.8633e-255,5.305e-229,0,1,0
0,0,0,0,0,0,0,0,0,0,0,0,0,4.1091e-163,2.8132e-299,0,0,0,0,0,0,0,0,0,0,0,0,0,0,0,0,0,0,0,0,0,0,0,0,0,0,0,0,0,0,0,0,0,0,1.2955e-165,0,1
