1,1.3644e-257,0,0,0,5.3294e-290,1.1432e-281,1.4876e-264,0,7.2452e-253,7.4759e-298,0,3.5391e-308,1.2515e-207,1.9245e-297,2.3225e-263,0,1.104e-225,8.6436e-211,0,1.7785e-259,2.587e-273,1.0928e-304,0,0,3.101e-168,0,3.5407e-240,6.106e-258,1.3596e-306,0,0,0,0,1.2496e-263,1.3502e-253,6.8101e-291,0,0,0,0,0,0,0,0,0,0,0,0,0,0,0,0,0,0,0,0,9.0514e-301,0,1.4739e-266,0,0,0,0,0,0,8.4057e-306,0,0,0,2.5361e-278,4.4113e-248,0,0,0,0
1.3644e-257,1,6.2474e-228,6.6962e-259,0,2.0392e-182,6.3684e-257,5.8008e-259,0,6.0255e-295,0,1.8731e-281,4.9702e-193,9.8208e-267,3.9221e-226,9.635e-249,6.1094e-292,6.3401e-160,2.7215e-247,8.4443e-215,0,2.1922e-143,0,0,0,0,4.0799e-269,4.6202e-242,6.048e-275,2.8181e-227,1.5198e-310,0,3.6589e-284,0,2.5053e-201,4.1621e-165,0,1.014e-275,0,0,0,1.5129e-247,6.8903e-291,7.3018e-316,0,0,0,0,0,0,0,0,0,4.2464e-310,0,3.6609e-274,0,0,0,8.0437e-226,0,0,0,0,2.1691e-309,0,1.2021e-305,1.3692e-298,6.548e-248,0,1.0291e-241,1.6119e-185,0,0,3.144e-266,4.1716e-289
0,6.2474e-228,1,0,0,3.3731e-202,8.4979e-272,2.4703e-323,0,4.0737e-317,0,6.1248e-255,3.8419e-206,0,1.0295e-293,0,4.0185e-235,6.0592e-255,6.3895e-308,2.378e-291,0,1.8312e-241,0,0,1.9455e-319,0,3.7167e-278,4.2925e-278,0,1.3812e-209,1.7339e-218,0,0,0,6.9363e-238,4.9354e-224,0,2.3844e-252,0,0,0,2.3891e-263,2.3351e-273,0,8.2696e-297,0,0,0,0,0,0,0,0,0,0,8.0879e-202,0,0,0,3.6151e-285,0,0,7.3521e-283,0,4.772e-233,0,5.3839e-287,1.5609e-314,0,0,1.0115e-218,1.1825e-269,0,0,1.1753e-263,1.3361e-292
0,6.6962e-259,0,1,4.253e-311,1.3859e-291,1.075e-307,2.9414e-299,0,0,0,4.4777e-291,1.4141e-256,0,6.6865e-299,1.167e-285,0,1.7981e-268,6.7465e-308,5.6295e-259,0,1.1944e-251,0,0,0,0,0,0,0,3.4602e-317,0,0,1.0286e-290,0,1.9052e-271,9.1535e-284,0,0,0,0,0,4.3735e-280,0,3.8547e-317,0,0,0,0,0,0,0,0,0,1.2118e-281,0,0,2.0795e-320,0,0,1.4354e-305,0,0,0,0,0,0,0,0,1.4496e-310,0,0,7.207e-268,0,0,2.5494e-314,0
0,0,0,4.253e-311,1,0,0,0,0,0,0,0,0,0,0,0,0,0,0,0,0,0,0,0,0,0,0,0,0,0,0,0,0,0,0,0,0,0,0,6.0564e-274,0,0,0,4.8385e-295,0,0,0,0,0,0,3.4585e-323,0,0,5.6501e-258,1.213e-256,0,1.021e-256,0,0,0,0,0,0,0,0,0,0,0,0,0,0,0,0,0,0,0
5.3294e-290,2.0392e-182,3.3731e-202,1.3859e-291,0,1,3.3534e-174,1.2808e-204,0,8.3561e-250,0,8.8632e-230,9.218e-181,5.0657e-310,6.1288e-239,6.1199e-264,4.6032e-216,4.9904e-175,3.1572e-240,3.8646e-256,0,4.2622e-188,0,0,2.0884e-296,0,3.3616e-274,4.2568e-212,6.8217e-295,2.8729e-154,2.4485e-219,0,1.6323e-284,0,1.6859e-160,1.5375e-124,0,1.2279e-202,0,0,0,1.1867e-192,3.4191e-225,0,2.2474e-262,0,0,0,0,0,0,0,0,1.0773e-314,0,1.8709e-199,0,6.54e-256,0,2.1858e-197,0,0,0,0,2.2964e-231,0,5.8278e-299,3.3144e-261,2.8905e-239,0,9.1979e-181,1.4688e-179,0,0,1.4345e-238,4.1164e-287
1.1432e-281,6.3684e-257,8.4979e-272,1.075e-307,0,3.3534e-174,1,2.6314e-204,0,3.6484e-206,0,9.3099e-192,2.505e-171,0,3.3841e-262,3.7363e-277,6.5647e-198,4.2602e-173,2.0587e-215,1.8126e-318,0,3.6434e-248,0,0,0,0,0,3.7727e-156,1.0943e-316,5.8014e-135,2.1994e-230,0,0,0,2.7501e-99,1.7387e-125,0,1.714e-176,0,0,0,5.2954e-231,1.8994e-259,0,9.6633e-211,0,0,0,0,0,0,0,0,0,0,5.2673e-204,0,4.9414e-208,0,4.1854e-280,0,0,0,0,1.1592e-296,0,1.4107e-293,3.2957e-310,4.9407e-324,0,7.5505e-171,6.9028e-216,1.7752e-295,0,5.948e-268,8.5143e-319
1.4876e-264,5.8008e-259,2.4703e-323,2.9414e-299,0,1.2808e-204,2.6314e-204,1,0,1.782e-281,0,9.568e-318,4.4244e-270,3.4636e-303,1.8667e-242,2.0062e-214,6.4476e-321,1.0773e-225,8.0672e-249,2.7991e-289,0,5.2887e-235,0,1.2846e-322,0,7.051e-318,2.9644e-323,3.9638e-252,4.7729e-300,1.8671e-252,0,0,0,0,1.0185e-204,6.7819e-192,0,3.6098e-280,0,0,0,1.6126e-263,3.645e-317,0,4.0991e-312,0,0,0,0,0,0,0,0,6.5282e-298,0,5.6102e-308,0,5.7006e-284,0,3.7305e-245,0,0,0,0,0,0,0,0,0,0,2.4471e-263,7.8759e-224,0,0,0,0
0,0,0,0,0,0,0,0,1,0,0,0,0,0,0,0,0,0,0,0,0,0,3.2883e-223,0,0,0,0,0,0,0,0,0,0,0,0,0,1.9103e-269,0,0,0,0,0,0,0,0,0,0,0,0,0,0,0,0,0,0,0,0,0,0,0,0,0,0,0,0,0,0,0,0,0,0,0,0,0,0,0
7.2452e-253,6.0255e-295,4.0737e-317,0,0,8.3561e-250,3.6484e-206,1.782e-281,0,1,0,1.5428e-284,6.7632e-277,0,9.2514e-294,0,1.601e-207,1.9279e-253,7.341e-268,0,2.0267e-320,5.9205e-315,0,0,0,1.107e-315,0,4.8924e-188,0,2.4594e-234,1.2743e-287,0,0,0,2.3525e-233,1.6366e-204,3.4054e-317,2.449e-254,0,0,0,0,4.8421e-285,0,6.6527e-268,0,0,0,0,0,0,0,0,0,0,2.469e-264,0,7.4409e-245,0,3.3492e-305,0,0,0,0,0,0,4.84e-273,0,0,0,2.2784e-228,8.0469e-276,0,0,0,0
7.4759e-298,0,0,0,0,0,0,0,0,0,1,0,0,2.736e-269,0,0,0,0,0,0,1.5212e-308,0,3.1613e-232,0,0,5.5097e-305,0,0,2.612e-315,0,0,0,0,0,0,0,2.0558e-256,0,5.9967e-269,0,0,0,0,0,0,0,0,0,0,0,0,0,0,0,0,0,0,0,0,0,0,0,0,4.471e-282,0,0,0,0,0,0,0,0,0,0,0,0
0,1.8731e-281,6.1248e-255,4.4777e-291,0,8.8632e-230,9.3099e-192,9.568e-318,0,1.5428e-284,0,1,1.6597e-166,0,0,0,1.0156e-218,1.7652e-232,2.2909e-272,0,0,2.0364e-286,0,0,7.541e-319,0,0,2.999e-255,0,1.4265e-176,5.062e-213,0,0,0,3.1667e-203,2.9796e-214,0,7.5592e-162,0,0,0,2.4333e-246,2.2879e-275,0,3.5369e-228,0,0,0,0,0,0,0,0,0,0,1.2133e-220,0,4.8664e-269,0,1.245e-321,0,0,2.6334e-303,0,9.4488e-278,0,4.0932e-304,0,0,0,7.4647e-210,4.7241e-263,0,0,1.3448e-237,3.7949e-320
3.5391e-308,4.9702e-193,3.8419e-206,1.4141e-256,0,9.218e-181,2.505e-171,4.4244e-270,0,6.7632e-277,0,1.6597e-166,1,0,1.8043e-284,2.5551e-288,4.3652e-200,2.4023e-146,1.4091e-206,6.0016e-225,0,3.1533e-171,0,0,6.7586e-301,0,1.1564e-274,3.354e-199,2.5129e-291,7.5943e-123,1.9168e-225,0,1.7484e-291,0,5.4086e-137,1.2334e-160,0,2.0198e-181,0,0,0,1.1386e-188,4.1352e-262,7.5516e-313,8.2793e-216,0,0,0,0,0,0,0,0,0,0,2.039e-187,0,1.8662e-254,0,5.2029e-277,0,0,0,0,7.2109e-273,0,5.0357e-275,0,1.9605e-271,0,3.387e-178,3.9748e-192,0,0,9.5966e-232,4.7118e-260
1.2515e-207,9.8208e-267,0,0,0,5.0657e-310,0,3.4636e-303,0,0,2.736e-269,0,0,1,1.0321e-300,1.5993e-263,0,1.0562e-272,2.9381e-240,5.8084e-316,0,6.1582e-275,2.0947e-275,5.6194e-304,0,2.1182e-270,5.2028e-291,1.1151e-313,1.0188e-198,0,0,4.9407e-324,4.9407e-323,4.9028e-319,3.8816e-295,3.7995e-299,0,0,1.2194e-306,0,0,0,0,0,0,0,0,0,0,0,0,0,0,0,0,0,0,0,0,1.5619e-291,0,0,0,0,0,0,0,0,0,0,3.0917e-316,1.8082e-251,0,0,0,0
1.9245e-297,3.9221e-226,1.0295e-293,6.6865e-299,0,6.1288e-239,3.3841e-262,1.8667e-242,0,9.2514e-294,0,0,1.8043e-284,1.0321e-300,1,2.2737e-204,0,1.7064e-249,1.9903e-299,3.9461e-306,0,3.7419e-261,6.4271e-319,1.8494e-319,0,0,0,3.7435e-243,0,5.5637e-286,0,0,0,3.3379e-320,4.7797e-237,1.2255e-210,0,0,0,0,0,0,1.2915e-299,0,0,0,0,0,0,0,0,0,0,0,0,1.2946e-312,0,0,0,2.6146e-291,0,0,0,0,0,0,0,1.978e-303,3.506e-311,0,2.9211e-287,7.0256e-256,0,0,0,0
2.3225e-263,9.635e-249,0,1.167e-285,0,6.1199e-264,3.7363e-277,2.0062e-214,0,0,0,0,2.5551e-288,1.5993e-263,2.2737e-204,1,0,2.0222e-244,3.4006e-269,7.3891e-276,0,2.2126e-240,1.599e-277,3.3379e-270,0,0,1.1413e-321,3.6952e-286,1.0136e-273,1.8261e-319,0,0,1.2286e-318,3.7778e-285,6.6533e-242,3.5939e-248,7.58e-320,0,0,0,0,3.5706e-314,0,0,0,0,0,0,0,0,0,0,0,0,1.4785e-290,0,0,1.2846e-322,0,3.7797e-264,0,0,0,0,0,0,0,0,3.3864e-300,6.5378e-287,1.6928e-295,9.3676e-220,0,0,0,0
0,6.1094e-292,4.0185e-235,0,0,4.6032e-216,6.5647e-198,6.4476e-321,0,1.601e-207,0,1.0156e-218,4.3652e-200,0,0,0,1,6.784e-238,3.8783e-247,0,0,1.1838e-284,0,0,0,0,4.3308e-316,2.1603e-208,0,8.0217e-142,1.6148e-169,0,0,0,7.7455e-212,4.6818e-211,0,6.2642e-201,0,0,0,2.2166e-263,5.569e-258,0,2.6868e-218,0,0,0,0,0,0,0,0,0,0,1.3437e-165,0,1.7173e-235,0,0,0,0,0,0,2.3106e-316,0,1.0226e-203,0,0,0,1.1378e-171,3.8741e-269,0,0,3.1674e-313,5.0859e-301
1.104e-225,6.3401e-160,6.0592e-255,1.7981e-268,0,4.9904e-175,4.2602e-173,1.0773e-225,0,1.9279e-253,0,1.7652e-232,2.4023e-146,1.0562e-272,1.7064e-249,2.0222e-244,6.784e-238,1,1.5296e-185,5.4096e-230,0,3.6045e-140,0,0,0,0,2.0338e-294,5.427e-181,1.7184e-277,1.3327e-155,1.5156e-267,0,5.9679e-285,0,3.4688e-144,2.0645e-131,0,5.1377e-236,0,0,0,1.733e-189,8.0584e-305,0,7.3908e-250,0,0,0,0,0,0,0,0,0,0,9.3308e-239,0,8.5873e-272,0,7.7619e-245,0,0,0,0,0,0,4.6672e-267,0,1.6177e-297,0,8.3987e-190,8.9111e-178,0,0,1.3776e-290,0
8.6436e-211,2.7215e-247,6.3895e-308,6.7465e-308,0,3.1572e-240,2.0587e-215,8.0672e-249,0,7.341e-268,0,2.2909e-272,1.4091e-206,2.9381e-240,1.9903e-299,3.4006e-269,3.8783e-247,1.5296e-185,1,7.3378e-284,0,1.4496e-208,4.9407e-324,0,0,0,7.8303e-273,2.1257e-235,1.3641e-177,4.8745e-215,0,0,3.5461e-287,0,1.6098e-196,1.3031e-227,0,2.0454e-258,0,0,0,4.1718e-238,2.7006e-305,1.4544e-294,1.5554e-257,0,0,0,0,0,0,0,0,0,0,1.0118e-263,0,1.628e-216,0,3.6195e-252,0,0,0,0,0,0,1.3702e-245,0,0,0,3.8834e-213,6.3466e-160,0,0,0,0
0,8.4443e-215,2.378e-291,5.6295e-259,0,3.8646e-256,1.8126e-318,2.7991e-289,0,0,0,0,6.0016e-225,5.8084e-316,3.9461e-306,7.3891e-276,0,5.4096e-230,7.3378e-284,1,0,3.1637e-142,0,0,0,0,4.6858e-239,0,2.7197e-300,1.6371e-276,0,0,4.8877e-244,0,3.2146e-265,6.5061e-273,0,0,0,0,0,3.9557e-215,0,2.9939e-255,0,0,0,0,0,0,0,0,0,5.4025e-295,0,4.1307e-309,0,0,3.6067e-322,6.2009e-312,0,0,0,0,0,0,0,0,3.7734e-270,0,1.6281e-316,6.3512e-243,0,1.375e-314,0,0
1.7785e-259,0,0,0,0,0,0,0,0,2.0267e-320,1.5212e-308,0,0,0,0,0,0,0,0,0,1,0,0,0,0,2.3042e-238,0,0,0,0,0,0,0,0,0,0,1.0906e-263,0,0,0,0,0,0,0,0,0,0,0,0,0,0,0,0,0,0,0,0,0,0,0,0,0,0,0,0,0,0,0,0,0,0,0,0,0,0,0
2.587e-273,2.1922e-143,1.8312e-241,1.1944e-251,0,4.2622e-188,3.6434e-248,5.2887e-235,0,5.9205e-315,0,2.0364e-286,3.1533e-171,6.1582e-275,3.7419e-261,2.2126e-240,1.1838e-284,3.6045e-140,1.4496e-208,3.1637e-142,0,1,0,0,0,0,1.2612e-258,9.8446e-260,7.7721e-262,4.1303e-210,3.4585e-323,0,3.8273e-247,0,1.7797e-204,8.2668e-194,0,1.5683e-284,0,0,0,1.5613e-190,1.1834e-316,7.1555e-282,1.2483e-294,0,0,0,0,0,0,0,0,7.938e-313,0,8.1271e-255,0,6.8355e-312,0,3.1178e-226,0,0,0,0,0,0,1.1657e-319,0,4.5648e-261,0,1.8498e-247,9.7359e-171,0,0,4.6132e-310,8.2086e-314
1.0928e-304,0,0,0,0,0,0,0,3.2883e-223,0,3.1613e-232,0,0,2.0947e-275,6.4271e-319,1.599e-277,0,0,4.9407e-324,0,0,0,1,0,0,1.2203e-321,0,0,1.3424e-302,0,0,0,0,0,0,0,1.9284e-185,0,0,0,0,0,0,0,0,0,0,0,0,0,0,0,0,0,0,0,0,6.2252e-322,0,3.3754e-314,0,0,0,0,0,0,0,0,4.9717e-307,0,0,1.0795e-267,0,0,0,0
0,0,0,0,0,0,0,1.2846e-322,0,0,0,0,0,5.6194e-304,1.8494e-319,3.3379e-270,0,0,0,0,0,0,0,1,0,0,0,0,0,0,0,3.2965e-287,0,1.7564e-191,0,0,0,0,0,0,0,0,0,0,0,0,0,0,0,0,0,0,0,0,0,0,0,0,0,0,0,0,0,0,0,0,0,0,0,1.3978e-263,0,0,0,0,0,0
0,0,1.9455e-319,0,0,2.0884e-296,0,0,0,0,0,7.541e-319,6.7586e-301,0,0,0,0,0,0,0,0,0,0,0,1,0,0,0,0,1.2389e-315,9.0745e-296,0,0,0,4.0263e-313,2.0005e-296,0,1.1961e-319,0,0,0,4.5157e-313,0,0,0,0,0,0,0,0,0,0,0,0,0,0,0,0,0,0,0,2.737e-214,3.4585e-323,0,4.9549e-243,0,0,4.8752e-259,2.1258e-281,0,0,0,0,0,1.7684e-189,4.9407e-324
3.101e-168,0,0,0,0,0,0,7.051e-318,0,1.107e-315,5.5097e-305,0,0,2.1182e-270,0,0,0,0,0,0,2.3042e-238,0,1.2203e-321,0,0,1,0,1.9565e-321,0,0,0,0,0,0,0,0,1.0834e-272,0,0,0,0,0,0,0,0,0,0,0,0,0,0,0,0,0,0,0,0,0,0,0,0,0,0,0,0,0,0,0,0,0,0,0,0,0,0,0
0,4.0799e-269,3.7167e-278,0,0,3.3616e-274,0,2.9644e-323,0,0,0,0,1.1564e-274,5.2028e-291,0,1.1413e-321,4.3308e-316,2.0338e-294,7.8303e-273,4.6858e-239,0,1.2612e-258,0,0,0,0,1,0,7.9578e-243,1.4628e-295,0,0,4.9407e-324,0,2.7549e-271,2.1126e-293,0,1.0375e-322,0,0,0,8.1927e-276,3.0622e-318,7.4831e-223,0,0,0,0,0,0,2.4426e-302,0,0,0,0,1.1999e-290,0,0,9.8884e-307,0,0,0,0,0,1.9763e-323,0,0,0,0,0,2.9514e-264,2.1364e-245,0,0,0,7.9408e-307
3.5407e-240,4.6202e-242,4.2925e-278,0,0,4.2568e-212,3.7727e-156,3.9638e-252,0,4.8924e-188,0,2.999e-255,3.354e-199,1.1151e-313,3.7435e-243,3.6952e-286,2.1603e-208,5.427e-181,2.1257e-235,0,0,9.8446e-260,0,0,0,1.9565e-321,0,1,8.3497e-322,2.5424e-176,3.1818e-270,0,0,0,2.4768e-148,8.009e-148,0,1.8161e-223,0,0,0,5.9441e-290,1.0704e-287,0,5.1277e-245,0,0,0,0,0,0,0,0,0,0,8.7971e-235,0,6.01e-263,0,5.0115e-304,0,0,0,0,0,0,8.5094e-261,0,0,0,1.7916e-173,1.8075e-235,0,0,3.4422e-317,0
6.106e-258,6.048e-275,0,0,0,6.8217e-295,1.0943e-316,4.7729e-300,0,0,2.612e-315,0,2.5129e-291,1.0188e-198,0,1.0136e-273,0,1.7184e-277,1.3641e-177,2.7197e-300,0,7.7721e-262,1.3424e-302,0,0,0,7.9578e-243,8.3497e-322,1,8.1783e-320,0,0,2.8614e-289,0,3.6813e-274,2.6319e-304,0,9.6476e-319,6.4402e-292,0,0,1.3894e-312,9.8813e-324,1.2795e-235,0,0,0,0,0,0,3.0267e-298,0,0,0,0,0,0,2.1367e-305,7.859e-319,5.1827e-275,1.3935e-292,0,0,0,0,0,0,0,0,3.4908e-307,2.7186e-278,4.6378e-178,0,0,0,0
1.3596e-306,2.8181e-227,1.3812e-209,3.4602e-317,0,2.8729e-154,5.8014e-135,1.8671e-252,0,2.4594e-234,0,1.4265e-176,7.5943e-123,0,5.5637e-286,1.8261e-319,8.0217e-142,1.3327e-155,4.8745e-215,1.6371e-276,0,4.1303e-210,0,0,1.2389e-315,0,1.4628e-295,2.5424e-176,8.1783e-320,1,8.3806e-168,0,5.6655e-315,0,7.7425e-143,2.8746e-139,0,3.3255e-157,0,0,0,3.1786e-181,1.2883e-246,0,7.6776e-192,0,0,0,0,0,0,0,0,0,0,1.808e-159,0,1.3174e-235,0,3.1347e-284,0,0,0,0,4.4891e-267,0,3.3672e-241,3.6961e-320,7.3237e-302,0,1.72e-149,1.343e-212,2.6576e-320,0,1.0672e-252,7.1026e-294
0,1.5198e-310,1.7339e-218,0,0,2.4485e-219,2.1994e-230,0,0,1.2743e-287,0,5.062e-213,1.9168e-225,0,0,0,1.6148e-169,1.5156e-267,0,0,0,3.4585e-323,0,0,9.0745e-296,0,0,3.1818e-270,0,8.3806e-168,1,0,0,0,8.752e-244,7.5218e-224,0,5.2985e-207,0,0,0,4.1597e-253,1.8029e-266,0,2.1089e-255,0,0,0,0,0,0,0,0,0,0,1.9788e-194,0,2.322e-307,0,0,0,0,2.8892e-275,0,2.0481e-233,0,2.1552e-284,3.7805e-300,0,0,2.8301e-194,2.2735e-313,0,0,7.7672e-249,0
0,0,0,0,0,0,0,0,0,0,0,0,0,4.9407e-324,0,0,0,0,0,0,0,0,0,3.2965e-287,0,0,0,0,0,0,0,1,0,5.9591e-247,0,0,0,0,0,0,0,0,0,0,0,0,0,0,0,0,0,0,0,0,1.5377e-298,0,0,0,5.7916e-264,0,0,0,0,0,0,0,0,0,0,3.2526e-241,0,0,0,0,0,0
0,3.6589e-284,0,1.0286e-290,0,1.6323e-284,0,0,0,0,0,0,1.7484e-291,4.9407e-323,0,1.2286e-318,0,5.9679e-285,3.5461e-287,4.8877e-244,0,3.8273e-247,0,0,0,0,4.9407e-324,0,2.8614e-289,5.6655e-315,0,0,1,0,3.9794e-313,0,0,0,0,0,0,1.3369e-265,0,8.8076e-288,0,0,0,0,0,0,1.2553e-313,0,0,0,0,0,0,0,0,2.6367e-296,0,0,0,0,0,0,0,0,0,0,0,6.2534e-273,0,0,0,0
0,0,0,0,0,0,0,0,0,0,0,0,0,4.9028e-319,3.3379e-320,3.7778e-285,0,0,0,0,0,0,0,1.7564e-191,0,0,0,0,0,0,0,5.9591e-247,0,1,0,0,0,0,0,0,0,0,0,0,0,0,0,0,0,0,0,0,0,0,1.1387e-308,0,6.7687e-322,0,0,0,0,0,0,0,0,0,0,0,0,9.1839e-213,0,0,0,0,0,0
1.2496e-263,2.5053e-201,6.9363e-238,1.9052e-271,0,1.6859e-160,2.7501e-99,1.0185e-204,0,2.3525e-233,0,3.1667e-203,5.4086e-137,3.8816e-295,4.7797e-237,6.6533e-242,7.7455e-212,3.4688e-144,1.6098e-196,3.2146e-265,0,1.7797e-204,0,0,4.0263e-313,0,2.7549e-271,2.4768e-148,3.6813e-274,7.7425e-143,8.752e-244,0,3.9794e-313,0,1,1.4469e-105,0,8.8277e-192,0,0,0,2.6854e-218,4.5091e-260,0,4.7888e-239,0,0,0,0,0,0,0,0,0,0,4.8971e-203,0,4.7678e-236,0,5.3758e-249,0,0,0,0,1.6043e-282,0,5.6766e-277,3.1817e-299,1.6128e-293,0,9.9046e-155,2.1116e-182,1.4822e-323,0,4.5727e-253,9.5135e-276
1.3502e-253,4.1621e-165,4.9354e-224,9.1535e-284,0,1.5375e-124,1.7387e-125,6.7819e-192,0,1.6366e-204,0,2.9796e-214,1.2334e-160,3.7995e-299,1.2255e-210,3.5939e-248,4.6818e-211,2.0645e-131,1.3031e-227,6.5061e-273,0,8.2668e-194,0,0,2.0005e-296,0,2.1126e-293,8.009e-148,2.6319e-304,2.8746e-139,7.5218e-224,0,0,0,1.4469e-105,1,0,2.7955e-194,0,0,0,3.5605e-224,7.1246e-242,0,1.143e-253,0,0,0,0,0,0,0,0,4.9407e-324,0,1.002e-210,0,1.1352e-252,0,2.8841e-231,0,0,0,0,1.8871e-271,0,9.5005e-276,1.624e-254,2.0703e-267,0,8.0717e-156,1.0118e-182,0,0,1.8922e-235,6.2383e-287
6.8101e-291,0,0,0,0,0,0,0,1.9103e-269,3.4054e-317,2.0558e-256,0,0,0,0,7.58e-320,0,0,0,0,1.0906e-263,0,1.9284e-185,0,0,1.0834e-272,0,0,0,0,0,0,0,0,0,0,1,0,0,0,0,0,0,0,0,0,0,0,0,0,0,0,0,0,0,0,0,0,0,0,0,0,0,0,0,0,0,0,0,0,0,0,0,0,0,0
0,1.014e-275,2.3844e-252,0,0,1.2279e-202,1.714e-176,3.6098e-280,0,2.449e-254,0,7.5592e-162,2.0198e-181,0,0,0,6.2642e-201,5.1377e-236,2.0454e-258,0,0,1.5683e-284,0,0,1.1961e-319,0,1.0375e-322,1.8161e-223,9.6476e-319,3.3255e-157,5.2985e-207,0,0,0,8.8277e-192,2.7955e-194,0,1,0,0,0,4.6823e-255,9.1596e-209,0,3.0138e-208,0,0,0,0,0,0,0,0,1.7688e-321,0,2.413e-194,0,4.3652e-240,0,6.2613e-304,0,0,3.1151e-273,0,1.9892e-257,0,8.3675e-289,7.0681e-314,7.7515e-319,0,2.6707e-175,1.9439e-220,6.9169e-323,0,1.691e-209,2.1604e-303
0,0,0,0,0,0,0,0,0,0,5.9967e-269,0,0,1.2194e-306,0,0,0,0,0,0,0,0,0,0,0,0,0,0,6.4402e-292,0,0,0,0,0,0,0,0,0,1,0,0,0,0,0,0,0,0,0,0,0,6.8099e-314,0,0,0,0,0,0,0,0,0,0,0,0,4.767e-277,0,0,0,0,0,0,0,0,0,0,0,0
0,0,0,0,6.0564e-274,0,0,0,0,0,0,0,0,0,0,0,0,0,0,0,0,0,0,0,0,0,0,0,0,0,0,0,0,0,0,0,0,0,0,1,0,0,0,0,0,0,0,0,0,0,0,0,0,5.7772e-314,0,0,0,0,0,0,0,0,0,0,0,6.1264e-322,0,0,0,0,0,0,0,0,0,0
0,0,0,0,0,0,0,0,0,0,0,0,0,0,0,0,0,0,0,0,0,0,0,0,0,0,0,0,0,0,0,0,0,0,0,0,0,0,0,0,1,0,0,0,0,0,0,0,0,0,0,0,0,0,0,0,0,0,0,0,0,0,0,0,0,0,0,0,0,0,0,0,0,0,0,0
0,1.5129e-247,2.3891e-263,4.3735e-280,0,1.1867e-192,5.2954e-231,1.6126e-263,0,0,0,2.4333e-246,1.1386e-188,0,0,3.5706e-314,2.2166e-263,1.733e-189,4.1718e-238,3.9557e-215,0,1.5613e-190,0,0,4.5157e-313,0,8.1927e-276,5.9441e-290,1.3894e-312,3.1786e-181,4.1597e-253,0,1.3369e-265,0,2.6854e-218,3.5605e-224,0,4.6823e-255,0,0,0,1,1.2328e-319,9.537e-296,1.1914e-267,0,0,0,0,0,0,0,0,0,0,4.3566e-233,0,2.4768e-284,0,8.4087e-293,0,0,0,0,1.0766e-278,0,0,0,3.6459e-299,0,2.5843e-235,2.9537e-221,0,0,2.3191e-287,0
0,6.8903e-291,2.3351e-273,0,0,3.4191e-225,1.8994e-259,3.645e-317,0,4.8421e-285,0,2.2879e-275,4.1352e-262,0,1.2915e-299,0,5.569e-258,8.0584e-305,2.7006e-305,0,0,1.1834e-316,0,0,0,0,3.0622e-318,1.0704e-287,9.8813e-324,1.2883e-246,1.8029e-266,0,0,0,4.5091e-260,7.1246e-242,0,9.1596e-209,0,0,0,1.2328e-319,1,0,5.6952e-250,0,0,0,0,0,0,0,0,0,0,5.3171e-216,0,3.1538e-247,0,1.7781e-298,0,0,9.2719e-319,0,3.5244e-266,0,0,4.108e-262,3.9321e-232,0,9.9831e-221,8.2803e-216,1.337e-284,0,5.3875e-251,9.1327e-309
0,7.3018e-316,0,3.8547e-317,4.8385e-295,0,0,0,0,0,0,0,7.5516e-313,0,0,0,0,0,1.4544e-294,2.9939e-255,0,7.1555e-282,0,0,0,0,7.4831e-223,0,1.2795e-235,0,0,0,8.8076e-288,0,0,0,0,0,0,0,0,9.537e-296,0,1,0,1.3839e-293,1.9763e-322,0,0,0,2.6527e-250,0,0,3.9448e-315,3.1831e-298,0,0,0,5.8392e-306,0,0,0,0,0,0,0,0,0,0,4.9407e-324,0,2.1143e-243,0,4.9594e-266,0,0
0,0,8.2696e-297,0,0,2.2474e-262,9.6633e-211,4.0991e-312,0,6.6527e-268,0,3.5369e-228,8.2793e-216,0,0,0,2.6868e-218,7.3908e-250,1.5554e-257,0,0,1.2483e-294,0,0,0,0,0,5.1277e-245,0,7.6776e-192,2.1089e-255,0,0,0,4.7888e-239,1.143e-253,0,3.0138e-208,0,0,0,1.1914e-267,5.6952e-250,0,1,0,0,0,0,0,0,0,0,0,0,1.6937e-174,0,6.1231e-227,0,0,0,0,0,0,0,0,1.9612e-316,0,0,0,2.4579e-195,3.4116e-248,7.025e-237,0,0,0
0,0,0,0,0,0,0,0,0,0,0,0,0,0,0,0,0,0,0,0,0,0,0,0,0,0,0,0,0,0,0,0,0,0,0,0,0,0,0,0,0,0,0,1.3839e-293,0,1,0,0,0,0,0,0,0,0,0,0,0,0,0,0,0,0,0,0,0,0,0,0,0,0,0,0,0,0,0,0
0,0,0,0,0,0,0,0,0,0,0,0,0,0,0,0,0,0,0,0,0,0,0,0,0,0,0,0,0,0,0,0,0,0,0,0,0,0,0,0,0,0,0,1.9763e-322,0,0,1,0,0,0,0,0,0,0,2.5016e-314,0,0,0,0,0,0,0,0,0,0,0,0,0,0,0,0,0,0,0,0,0
0,0,0,0,0,0,0,0,0,0,0,0,0,0,0,0,0,0,0,0,0,0,0,0,0,0,0,0,0,0,0,0,0,0,0,0,0,0,0,0,0,0,0,0,0,0,0,1,0,0,0,0,0,0,0,0,0,0,0,0,0,0,0,0,0,0,0,0,0,0,0,0,0,0,0,0
0,0,0,0,0,0,0,0,0,0,0,0,0,0,0,0,0,0,0,0,0,0,0,0,0,0,0,0,0,0,0,0,0,0,0,0,0,0,0,0,0,0,0,0,0,0,0,0,1,0,0,0,0,0,0,0,0,0,0,0,0,0,0,0,0,0,0,0,0,0,0,0,0,0,0,0
0,0,0,0,0,0,0,0,0,0,0,0,0,0,0,0,0,0,0,0,0,0,0,0,0,0,0,0,0,0,0,0,0,0,0,0,0,0,0,0,0,0,0,0,0,0,0,0,0,1,0,0,0,0,0,0,0,0,0,0,0,0,0,0,0,0,0,0,0,0,0,0,0,0,0,0
0,0,0,0,3.4585e-323,0,0,0,0,0,0,0,0,0,0,0,0,0,0,0,0,0,0,0,0,0,2.4426e-302,0,3.0267e-298,0,0,0,1.2553e-313,0,0,0,0,0,6.8099e-314,0,0,0,0,2.6527e-250,0,0,0,0,0,0,1,0,0,0,0,0,0,0,0,0,0,0,0,0,0,0,0,0,0,0,0,0,0,0,0,0
0,0,0,0,0,0,0,0,0,0,0,0,0,0,0,0,0,0,0,0,0,0,0,0,0,0,0,0,0,0,0,0,0,0,0,0,0,0,0,0,0,0,0,0,0,0,0,0,0,0,0,1,0,0,0,0,0,0,0,0,0,0,0,0,0,0,0,0,0,0,0,0,0,0,0,0
0,0,0,0,0,0,0,0,0,0,0,0,0,0,0,0,0,0,0,0,0,0,0,0,0,0,0,0,0,0,0,0,0,0,0,0,0,0,0,0,0,0,0,0,0,0,0,0,0,0,0,0,1,0,0,0,0,0,0,0,0,0,0,0,0,0,0,0,0,0,0,0,0,0,0,0
0,4.2464e-310,0,1.2118e-281,5.6501e-258,1.0773e-314,0,6.5282e-298,0,0,0,0,0,0,0,0,0,0,0,5.4025e-295,0,7.938e-313,0,0,0,0,0,0,0,0,0,0,0,0,0,4.9407e-324,0,1.7688e-321,0,5.7772e-314,0,0,0,3.9448e-315,0,0,0,0,0,0,0,0,0,1,0,0,0,0,0,0,0,0,0,0,3.8921e-314,0,0,0,5.0378e-308,0,0,3.2234e-285,0,0,4.7412e-278,0
0,0,0,0,1.213e-256,0,0,0,0,0,0,0,0,0,0,1.4785e-290,0,0,0,0,0,0,0,0,0,0,0,0,0,0,0,1.5377e-298,0,1.1387e-308,0,0,0,0,0,0,0,0,0,3.1831e-298,0,0,2.5016e-314,0,0,0,0,0,0,0,1,0,0,0,1.1907e-278,0,0,0,0,0,0,0,0,0,0,1.4172e-283,0,0,0,0,0,0
0,3.6609e-274,8.0879e-202,0,0,1.8709e-199,5.2673e-204,5.6102e-308,0,2.469e-264,0,1.2133e-220,2.039e-187,0,1.2946e-312,0,1.3437e-165,9.3308e-239,1.0118e-263,4.1307e-309,0,8.1271e-255,0,0,0,0,1.1999e-290,8.7971e-235,0,1.808e-159,1.9788e-194,0,0,0,4.8971e-203,1.002e-210,0,2.413e-194,0,0,0,4.3566e-233,5.3171e-216,0,1.6937e-174,0,0,0,0,0,0,0,0,0,0,1,0,2.1606e-253,0,5.398e-307,0,0,4.5796e-318,0,1.1883e-280,0,2.1259e-278,0,5.9077e-303,0,2.908e-176,7.6569e-228,3.7408e-300,0,2.6128e-275,6.8381e-284
0,0,0,2.0795e-320,1.021e-256,0,0,0,0,0,0,0,0,0,0,0,0,0,0,0,0,0,0,0,0,0,0,0,0,0,0,0,0,6.7687e-322,0,0,0,0,0,0,0,0,0,0,0,0,0,0,0,0,0,0,0,0,0,0,1,0,0,0,0,0,0,0,0,1.6304e-322,0,0,0,0,0,0,0,0,0,0
9.0514e-301,0,0,0,0,6.54e-256,4.9414e-208,5.7006e-284,0,7.4409e-245,0,4.8664e-269,1.8662e-254,0,0,1.2846e-322,1.7173e-235,8.5873e-272,1.628e-216,0,0,6.8355e-312,6.2252e-322,0,0,0,0,6.01e-263,2.1367e-305,1.3174e-235,2.322e-307,0,0,0,4.7678e-236,1.1352e-252,0,4.3652e-240,0,0,0,2.4768e-284,3.1538e-247,0,6.1231e-227,0,0,0,0,0,0,0,0,0,0,2.1606e-253,0,1,0,7.2351e-307,0,0,0,0,0,0,0,0,2.5661e-315,0,2.1569e-234,3.2513e-225,2.2448e-221,0,0,0
0,0,0,0,0,0,0,0,0,0,0,0,0,0,0,0,0,0,0,3.6067e-322,0,0,0,0,0,0,9.8884e-307,0,7.859e-319,0,0,5.7916e-264,0,0,0,0,0,0,0,0,0,0,0,5.8392e-306,0,0,0,0,0,0,0,0,0,0,1.1907e-278,0,0,0,1,0,0,0,0,0,0,0,0,0,0,5.9415e-282,0,0,0,6.4039e-277,0,0
1.4739e-266,8.0437e-226,3.6151e-285,1.4354e-305,0,2.1858e-197,4.1854e-280,3.7305e-245,0,3.3492e-305,0,1.245e-321,5.2029e-277,1.5619e-291,2.6146e-291,3.7797e-264,0,7.7619e-245,3.6195e-252,6.2009e-312,0,3.1178e-226,3.3754e-314,0,0,0,0,5.0115e-304,5.1827e-275,3.1347e-284,0,0,2.6367e-296,0,5.3758e-249,2.8841e-231,0,6.2613e-304,0,0,0,8.4087e-293,1.7781e-298,0,0,0,0,0,0,0,0,0,0,0,0,5.398e-307,0,7.2351e-307,0,1,0,0,0,0,0,0,0,0,1.544e-294,0,1.2758e-272,5.905e-196,0,0,0,0
0,0,0,0,0,0,0,0,0,0,0,0,0,0,0,0,0,0,0,0,0,0,0,0,0,0,0,0,1.3935e-292,0,0,0,0,0,0,0,0,0,0,0,0,0,0,0,0,0,0,0,0,0,0,0,0,0,0,0,0,0,0,0,1,0,0,0,0,0,0,0,0,0,0,0,0,0,0,0
0,0,0,0,0,0,0,0,0,0,0,0,0,0,0,0,0,0,0,0,0,0,0,0,2.737e-214,0,0,0,0,0,0,0,0,0,0,0,0,0,0,0,0,0,0,0,0,0,0,0,0,0,0,0,0,0,0,0,0,0,0,0,0,1,0,0,1.9211e-223,0,0,1.5066e-297,0,0,0,0,0,0,7.3371e-246,0
0,0,7.3521e-283,0,0,0,0,0,0,0,0,2.6334e-303,0,0,0,0,0,0,0,0,0,0,0,0,3.4585e-323,0,0,0,0,0,2.8892e-275,0,0,0,0,0,0,3.1151e-273,0,0,0,0,9.2719e-319,0,0,0,0,0,0,0,0,0,0,0,0,4.5796e-318,0,0,0,0,0,0,1,0,3.1481e-264,0,0,0,0,0,0,0,0,0,2.584e-250,0
0,0,0,0,0,0,0,0,0,0,4.471e-282,0,0,0,0,0,0,0,0,0,0,0,0,0,0,0,0,0,0,0,0,0,0,0,0,0,0,0,4.767e-277,0,0,0,0,0,0,0,0,0,0,0,0,0,0,0,0,0,0,0,0,0,0,0,0,1,0,0,0,0,0,0,0,0,0,0,0,0
0,2.1691e-309,4.772e-233,0,0,2.2964e-231,1.1592e-296,0,0,0,0,9.4488e-278,7.2109e-273,0,0,0,2.3106e-316,0,0,0,0,0,0,0,4.9549e-243,0,1.9763e-323,0,0,4.4891e-267,2.0481e-233,0,0,0,1.6043e-282,1.8871e-271,0,1.9892e-257,0,0,0,1.0766e-278,3.5244e-266,0,0,0,0,0,0,0,0,0,0,3.8921e-314,0,1.1883e-280,0,0,0,0,0,1.9211e-223,3.1481e-264,0,1,0,0,3.0637e-222,1.393e-305,0,3.3792e-267,1.4822e-323,0,0,2.0257e-181,0
0,0,0,0,0,0,0,0,0,0,0,0,0,0,0,0,0,0,0,0,0,0,0,0,0,0,0,0,0,0,0,0,0,0,0,0,0,0,0,6.1264e-322,0,0,0,0,0,0,0,0,0,0,0,0,0,0,0,0,1.6304e-322,0,0,0,0,0,0,0,0,1,0,0,0,0,0,0,0,0,0,0
8.4057e-306,1.2021e-305,5.3839e-287,0,0,5.8278e-299,1.4107e-293,0,0,4.84e-273,0,4.0932e-304,5.0357e-275,0,0,0,1.0226e-203,4.6672e-267,1.3702e-245,0,0,1.1657e-319,0,0,0,0,0,8.5094e-261,0,3.3672e-241,2.1552e-284,0,0,0,5.6766e-277,9.5005e-276,0,8.3675e-289,0,0,0,0,0,0,1.9612e-316,0,0,0,0,0,0,0,0,0,0,2.1259e-278,0,0,0,0,0,0,0,0,0,0,1,0,0,0,2.6684e-228,7.1886e-293,0,0,0,0
0,1.3692e-298,1.5609e-314,0,0,3.3144e-261,3.2957e-310,0,0,0,0,0,0,0,1.978e-303,0,0,0,0,0,0,0,0,0,4.8752e-259,0,0,0,0,3.6961e-320,3.7805e-300,0,0,0,3.1817e-299,1.624e-254,0,7.0681e-314,0,0,0,0,4.108e-262,0,0,0,0,0,0,0,0,0,0,0,0,0,0,0,0,0,0,1.5066e-297,0,0,3.0637e-222,0,0,1,6.754e-275,0,6.1605e-309,0,0,0,4.1764e-205,0
0,6.548e-248,0,1.4496e-310,0,2.8905e-239,4.9407e-324,0,0,0,0,0,1.9605e-271,0,3.506e-311,3.3864e-300,0,1.6177e-297,0,3.7734e-270,0,4.5648e-261,4.9717e-307,0,2.1258e-281,0,0,0,0,7.3237e-302,0,0,0,0,1.6128e-293,2.0703e-267,0,7.7515e-319,0,0,0,3.6459e-299,3.9321e-232,0,0,0,0,0,0,0,0,0,0,5.0378e-308,0,5.9077e-303,0,2.5661e-315,0,1.544e-294,0,0,0,0,1.393e-305,0,0,6.754e-275,1,0,1.6394e-309,8.2384e-230,0,0,6.0885e-262,5.2061e-292
0,0,0,0,0,0,0,0,0,0,0,0,0,0,0,6.5378e-287,0,0,0,0,0,0,0,1.3978e-263,0,0,0,0,3.4908e-307,0,0,3.2526e-241,0,9.1839e-213,0,0,0,0,0,0,0,0,0,4.9407e-324,0,0,0,0,0,0,0,0,0,0,1.4172e-283,0,0,0,5.9415e-282,0,0,0,0,0,0,0,0,0,0,1,0,2.9431e-299,0,0,0,0
2.5361e-278,1.0291e-241,1.0115e-218,0,0,9.1979e-181,7.5505e-171,2.4471e-263,0,2.2784e-228,0,7.4647e-210,3.387e-178,3.0917e-316,2.9211e-287,1.6928e-295,1.1378e-171,8.3987e-190,3.8834e-213,1.6281e-316,0,1.8498e-247,0,0,0,0,2.9514e-264,1.7916e-173,2.7186e-278,1.72e-149,2.8301e-194,0,0,0,9.9046e-155,8.0717e-156,0,2.6707e-175,0,0,0,2.5843e-235,9.9831e-221,0,2.4579e-195,0,0,0,0,0,0,0,0,0,0,2.908e-176,0,2.1569e-234,0,1.2758e-272,0,0,0,0,3.3792e-267,0,2.6684e-228,6.1605e-309,1.6394e-309,0,1,9.0113e-191,0,0,1.6129e-268,2.0823e-308
4.4113e-248,1.6119e-185,1.1825e-269,7.207e-268,0,1.4688e-179,6.9028e-216,7.8759e-224,0,8.0469e-276,0,4.7241e-263,3.9748e-192,1.8082e-251,7.0256e-256,9.3676e-220,3.8741e-269,8.9111e-178,6.3466e-160,6.3512e-243,0,9.7359e-171,1.0795e-267,0,0,0,2.1364e-245,1.8075e-235,4.6378e-178,1.343e-212,2.2735e-313,0,6.2534e-273,0,2.1116e-182,1.0118e-182,0,1.9439e-220,0,0,0,2.9537e-221,8.2803e-216,2.1143e-243,3.4116e-248,0,0,0,0,0,0,0,0,3.2234e-285,0,7.6569e-228,0,3.2513e-225,0,5.905e-196,0,0,0,0,1.4822e-323,0,7.1886e-293,0,8.2384e-230,2.9431e-299,9.0113e-191,1,5.0423e-306,0,3.9446e-289,3.0989e-310
0,0,0,0,0,0,1.7752e-295,0,0,0,0,0,0,0,0,0,0,0,0,0,0,0,0,0,0,0,0,0,0,2.6576e-320,0,0,0,0,1.4822e-323,0,0,6.9169e-323,0,0,0,0,1.337e-284,0,7.025e-237,0,0,0,0,0,0,0,0,0,0,3.7408e-300,0,2.2448e-221,0,0,0,0,0,0,0,0,0,0,0,0,0,5.0423e-306,1,0,0,0
0,0,0,0,0,0,0,0,0,0,0,0,0,0,0,0,0,0,0,1.375e-314,0,0,0,0,0,0,0,0,0,0,0,0,0,0,0,0,0,0,0,0,0,0,0,4.9594e-266,0,0,0,0,0,0,0,0,0,0,0,0,0,0,6.4039e-277,0,0,0,0,0,0,0,0,0,0,0,0,0,0,1,0,0
0,3.144e-266,1.1753e-263,2.5494e-314,0,1.4345e-238,5.948e-268,0,0,0,0,1.3448e-237,9.5966e-232,0,0,0,3.1674e-313,1.3776e-290,0,0,0,4.6132e-310,0,0,1.7684e-189,0,0,3.4422e-317,0,1.0672e-252,7.7672e-249,0,0,0,4.5727e-253,1.8922e-235,0,1.691e-209,0,0,0,2.3191e-287,5.3875e-251,0,0,0,0,0,0,0,0,0,0,4.7412e-278,0,2.6128e-275,0,0,0,0,0,7.3371e-246,2.584e-250,0,2.0257e-181,0,0,4.1764e-205,6.0885e-262,0,1.6129e-268,3.9446e-289,0,0,1,7.4954e-289
0,4.1716e-289,1.3361e-292,0,0,4.1164e-287,8.5143e-319,0,0,0,0,3.7949e-320,4.7118e-260,0,0,0,5.0859e-301,0,0,0,0,8.2086e-314,0,0,4.9407e-324,0,7.9408e-307,0,0,7.1026e-294,0,0,0,0,9.5135e-276,6.2383e-287,0,2.1604e-303,0,0,0,0,9.1327e-309,0,0,0,0,0,0,0,0,0,0,0,0,6.8381e-284,0,0,0,0,0,0,0,0,0,0,0,0,5.2061e-292,0,2.0823e-308,3.0989e-310,0,0,7.4954e-289,1
