1,0,0,0,0,7.6959e-122,0,0,0,0,0,0,0,0,0,0,0,0,0,0,0,1.0357e-299,0,0,1.3309e-188,0,0,0,0,0,0,0,0,0,0
0,1,0,0,1.1474e-165,0,0,3.6253e-90,0,0,0,0,0,9.8813e-324,0,0,0,0,0,0,0,0,2.2374e-144,0,0,5.0823e-82,0,0,0,0,0,0,0,0,0
0,0,1,1.4497e-143,0,0,0,0,1.9214e-115,9.277e-287,0,8.3338e-250,0,0,3.7155e-107,0,0,0,0,2.507e-130,0,0,0,0,0,0,0,0,0,0,0,0,3.0549e-294,0,2.3461e-107
0,0,1.4497e-143,1,0,0,0,0,1.6741e-169,3.1178e-201,0,1.6814e-184,0,0,3.3136e-136,0,0,0,0,4.2104e-123,1.0981e-260,0,0,0,0,0,0,0,0,0,0,0,0,0,6.2712e-133
0,1.1474e-165,0,0,1,0,1.0454e-258,1.9202e-148,0,0,0,0,0,0,0,0,0,0,0,0,0,5.0175e-291,3.5678e-113,1.0822e-265,0,2.0635e-204,0,0,0,0,0,0,0,0,0
7.6959e-122,0,0,0,0,1,1.8681e-235,0,0,0,0,0,0,0,0,0,0,0,0,0,0,6.6684e-209,0,4.8887e-248,2.5285e-249,0,0,0,0,0,0,0,0,0,0
0,0,0,0,1.0454e-258,1.8681e-235,1,0,0,0,0,0,0,0,0,0,0,0,0,0,0,6.4159e-72,3.3739e-255,3.5231e-81,0,0,0,0,0,0,0,0,0,0,0
0,3.6253e-90,0,0,1.9202e-148,0,0,1,0,0,0,0,0,0,0,0,0,0,0,0,0,0,1.3273e-129,0,0,4.5447e-117,0,0,0,0,0,0,0,0,0
0,0,1.9214e-115,1.6741e-169,0,0,0,0,1,0,2.0415e-287,7.314e-301,0,0,1.3265e-114,0,2.0395e-311,0,0,4.9198e-159,0,0,0,0,0,0,0,0,0,0,0,0,2.3256e-254,0,1.0489e-124
0,0,9.277e-287,3.1178e-201,0,0,0,0,0,1,0,3.5616e-144,0,2.6656e-272,4.6143e-281,0,0,0,7.0304e-251,1.3773e-239,2.1757e-134,0,0,0,0,0,0,1.1245e-196,0,0,0,0,0,0,3.3617e-273
0,0,0,0,0,0,0,0,2.0415e-287,0,1,0,0,0,0,2.1857e-320,3.114e-115,0,0,0,0,0,0,0,0,0,0,0,0,0,7.8047e-231,0,1.2773e-240,4.5735e-139,0
0,0,8.3338e-250,1.6814e-184,0,0,0,0,7.314e-301,3.5616e-144,0,1,0,0,4.5836e-247,0,0,0,0,1.4892e-212,1.0353e-197,0,0,0,0,0,0,3.7367e-256,0,0,0,0,0,0,5.9858e-240
0,0,0,0,0,0,0,0,0,0,0,0,1,0,0,8.9297e-154,0,3.2255e-233,0,0,0,0,0,0,0,0,4.4145e-125,0,1.0592e-278,1.2381e-173,1.2747e-261,0,0,0,0
0,9.8813e-324,0,0,0,0,0,0,0,2.6656e-272,0,0,0,1,0,0,0,0,1.5661e-133,0,2.2543e-261,0,0,0,0,1.5987e-287,0,1.1855e-254,0,0,0,0,0,0,0
0,0,3.7155e-107,3.3136e-136,0,0,0,0,1.3265e-114,4.6143e-281,0,4.5836e-247,0,0,1,0,0,0,0,1.4084e-128,0,0,0,0,0,0,0,0,0,0,0,0,6.1931e-303,0,6.6407e-105
0,0,0,0,0,0,0,0,0,0,2.1857e-320,0,8.9297e-154,0,0,1,1.1739e-319,1.6679e-286,0,0,0,0,0,0,0,0,4.441e-115,0,0,6.4152e-226,3.1277e-182,0,0,1.0956e-250,0
0,0,0,0,0,0,0,0,2.0395e-311,0,3.114e-115,0,0,0,0,1.1739e-319,1,0,0,0,0,0,0,0,0,0,0,0,0,0,2.0284e-227,0,1.684e-245,4.6129e-147,0
0,0,0,0,0,0,0,0,0,0,0,0,3.2255e-233,0,0,1.6679e-286,0,1,0,0,0,0,0,0,0,0,3.9222e-236,0,1.0479e-164,9.7611e-143,0,3.283e-172,0,0,0
0,0,0,0,0,0,0,0,0,7.0304e-251,0,0,0,1.5661e-133,0,0,0,0,1,0,6.6641e-241,0,0,0,0,2.824e-304,0,2.7807e-228,0,0,0,0,0,0,0
0,0,2.507e-130,4.2104e-123,0,0,0,0,4.9198e-159,1.3773e-239,0,1.4892e-212,0,0,1.4084e-128,0,0,0,0,1,6.8074e-290,0,0,0,0,0,0,0,0,0,0,0,0,0,1.2686e-112
0,0,0,1.0981e-260,0,0,0,0,0,2.1757e-134,0,1.0353e-197,0,2.2543e-261,0,0,0,0,6.6641e-241,6.8074e-290,1,0,0,0,0,0,0,2.0098e-211,0,0,0,0,0,0,0
1.0357e-299,0,0,0,5.0175e-291,6.6684e-209,6.4159e-72,0,0,0,0,0,0,0,0,0,0,0,0,0,0,1,2.8225e-283,1.6506e-97,0,0,0,0,0,0,0,0,0,0,0
0,2.2374e-144,0,0,3.5678e-113,0,3.3739e-255,1.3273e-129,0,0,0,0,0,0,0,0,0,0,0,0,0,2.8225e-283,1,3.3284e-267,0,3.0267e-181,0,0,0,0,0,0,0,0,0
0,0,0,0,1.0822e-265,4.8887e-248,3.5231e-81,0,0,0,0,0,0,0,0,0,0,0,0,0,0,1.6506e-97,3.3284e-267,1,0,0,0,0,0,0,0,0,0,0,0
1.3309e-188,0,0,0,0,2.5285e-249,0,0,0,0,0,0,0,0,0,0,0,0,0,0,0,0,0,0,1,0,0,0,0,0,0,0,0,0,0
0,5.0823e-82,0,0,2.0635e-204,0,0,4.5447e-117,0,0,0,0,0,1.5987e-287,0,0,0,0,2.824e-304,0,0,0,3.0267e-181,0,0,1,0,0,0,0,0,0,0,0,0
0,0,0,0,0,0,0,0,0,0,0,0,4.4145e-125,0,0,4.441e-115,0,3.9222e-236,0,0,0,0,0,0,0,0,1,0,3.3305e-295,9.078e-172,1.8493e-217,0,0,2.1756e-297,0
0,0,0,0,0,0,0,0,0,1.1245e-196,0,3.7367e-256,0,1.1855e-254,0,0,0,0,2.7807e-228,0,2.0098e-211,0,0,0,0,0,0,1,0,0,0,0,0,0,0
0,0,0,0,0,0,0,0,0,0,0,0,1.0592e-278,0,0,0,0,1.0479e-164,0,0,0,0,0,0,0,0,3.3305e-295,0,1,2.5549e-169,0,6.7375e-120,0,0,0
0,0,0,0,0,0,0,0,0,0,0,0,1.2381e-173,0,0,6.4152e-226,0,9.7611e-143,0,0,0,0,0,0,0,0,9.078e-172,0,2.5549e-169,1,0,2.7241e-221,0,0,0
0,0,0,0,0,0,0,0,0,0,7.8047e-231,0,1.2747e-261,0,0,3.1277e-182,2.0284e-227,0,0,0,0,0,0,0,0,0,1.8493e-217,0,0,0,1,0,0,1.1645e-154,0
0,0,0,0,0,0,0,0,0,0,0,0,0,0,0,0,0,3.283e-172,0,0,0,0,0,0,0,0,0,0,6.7375e-120,2.7241e-221,0,1,0,0,0
0,0,3.0549e-294,0,0,0,0,0,2.3256e-254,0,1.2773e-240,0,0,0,6.1931e-303,0,1.684e-245,0,0,0,0,0,0,0,0,0,0,0,0,0,0,0,1,2.6868e-293,4.3534e-304
0,0,0,0,0,0,0,0,0,0,4.5735e-139,0,0,0,0,1.0956e-250,4.6129e-147,0,0,0,0,0,0,0,0,0,2.1756e-297,0,0,0,1.1645e-154,0,2.6868e-293,1,0
0,0,2.3461e-107,6.2712e-133,0,0,0,0,1.0489e-124,3.3617e-273,0,5.9858e-240,0,0,6.6407e-105,0,0,0,0,1.2686e-112,0,0,0,0,0,0,0,0,0,0,0,0,4.3534e-304,0,1
