1,0.98721,0.99175,0.99261,0.98937,0.99055,0.99006,0.99207,0.99142,0.98722,0.98939,0.99112,0.99072,0.99297,0.99463,0.99074,0.99131,0.99053,0.99014,0.99018,0.98474,0.98764,0.98885,0.9944,0.99109,0.99009,0.98728
0.98721,1,0.98661,0.98792,0.98839,0.9827,0.98735,0.98569,0.99007,0.98612,0.98887,0.98978,0.98947,0.99118,0.98671,0.98239,0.98617,0.98993,0.98328,0.98608,0.97951,0.9844,0.99183,0.98702,0.98507,0.98361,0.98642
0.99175,0.98661,1,0.99144,0.98933,0.99228,0.99186,0.99506,0.98832,0.98969,0.99172,0.99177,0.9941,0.9919,0.99344,0.99156,0.98696,0.98979,0.99088,0.99076,0.98568,0.98897,0.99008,0.992,0.99139,0.99243,0.98966
0.99261,0.98792,0.99144,1,0.99229,0.99029,0.99335,0.99261,0.98858,0.99074,0.99242,0.99427,0.99378,0.99328,0.99258,0.9917,0.98721,0.99071,0.98873,0.98926,0.98549,0.98945,0.99229,0.9924,0.99355,0.99208,0.9904
0.98937,0.98839,0.98933,0.99229,1,0.98763,0.99112,0.98937,0.98832,0.98966,0.99343,0.99234,0.99267,0.99192,0.98947,0.98827,0.98623,0.98961,0.98572,0.9868,0.98294,0.98862,0.99157,0.99038,0.98938,0.98902,0.98902
0.99055,0.9827,0.99228,0.99029,0.98763,1,0.99024,0.99383,0.98508,0.98808,0.98929,0.98974,0.99036,0.98843,0.99284,0.9937,0.98519,0.98694,0.98971,0.98746,0.98683,0.98777,0.98703,0.99003,0.99081,0.99226,0.98762
0.99006,0.98735,0.99186,0.99335,0.99112,0.99024,1,0.99262,0.98615,0.9949,0.99176,0.99508,0.99504,0.99197,0.99239,0.9914,0.98414,0.98846,0.98986,0.99014,0.98783,0.99301,0.9916,0.98968,0.99329,0.99287,0.99346
0.99207,0.98569,0.99506,0.99261,0.98937,0.99383,0.99262,1,0.9868,0.99063,0.99067,0.99175,0.99338,0.99115,0.99483,0.99381,0.98586,0.98935,0.99084,0.99023,0.98742,0.98994,0.99004,0.99221,0.9931,0.99401,0.98993
0.99142,0.99007,0.98832,0.98858,0.98832,0.98508,0.98615,0.9868,1,0.98451,0.98802,0.98905,0.98817,0.99264,0.98902,0.98462,0.99321,0.99031,0.98571,0.98794,0.98042,0.98419,0.98818,0.99081,0.98618,0.98508,0.98512
0.98722,0.98612,0.98969,0.99074,0.98966,0.98808,0.9949,0.99063,0.98451,1,0.98969,0.99292,0.99308,0.99024,0.99027,0.9898,0.98205,0.98696,0.98883,0.99012,0.98866,0.99374,0.99036,0.98776,0.9924,0.99206,0.99513
0.98939,0.98887,0.99172,0.99242,0.99343,0.98929,0.99176,0.99067,0.98802,0.98969,1,0.99259,0.99452,0.99185,0.99006,0.98841,0.9858,0.99074,0.98605,0.98676,0.98272,0.9878,0.99357,0.98942,0.98912,0.98926,0.98893
0.99112,0.98978,0.99177,0.99427,0.99234,0.98974,0.99508,0.99175,0.98905,0.99292,0.99259,1,0.99517,0.99408,0.99263,0.99,0.9868,0.99002,0.98884,0.99032,0.986,0.99084,0.99319,0.99117,0.99251,0.99115,0.99322
0.99072,0.98947,0.9941,0.99378,0.99267,0.99036,0.99504,0.99338,0.98817,0.99308,0.99452,0.99517,1,0.99351,0.99267,0.99073,0.98588,0.99055,0.98909,0.99027,0.98577,0.99119,0.99394,0.99114,0.99247,0.99223,0.9926
0.99297,0.99118,0.9919,0.99328,0.99192,0.98843,0.99197,0.99115,0.99264,0.99024,0.99185,0.99408,0.99351,1,0.99256,0.98875,0.99042,0.9929,0.98987,0.99098,0.98465,0.98926,0.9921,0.99286,0.99131,0.99004,0.99035
0.99463,0.98671,0.99344,0.99258,0.98947,0.99284,0.99239,0.99483,0.98902,0.99027,0.99006,0.99263,0.99267,0.99256,1,0.99297,0.98827,0.98991,0.99154,0.99132,0.98744,0.99051,0.98984,0.99312,0.99313,0.9925,0.98975
0.99074,0.98239,0.99156,0.9917,0.98827,0.9937,0.9914,0.99381,0.98462,0.9898,0.98841,0.99,0.99073,0.98875,0.99297,1,0.98459,0.98655,0.99075,0.98891,0.98983,0.99055,0.98716,0.99124,0.99433,0.99536,0.98928
0.99131,0.98617,0.98696,0.98721,0.98623,0.98519,0.98414,0.98586,0.99321,0.98205,0.9858,0.9868,0.98588,0.99042,0.98827,0.98459,1,0.98839,0.98574,0.98597,0.9799,0.98249,0.98513,0.99072,0.98534,0.98434,0.98278
0.99053,0.98993,0.98979,0.99071,0.98961,0.98694,0.98846,0.98935,0.99031,0.98696,0.99074,0.99002,0.99055,0.9929,0.98991,0.98655,0.98839,1,0.98753,0.98797,0.98201,0.98544,0.99233,0.99086,0.98792,0.98697,0.98623
0.99014,0.98328,0.99088,0.98873,0.98572,0.98971,0.98986,0.99084,0.98571,0.98883,0.98605,0.98884,0.98909,0.98987,0.99154,0.99075,0.98574,0.98753,1,0.9922,0.98829,0.98893,0.98572,0.99024,0.99134,0.99189,0.9883
0.99018,0.98608,0.99076,0.98926,0.9868,0.98746,0.99014,0.99023,0.98794,0.99012,0.98676,0.99032,0.99027,0.99098,0.99132,0.98891,0.98597,0.98797,0.9922,1,0.98727,0.98996,0.98787,0.9911,0.99148,0.99069,0.9908
0.98474,0.97951,0.98568,0.98549,0.98294,0.98683,0.98783,0.98742,0.98042,0.98866,0.98272,0.986,0.98577,0.98465,0.98744,0.98983,0.9799,0.98201,0.98829,0.98727,1,0.99042,0.98287,0.98578,0.99021,0.98979,0.98865
0.98764,0.9844,0.98897,0.98945,0.98862,0.98777,0.99301,0.98994,0.98419,0.99374,0.9878,0.99084,0.99119,0.98926,0.99051,0.99055,0.98249,0.98544,0.98893,0.98996,0.99042,1,0.98793,0.98826,0.99326,0.99175,0.99287
0.98885,0.99183,0.99008,0.99229,0.99157,0.98703,0.9916,0.99004,0.98818,0.99036,0.99357,0.99319,0.99394,0.9921,0.98984,0.98716,0.98513,0.99233,0.98572,0.98787,0.98287,0.98793,1,0.9894,0.98934,0.98809,0.98958
0.9944,0.98702,0.992,0.9924,0.99038,0.99003,0.98968,0.99221,0.99081,0.98776,0.98942,0.99117,0.99114,0.99286,0.99312,0.99124,0.99072,0.99086,0.99024,0.9911,0.98578,0.98826,0.9894,1,0.99191,0.99104,0.98823
0.99109,0.98507,0.99139,0.99355,0.98938,0.99081,0.99329,0.9931,0.98618,0.9924,0.98912,0.99251,0.99247,0.99131,0.99313,0.99433,0.98534,0.98792,0.99134,0.99148,0.99021,0.99326,0.98934,0.99191,1,0.99514,0.99249
0.99009,0.98361,0.99243,0.99208,0.98902,0.99226,0.99287,0.99401,0.98508,0.99206,0.98926,0.99115,0.99223,0.99004,0.9925,0.99536,0.98434,0.98697,0.99189,0.99069,0.98979,0.99175,0.98809,0.99104,0.99514,1,0.99169
0.98728,0.98642,0.98966,0.9904,0.98902,0.98762,0.99346,0.98993,0.98512,0.99513,0.98893,0.99322,0.9926,0.99035,0.98975,0.98928,0.98278,0.98623,0.9883,0.9908,0.98865,0.99287,0.98958,0.98823,0.99249,0.99169,1
