1,0.99166,0.99153,0.99165,0.98918,0.99358,0.98953,0.98867,0.99024,0.99071,0.99437,0.99116,0.99412,0.99283,0.99098,0.9896,0.9905,0.99149,0.99035,0.99135,0.98806,0.98902,0.99317,0.99161,0.99116,0.98825,0.99084,0.98918,0.9896,0.98955,0.99109,0.99303,0.99368,0.98614,0.99,0.9837,0.98764,0.97951,0.98877,0.98275,0.98189,0.98729,0.98859,0.9892,0.99002,0.98578,0.98179,0.98416,0.9871,0.99033,0.97585
0.99166,1,0.99593,0.99229,0.99029,0.99322,0.99486,0.99349,0.99332,0.99168,0.99268,0.99581,0.99335,0.99526,0.99481,0.99113,0.99192,0.99281,0.99468,0.99322,0.99369,0.99215,0.99536,0.99304,0.99433,0.99173,0.99324,0.99182,0.9908,0.99112,0.99221,0.99427,0.99392,0.98953,0.99483,0.98646,0.99044,0.98274,0.99278,0.98701,0.98556,0.99119,0.98806,0.99186,0.99401,0.98925,0.98644,0.98875,0.99055,0.99436,0.97644
0.99153,0.99593,1,0.99298,0.99239,0.99278,0.99387,0.99191,0.99204,0.99167,0.99178,0.99354,0.99409,0.99407,0.99621,0.99321,0.99316,0.99295,0.99578,0.9941,0.99198,0.99044,0.99533,0.99509,0.99274,0.99128,0.99137,0.99221,0.99248,0.99164,0.99468,0.99444,0.9936,0.99121,0.99426,0.98773,0.99049,0.98462,0.99226,0.98862,0.98672,0.99136,0.98924,0.99387,0.99408,0.988,0.98539,0.98951,0.99082,0.99318,0.97832
0.99165,0.99229,0.99298,1,0.99034,0.9924,0.99152,0.99023,0.99146,0.98943,0.99158,0.99152,0.99285,0.99378,0.9923,0.99189,0.99045,0.99277,0.99272,0.99394,0.99042,0.98959,0.99418,0.9942,0.99212,0.98854,0.99093,0.99225,0.99104,0.98937,0.9931,0.99391,0.99369,0.98741,0.99067,0.98511,0.98672,0.9822,0.99008,0.98434,0.9825,0.98852,0.98792,0.99023,0.99081,0.98552,0.98562,0.98553,0.98738,0.99165,0.97603
0.98918,0.99029,0.99239,0.99034,1,0.98889,0.98852,0.98594,0.98662,0.98873,0.98816,0.98731,0.99235,0.98974,0.99218,0.99233,0.99464,0.99081,0.99264,0.9941,0.98688,0.98474,0.99107,0.99161,0.98693,0.98651,0.98607,0.9902,0.99172,0.9879,0.99175,0.9915,0.98897,0.98798,0.99023,0.98986,0.98772,0.98324,0.98625,0.98588,0.98527,0.9875,0.99134,0.99409,0.98925,0.98428,0.98244,0.98552,0.98831,0.98719,0.98224
0.99358,0.99322,0.99278,0.9924,0.98889,1,0.99327,0.99235,0.9937,0.99376,0.99446,0.99346,0.9926,0.99417,0.99222,0.99119,0.99037,0.9942,0.99237,0.99166,0.99058,0.99246,0.99455,0.99313,0.99457,0.99229,0.99318,0.99123,0.98917,0.99264,0.99119,0.99372,0.99561,0.9886,0.99143,0.98416,0.98867,0.98197,0.99284,0.9843,0.98298,0.98961,0.98742,0.98972,0.99192,0.98846,0.98531,0.98694,0.98767,0.99368,0.97465
0.98953,0.99486,0.99387,0.99152,0.98852,0.99327,1,0.99607,0.99513,0.99249,0.99122,0.99461,0.99096,0.99383,0.9931,0.99114,0.98942,0.99262,0.99397,0.99137,0.99393,0.9939,0.99412,0.99285,0.99529,0.99513,0.9933,0.99194,0.98912,0.99276,0.9913,0.99272,0.99331,0.9903,0.99266,0.98483,0.98931,0.98431,0.99555,0.9874,0.98505,0.99253,0.98604,0.99003,0.99438,0.99004,0.98841,0.98988,0.98893,0.99591,0.9747
0.98867,0.99349,0.99191,0.99023,0.98594,0.99235,0.99607,1,0.9958,0.992,0.99062,0.99465,0.98928,0.99234,0.99118,0.9892,0.98746,0.99065,0.99188,0.98903,0.99413,0.99615,0.99273,0.99131,0.99552,0.99451,0.99417,0.98999,0.98804,0.99183,0.98968,0.99149,0.99217,0.98875,0.99145,0.98267,0.98904,0.98322,0.99622,0.98601,0.984,0.99257,0.98449,0.98784,0.99306,0.99057,0.98753,0.98964,0.9877,0.997,0.97241
0.99024,0.99332,0.99204,0.99146,0.98662,0.9937,0.99513,0.9958,1,0.99255,0.99225,0.99463,0.99032,0.99408,0.99126,0.98981,0.98818,0.99274,0.99163,0.99014,0.99225,0.99651,0.9939,0.99259,0.99712,0.99394,0.9953,0.99141,0.98774,0.99284,0.98997,0.99219,0.99414,0.9886,0.99227,0.98311,0.9879,0.98261,0.99538,0.98462,0.98338,0.99195,0.98537,0.98763,0.99245,0.98997,0.98717,0.98768,0.98691,0.9965,0.97264
0.99071,0.99168,0.99167,0.98943,0.98873,0.99376,0.99249,0.992,0.99255,1,0.99091,0.99069,0.9903,0.99146,0.99103,0.99177,0.99007,0.99249,0.99148,0.98956,0.98903,0.99205,0.99319,0.99244,0.99203,0.99359,0.99147,0.98999,0.98919,0.99455,0.99039,0.99211,0.99221,0.9895,0.99041,0.98375,0.99008,0.98338,0.99236,0.98462,0.98391,0.99104,0.98738,0.98945,0.99151,0.98881,0.98376,0.98824,0.98694,0.99296,0.9745
0.99437,0.99268,0.99178,0.99158,0.98816,0.99446,0.99122,0.99062,0.99225,0.99091,1,0.9934,0.99283,0.99342,0.9919,0.98972,0.99053,0.99268,0.99156,0.991,0.99063,0.99064,0.99316,0.99119,0.99313,0.98993,0.99274,0.9901,0.98857,0.99004,0.98978,0.99282,0.99467,0.98654,0.99178,0.98409,0.98725,0.98092,0.99098,0.98379,0.9827,0.98844,0.98729,0.98911,0.99024,0.98759,0.98434,0.98564,0.98758,0.99142,0.97469
0.99116,0.99581,0.99354,0.99152,0.98731,0.99346,0.99461,0.99465,0.99463,0.99069,0.9934,1,0.9915,0.99478,0.99269,0.9892,0.98923,0.99176,0.99242,0.991,0.99376,0.99385,0.99366,0.9916,0.99628,0.9917,0.99481,0.99115,0.98869,0.99051,0.9902,0.99305,0.99458,0.98839,0.99325,0.98428,0.98848,0.98193,0.99413,0.98564,0.98403,0.99041,0.98594,0.98899,0.99249,0.98962,0.98742,0.98782,0.98857,0.99513,0.97415
0.99412,0.99335,0.99409,0.99285,0.99235,0.9926,0.99096,0.98928,0.99032,0.9903,0.99283,0.9915,1,0.99327,0.99425,0.99176,0.99335,0.99284,0.9937,0.99467,0.98991,0.9885,0.99462,0.99287,0.99102,0.98884,0.99023,0.99077,0.991,0.98974,0.99283,0.99423,0.99288,0.98781,0.99219,0.98723,0.98885,0.9818,0.98921,0.98572,0.9849,0.9892,0.99049,0.99211,0.99173,0.98683,0.98294,0.98616,0.99002,0.9905,0.97851
0.99283,0.99526,0.99407,0.99378,0.98974,0.99417,0.99383,0.99234,0.99408,0.99146,0.99342,0.99478,0.99327,1,0.99236,0.99091,0.99073,0.99434,0.9927,0.99359,0.99118,0.99256,0.9955,0.99365,0.99521,0.99106,0.99363,0.99399,0.99011,0.99165,0.9917,0.99411,0.99607,0.9884,0.99242,0.98505,0.98785,0.98161,0.99208,0.98414,0.98295,0.98989,0.98766,0.98996,0.99196,0.98789,0.987,0.98585,0.98789,0.99405,0.9756
0.99098,0.99481,0.99621,0.9923,0.99218,0.99222,0.9931,0.99118,0.99126,0.99103,0.9919,0.99269,0.99425,0.99236,1,0.99299,0.99373,0.99258,0.99643,0.9938,0.99243,0.98924,0.99424,0.99364,0.99165,0.99064,0.9907,0.99111,0.99152,0.99056,0.99325,0.99412,0.99261,0.99043,0.99436,0.98856,0.99045,0.985,0.99163,0.98957,0.98803,0.99149,0.98964,0.99397,0.99376,0.98844,0.98508,0.99001,0.99156,0.99183,0.97845
0.9896,0.99113,0.99321,0.99189,0.99233,0.99119,0.99114,0.9892,0.98981,0.99177,0.98972,0.9892,0.99176,0.99091,0.99299,1,0.99149,0.99286,0.99281,0.99183,0.98903,0.98788,0.9925,0.99436,0.98986,0.99003,0.98874,0.9914,0.99087,0.99219,0.99277,0.99142,0.99146,0.99069,0.99022,0.98651,0.98764,0.98704,0.9901,0.98688,0.98549,0.99045,0.98915,0.99301,0.99087,0.98563,0.9842,0.98768,0.98668,0.99013,0.97767
0.9905,0.99192,0.99316,0.99045,0.99464,0.99037,0.98942,0.98746,0.98818,0.99007,0.99053,0.98923,0.99335,0.99073,0.99373,0.99149,1,0.99194,0.99387,0.99407,0.98846,0.98638,0.99219,0.99135,0.98843,0.98751,0.98764,0.9904,0.99161,0.98825,0.99121,0.99295,0.99014,0.98733,0.99252,0.98954,0.98877,0.98215,0.98741,0.98585,0.98566,0.98839,0.99109,0.99317,0.99001,0.98601,0.98294,0.98642,0.99002,0.98851,0.98056
0.99149,0.99281,0.99295,0.99277,0.99081,0.9942,0.99262,0.99065,0.99274,0.99249,0.99268,0.99176,0.99284,0.99434,0.99258,0.99286,0.99194,1,0.99288,0.99352,0.98976,0.99039,0.99419,0.99348,0.99285,0.99118,0.99166,0.99375,0.98911,0.99238,0.99073,0.99323,0.99437,0.98884,0.99227,0.98644,0.98742,0.98326,0.99117,0.9845,0.98385,0.98964,0.98884,0.99059,0.99132,0.98789,0.98666,0.98626,0.98737,0.9918,0.97626
0.99035,0.99468,0.99578,0.99272,0.99264,0.99237,0.99397,0.99188,0.99163,0.99148,0.99156,0.99242,0.9937,0.9927,0.99643,0.99281,0.99387,0.99288,1,0.99464,0.99312,0.98982,0.9946,0.99367,0.99174,0.99127,0.99075,0.99176,0.99222,0.99057,0.99312,0.99444,0.99204,0.98956,0.99407,0.98806,0.99053,0.9844,0.99164,0.9886,0.98673,0.99169,0.98922,0.99359,0.9935,0.98852,0.98576,0.98993,0.99167,0.99228,0.9782
0.99135,0.99322,0.9941,0.99394,0.9941,0.99166,0.99137,0.98903,0.99014,0.98956,0.991,0.991,0.99467,0.99359,0.9938,0.99183,0.99407,0.99352,0.99464,1,0.98996,0.98806,0.99385,0.99338,0.99057,0.98829,0.98947,0.99295,0.9914,0.98892,0.9924,0.99435,0.99218,0.9879,0.9925,0.98838,0.98806,0.98202,0.98877,0.98538,0.98447,0.98901,0.99003,0.99228,0.99132,0.98627,0.98529,0.98585,0.98955,0.99036,0.97939
0.98806,0.99369,0.99198,0.99042,0.98688,0.99058,0.99393,0.99413,0.99225,0.98903,0.99063,0.99376,0.98991,0.99118,0.99243,0.98903,0.98846,0.98976,0.99312,0.98996,1,0.99127,0.99161,0.99015,0.99247,0.99108,0.99232,0.98929,0.98879,0.98864,0.98923,0.99115,0.99057,0.9872,0.99222,0.98407,0.98888,0.9832,0.99271,0.98767,0.98501,0.99141,0.98536,0.98938,0.99236,0.98962,0.9872,0.98986,0.98957,0.99278,0.974
0.98902,0.99215,0.99044,0.98959,0.98474,0.99246,0.9939,0.99615,0.99651,0.99205,0.99064,0.99385,0.9885,0.99256,0.98924,0.98788,0.98638,0.99039,0.98982,0.98806,0.99127,1,0.99229,0.99071,0.99587,0.99356,0.99469,0.98937,0.98671,0.99196,0.98863,0.99079,0.9924,0.98771,0.99034,0.98132,0.9879,0.98141,0.9949,0.98346,0.98209,0.99076,0.98356,0.98605,0.99133,0.98962,0.98618,0.98732,0.98607,0.99649,0.97129
0.99317,0.99536,0.99533,0.99418,0.99107,0.99455,0.99412,0.99273,0.9939,0.99319,0.99316,0.99366,0.99462,0.9955,0.99424,0.9925,0.99219,0.99419,0.9946,0.99385,0.99161,0.99229,1,0.99499,0.99428,0.99196,0.99302,0.99221,0.99135,0.99237,0.99398,0.99555,0.99504,0.98937,0.99339,0.98618,0.98992,0.98275,0.99242,0.98579,0.9846,0.99114,0.98918,0.99143,0.99322,0.98858,0.98494,0.98787,0.98969,0.99435,0.97628
0.99161,0.99304,0.99509,0.9942,0.99161,0.99313,0.99285,0.99131,0.99259,0.99244,0.99119,0.9916,0.99287,0.99365,0.99364,0.99436,0.99135,0.99348,0.99367,0.99338,0.99015,0.99071,0.99499,1,0.99254,0.99117,0.99123,0.99237,0.9919,0.99299,0.9948,0.99362,0.99397,0.99126,0.99186,0.98594,0.98919,0.98501,0.99199,0.98667,0.98528,0.99153,0.98849,0.99211,0.99284,0.98686,0.9848,0.98807,0.9882,0.99323,0.97703
0.99116,0.99433,0.99274,0.99212,0.98693,0.99457,0.99529,0.99552,0.99712,0.99203,0.99313,0.99628,0.99102,0.99521,0.99165,0.98986,0.98843,0.99285,0.99174,0.99057,0.99247,0.99587,0.99428,0.99254,1,0.99323,0.9957,0.9918,0.98805,0.99248,0.99043,0.99284,0.99561,0.98891,0.99228,0.98349,0.98787,0.9824,0.99528,0.98472,0.98324,0.99094,0.98563,0.98821,0.99268,0.98968,0.98764,0.9875,0.98713,0.9966,0.973
0.98825,0.99173,0.99128,0.98854,0.98651,0.99229,0.99513,0.99451,0.99394,0.99359,0.98993,0.9917,0.98884,0.99106,0.99064,0.99003,0.98751,0.99118,0.99127,0.98829,0.99108,0.99356,0.99196,0.99117,0.99323,1,0.99211,0.98917,0.9871,0.99456,0.98943,0.99019,0.9914,0.99063,0.99049,0.98326,0.98937,0.98495,0.9953,0.98691,0.98495,0.99216,0.98472,0.98838,0.99276,0.99035,0.98585,0.9904,0.98758,0.99401,0.97342
0.99084,0.99324,0.99137,0.99093,0.98607,0.99318,0.9933,0.99417,0.9953,0.99147,0.99274,0.99481,0.99023,0.99363,0.9907,0.98874,0.98764,0.99166,0.99075,0.98947,0.99232,0.99469,0.99302,0.99123,0.9957,0.99211,1,0.99035,0.98801,0.99143,0.98918,0.99217,0.99396,0.98765,0.99182,0.98291,0.98903,0.98152,0.99389,0.98412,0.98309,0.99026,0.98644,0.98797,0.9919,0.99083,0.98604,0.98772,0.98749,0.99488,0.97229
0.98918,0.99182,0.99221,0.99225,0.9902,0.99123,0.99194,0.98999,0.99141,0.98999,0.9901,0.99115,0.99077,0.99399,0.99111,0.9914,0.9904,0.99375,0.99176,0.99295,0.98929,0.98937,0.99221,0.99237,0.9918,0.98917,0.99035,1,0.98944,0.99028,0.98974,0.99189,0.9929,0.9879,0.99052,0.98576,0.9855,0.98296,0.99002,0.98367,0.98292,0.98953,0.98821,0.98947,0.98987,0.98662,0.98898,0.98495,0.98568,0.9912,0.97601
0.9896,0.9908,0.99248,0.99104,0.99172,0.98917,0.98912,0.98804,0.98774,0.98919,0.98857,0.98869,0.991,0.99011,0.99152,0.99087,0.99161,0.98911,0.99222,0.9914,0.98879,0.98671,0.99135,0.9919,0.98805,0.9871,0.98801,0.98944,1,0.98801,0.99304,0.99211,0.9894,0.98676,0.98969,0.98549,0.98965,0.98225,0.98775,0.98554,0.9841,0.98852,0.98998,0.99272,0.9899,0.98514,0.98272,0.98708,0.98844,0.9892,0.97805
0.98955,0.99112,0.99164,0.98937,0.9879,0.99264,0.99276,0.99183,0.99284,0.99455,0.99004,0.99051,0.98974,0.99165,0.99056,0.99219,0.98825,0.99238,0.99057,0.98892,0.98864,0.99196,0.99237,0.99299,0.99248,0.99456,0.99143,0.99028,0.98801,1,0.9906,0.99051,0.99255,0.99189,0.98974,0.98393,0.98873,0.98559,0.99319,0.98564,0.9849,0.99171,0.98632,0.98922,0.99163,0.98844,0.98449,0.98833,0.98615,0.99286,0.97436
0.99109,0.99221,0.99468,0.9931,0.99175,0.99119,0.9913,0.98968,0.98997,0.99039,0.98978,0.9902,0.99283,0.9917,0.99325,0.99277,0.99121,0.99073,0.99312,0.9924,0.98923,0.98863,0.99398,0.9948,0.99043,0.98943,0.98918,0.98974,0.99304,0.9906,1,0.99279,0.99169,0.99002,0.99097,0.98628,0.98957,0.98388,0.98995,0.98728,0.98546,0.98958,0.9887,0.99291,0.99248,0.98546,0.98281,0.98816,0.98919,0.9913,0.97803
0.99303,0.99427,0.99444,0.99391,0.9915,0.99372,0.99272,0.99149,0.99219,0.99211,0.99282,0.99305,0.99423,0.99411,0.99412,0.99142,0.99295,0.99323,0.99444,0.99435,0.99115,0.99079,0.99555,0.99362,0.99284,0.99019,0.99217,0.99189,0.99211,0.99051,0.99279,1,0.99408,0.98849,0.99307,0.98668,0.99007,0.98225,0.9913,0.98562,0.98441,0.98997,0.98952,0.99152,0.99296,0.98837,0.98511,0.98779,0.98982,0.99283,0.977
0.99368,0.99392,0.9936,0.99369,0.98897,0.99561,0.99331,0.99217,0.99414,0.99221,0.99467,0.99458,0.99288,0.99607,0.99261,0.99146,0.99014,0.99437,0.99204,0.99218,0.99057,0.9924,0.99504,0.99397,0.99561,0.9914,0.99396,0.9929,0.9894,0.99255,0.99169,0.99408,1,0.98926,0.99178,0.98467,0.98767,0.98261,0.99295,0.98451,0.98329,0.9897,0.98767,0.98977,0.9918,0.98801,0.98638,0.9864,0.98727,0.99391,0.97494
0.98614,0.98953,0.99121,0.98741,0.98798,0.9886,0.9903,0.98875,0.9886,0.9895,0.98654,0.98839,0.98781,0.9884,0.99043,0.99069,0.98733,0.98884,0.98956,0.9879,0.9872,0.98771,0.98937,0.99126,0.98891,0.99063,0.98765,0.9879,0.98676,0.99189,0.99002,0.98849,0.98926,1,0.98889,0.98656,0.98855,0.98939,0.99054,0.98981,0.98895,0.98988,0.98495,0.99016,0.99112,0.9866,0.98327,0.99039,0.98688,0.9897,0.97742
0.99,0.99483,0.99426,0.99067,0.99023,0.99143,0.99266,0.99145,0.99227,0.99041,0.99178,0.99325,0.99219,0.99242,0.99436,0.99022,0.99252,0.99227,0.99407,0.9925,0.99222,0.99034,0.99339,0.99186,0.99228,0.99049,0.99182,0.99052,0.98969,0.98974,0.99097,0.99307,0.99178,0.98889,1,0.98826,0.99005,0.98281,0.9914,0.98726,0.98687,0.99062,0.98878,0.99146,0.99313,0.98961,0.98546,0.98928,0.99063,0.9921,0.97676
0.9837,0.98646,0.98773,0.98511,0.98986,0.98416,0.98483,0.98267,0.98311,0.98375,0.98409,0.98428,0.98723,0.98505,0.98856,0.98651,0.98954,0.98644,0.98806,0.98838,0.98407,0.98132,0.98618,0.98594,0.98349,0.98326,0.98291,0.98576,0.98549,0.98393,0.98628,0.98668,0.98467,0.98656,0.98826,1,0.98529,0.98314,0.98318,0.98621,0.98865,0.98459,0.98808,0.98928,0.98568,0.98394,0.98075,0.98476,0.9874,0.98344,0.98356
0.98764,0.99044,0.99049,0.98672,0.98772,0.98867,0.98931,0.98904,0.9879,0.99008,0.98725,0.98848,0.98885,0.98785,0.99045,0.98764,0.98877,0.98742,0.99053,0.98806,0.98888,0.9879,0.98992,0.98919,0.98787,0.98937,0.98903,0.9855,0.98965,0.98873,0.98957,0.99007,0.98767,0.98855,0.99005,0.98529,1,0.98227,0.98884,0.98749,0.98723,0.98931,0.98766,0.99072,0.99165,0.98917,0.98054,0.99174,0.99232,0.98964,0.97651
0.97951,0.98274,0.98462,0.9822,0.98324,0.98197,0.98431,0.98322,0.98261,0.98338,0.98092,0.98193,0.9818,0.98161,0.985,0.98704,0.98215,0.98326,0.9844,0.98202,0.9832,0.98141,0.98275,0.98501,0.9824,0.98495,0.98152,0.98296,0.98225,0.98559,0.98388,0.98225,0.98261,0.98939,0.98281,0.98314,0.98227,1,0.98511,0.98876,0.98724,0.98598,0.98054,0.98543,0.98446,0.98166,0.98088,0.98705,0.98136,0.98297,0.97605
0.98877,0.99278,0.99226,0.99008,0.98625,0.99284,0.99555,0.99622,0.99538,0.99236,0.99098,0.99413,0.98921,0.99208,0.99163,0.9901,0.98741,0.99117,0.99164,0.98877,0.99271,0.9949,0.99242,0.99199,0.99528,0.9953,0.99389,0.99002,0.98775,0.99319,0.98995,0.9913,0.99295,0.99054,0.9914,0.98318,0.98884,0.98511,1,0.98704,0.98472,0.99196,0.98457,0.98841,0.99312,0.99001,0.98731,0.99044,0.98727,0.9957,0.97301
0.98275,0.98701,0.98862,0.98434,0.98588,0.9843,0.9874,0.98601,0.98462,0.98462,0.98379,0.98564,0.98572,0.98414,0.98957,0.98688,0.98585,0.9845,0.9886,0.98538,0.98767,0.98346,0.98579,0.98667,0.98472,0.98691,0.98412,0.98367,0.98554,0.98564,0.98728,0.98562,0.98451,0.98981,0.98726,0.98621,0.98749,0.98876,0.98704,1,0.99163,0.98793,0.98312,0.98906,0.98901,0.98515,0.98101,0.99191,0.98888,0.9856,0.97903
0.98189,0.98556,0.98672,0.9825,0.98527,0.98298,0.98505,0.984,0.98338,0.98391,0.9827,0.98403,0.9849,0.98295,0.98803,0.98549,0.98566,0.98385,0.98673,0.98447,0.98501,0.98209,0.9846,0.98528,0.98324,0.98495,0.98309,0.98292,0.9841,0.9849,0.98546,0.98441,0.98329,0.98895,0.98687,0.98865,0.98723,0.98724,0.98472,0.99163,1,0.9878,0.98453,0.98793,0.98683,0.98605,0.97917,0.98932,0.98749,0.98408,0.9792
0.98729,0.99119,0.99136,0.98852,0.9875,0.98961,0.99253,0.99257,0.99195,0.99104,0.98844,0.99041,0.9892,0.98989,0.99149,0.99045,0.98839,0.98964,0.99169,0.98901,0.99141,0.99076,0.99114,0.99153,0.99094,0.99216,0.99026,0.98953,0.98852,0.99171,0.98958,0.98997,0.9897,0.98988,0.99062,0.98459,0.98931,0.98598,0.99196,0.98793,0.9878,1,0.98622,0.98912,0.99189,0.99032,0.98488,0.98992,0.9878,0.99239,0.97449
0.98859,0.98806,0.98924,0.98792,0.99134,0.98742,0.98604,0.98449,0.98537,0.98738,0.98729,0.98594,0.99049,0.98766,0.98964,0.98915,0.99109,0.98884,0.98922,0.99003,0.98536,0.98356,0.98918,0.98849,0.98563,0.98472,0.98644,0.98821,0.98998,0.98632,0.9887,0.98952,0.98767,0.98495,0.98878,0.98808,0.98766,0.98054,0.98457,0.98312,0.98453,0.98622,1,0.99113,0.98705,0.98584,0.98053,0.98444,0.98695,0.98572,0.97828
0.9892,0.99186,0.99387,0.99023,0.99409,0.98972,0.99003,0.98784,0.98763,0.98945,0.98911,0.98899,0.99211,0.98996,0.99397,0.99301,0.99317,0.99059,0.99359,0.99228,0.98938,0.98605,0.99143,0.99211,0.98821,0.98838,0.98797,0.98947,0.99272,0.98922,0.99291,0.99152,0.98977,0.99016,0.99146,0.98928,0.99072,0.98543,0.98841,0.98906,0.98793,0.98912,0.99113,1,0.9915,0.98636,0.98313,0.98942,0.99049,0.98877,0.98024
0.99002,0.99401,0.99408,0.99081,0.98925,0.99192,0.99438,0.99306,0.99245,0.99151,0.99024,0.99249,0.99173,0.99196,0.99376,0.99087,0.99001,0.99132,0.9935,0.99132,0.99236,0.99133,0.99322,0.99284,0.99268,0.99276,0.9919,0.98987,0.9899,0.99163,0.99248,0.99296,0.9918,0.99112,0.99313,0.98568,0.99165,0.98446,0.99312,0.98901,0.98683,0.99189,0.98705,0.9915,1,0.98943,0.98522,0.99153,0.99058,0.99371,0.97591
0.98578,0.98925,0.988,0.98552,0.98428,0.98846,0.99004,0.99057,0.98997,0.98881,0.98759,0.98962,0.98683,0.98789,0.98844,0.98563,0.98601,0.98789,0.98852,0.98627,0.98962,0.98962,0.98858,0.98686,0.98968,0.99035,0.99083,0.98662,0.98514,0.98844,0.98546,0.98837,0.98801,0.9866,0.98961,0.98394,0.98917,0.98166,0.99001,0.98515,0.98605,0.99032,0.98584,0.98636,0.98943,1,0.98414,0.98888,0.98761,0.98996,0.97259
0.98179,0.98644,0.98539,0.98562,0.98244,0.98531,0.98841,0.98753,0.98717,0.98376,0.98434,0.98742,0.98294,0.987,0.98508,0.9842,0.98294,0.98666,0.98576,0.98529,0.9872,0.98618,0.98494,0.9848,0.98764,0.98585,0.98604,0.98898,0.98272,0.98449,0.98281,0.98511,0.98638,0.98327,0.98546,0.98075,0.98054,0.98088,0.98731,0.98101,0.97917,0.98488,0.98053,0.98313,0.98522,0.98414,1,0.98257,0.98093,0.9869,0.97097
0.98416,0.98875,0.98951,0.98553,0.98552,0.98694,0.98988,0.98964,0.98768,0.98824,0.98564,0.98782,0.98616,0.98585,0.99001,0.98768,0.98642,0.98626,0.98993,0.98585,0.98986,0.98732,0.98787,0.98807,0.9875,0.9904,0.98772,0.98495,0.98708,0.98833,0.98816,0.98779,0.9864,0.99039,0.98928,0.98476,0.99174,0.98705,0.99044,0.99191,0.98932,0.98992,0.98444,0.98942,0.99153,0.98888,0.98257,1,0.98974,0.98905,0.97503
0.9871,0.99055,0.99082,0.98738,0.98831,0.98767,0.98893,0.9877,0.98691,0.98694,0.98758,0.98857,0.99002,0.98789,0.99156,0.98668,0.99002,0.98737,0.99167,0.98955,0.98957,0.98607,0.98969,0.9882,0.98713,0.98758,0.98749,0.98568,0.98844,0.98615,0.98919,0.98982,0.98727,0.98688,0.99063,0.9874,0.99232,0.98136,0.98727,0.98888,0.98749,0.9878,0.98695,0.99049,0.99058,0.98761,0.98093,0.98974,1,0.98796,0.9794
0.99033,0.99436,0.99318,0.99165,0.98719,0.99368,0.99591,0.997,0.9965,0.99296,0.99142,0.99513,0.9905,0.99405,0.99183,0.99013,0.98851,0.9918,0.99228,0.99036,0.99278,0.99649,0.99435,0.99323,0.9966,0.99401,0.99488,0.9912,0.9892,0.99286,0.9913,0.99283,0.99391,0.9897,0.9921,0.98344,0.98964,0.98297,0.9957,0.9856,0.98408,0.99239,0.98572,0.98877,0.99371,0.98996,0.9869,0.98905,0.98796,1,0.97324
0.97585,0.97644,0.97832,0.97603,0.98224,0.97465,0.9747,0.97241,0.97264,0.9745,0.97469,0.97415,0.97851,0.9756,0.97845,0.97767,0.98056,0.97626,0.9782,0.97939,0.974,0.97129,0.97628,0.97703,0.973,0.97342,0.97229,0.97601,0.97805,0.97436,0.97803,0.977,0.97494,0.97742,0.97676,0.98356,0.97651,0.97605,0.97301,0.97903,0.9792,0.97449,0.97828,0.98024,0.97591,0.97259,0.97097,0.97503,0.9794,0.97324,1
