1,0.98931,0.99242,0.98478,0.98613,0.98592,0.99143,0.99288,0.98536,0.98859,0.99494,0.98432,0.98791,0.98502,0.99107,0.99127,0.98783,0.98951,0.98841,0.98606,0.9903,0.98447,0.99288,0.98549,0.98689,0.98918,0.98819,0.99031,0.98914,0.99005,0.98645,0.98871,0.98965,0.99054,0.9786,0.98688,0.98834,0.98494,0.99392,0.98772
0.98931,1,0.98774,0.98953,0.99063,0.99367,0.99158,0.98811,0.99214,0.99369,0.9893,0.98941,0.99494,0.99129,0.99163,0.99285,0.99445,0.99455,0.99452,0.99395,0.9863,0.99132,0.99347,0.99082,0.99103,0.99344,0.99217,0.99368,0.99522,0.99207,0.99156,0.9948,0.98861,0.98424,0.97743,0.99455,0.99061,0.98737,0.99265,0.9843
0.99242,0.98774,1,0.98546,0.98315,0.9844,0.98984,0.99462,0.98572,0.98675,0.99408,0.98628,0.9861,0.98583,0.98888,0.9911,0.98622,0.98753,0.98708,0.98603,0.98445,0.98441,0.98933,0.9847,0.98483,0.98606,0.98718,0.98916,0.98735,0.98808,0.9845,0.98625,0.98454,0.98624,0.9796,0.9849,0.98519,0.98644,0.99122,0.98419
0.98478,0.98953,0.98546,1,0.98541,0.98871,0.9861,0.98514,0.9914,0.98999,0.98546,0.99348,0.98963,0.992,0.98558,0.99013,0.98864,0.99024,0.98984,0.99178,0.9808,0.99109,0.98712,0.98902,0.98816,0.9877,0.99088,0.98833,0.98938,0.98783,0.98781,0.98937,0.98232,0.98135,0.97759,0.98766,0.98394,0.98918,0.98822,0.98093
0.98613,0.99063,0.98315,0.98541,1,0.99285,0.99177,0.98306,0.98916,0.9915,0.98706,0.9841,0.99194,0.98772,0.9915,0.98607,0.99254,0.99121,0.99293,0.99017,0.98676,0.98989,0.99072,0.99268,0.99366,0.99346,0.99067,0.98875,0.98945,0.99133,0.99577,0.99205,0.98944,0.98393,0.9722,0.99085,0.99133,0.98391,0.98709,0.98294
0.98592,0.99367,0.9844,0.98871,0.99285,1,0.99046,0.98445,0.99278,0.99293,0.98682,0.98834,0.9943,0.99172,0.99062,0.98891,0.99436,0.99282,0.99512,0.99446,0.98504,0.99224,0.99099,0.99386,0.9936,0.99336,0.99307,0.9899,0.99219,0.99144,0.993,0.99318,0.98746,0.98247,0.97439,0.99235,0.99088,0.98651,0.98851,0.98311
0.99143,0.99158,0.98984,0.9861,0.99177,0.99046,1,0.98933,0.9891,0.9913,0.9937,0.9854,0.99151,0.98771,0.99546,0.98961,0.99223,0.99144,0.99293,0.98995,0.98789,0.98907,0.99334,0.99088,0.99131,0.99218,0.99115,0.99071,0.99004,0.9928,0.99229,0.99182,0.98949,0.98708,0.97433,0.98997,0.99172,0.98628,0.9909,0.98474
0.99288,0.98811,0.99462,0.98514,0.98306,0.98445,0.98933,1,0.98528,0.98765,0.99261,0.98572,0.98596,0.98536,0.98968,0.99237,0.98709,0.98778,0.98712,0.98606,0.98528,0.98391,0.99009,0.98389,0.98438,0.98624,0.98667,0.98941,0.98809,0.98721,0.98407,0.9869,0.9855,0.98568,0.97966,0.9849,0.98546,0.98674,0.99191,0.98498
0.98536,0.99214,0.98572,0.9914,0.98916,0.99278,0.9891,0.98528,1,0.99228,0.98668,0.99196,0.99283,0.99541,0.98852,0.99,0.99204,0.99285,0.99353,0.99576,0.98225,0.9919,0.98939,0.9927,0.99111,0.99033,0.99339,0.99049,0.99132,0.98978,0.99083,0.9923,0.98399,0.98086,0.97585,0.99056,0.98692,0.98872,0.98794,0.98135
0.98859,0.99369,0.98675,0.98999,0.9915,0.99293,0.9913,0.98765,0.99228,1,0.98874,0.98906,0.99343,0.99196,0.9915,0.99204,0.9952,0.99489,0.99466,0.99379,0.9858,0.99015,0.99269,0.99233,0.99244,0.9938,0.99292,0.99205,0.99361,0.99108,0.99222,0.99466,0.9886,0.98363,0.97643,0.99132,0.98982,0.98825,0.99071,0.98412
0.99494,0.9893,0.99408,0.98546,0.98706,0.98682,0.9937,0.99261,0.98668,0.98874,1,0.98503,0.98845,0.98627,0.9922,0.99042,0.98848,0.98963,0.98946,0.98718,0.98868,0.98585,0.99252,0.98715,0.98797,0.98963,0.98927,0.98992,0.98892,0.99124,0.98783,0.98884,0.98869,0.98968,0.97731,0.98684,0.98883,0.98633,0.99252,0.98665
0.98432,0.98941,0.98628,0.99348,0.9841,0.98834,0.9854,0.98572,0.99196,0.98906,0.98503,1,0.98847,0.99388,0.98515,0.991,0.98815,0.98949,0.98939,0.99173,0.97961,0.9893,0.98684,0.98858,0.98741,0.98648,0.99054,0.98857,0.98956,0.98746,0.98618,0.98812,0.98101,0.97987,0.97948,0.98692,0.98345,0.99066,0.9876,0.98064
0.98791,0.99494,0.9861,0.98963,0.99194,0.9943,0.99151,0.98596,0.99283,0.99343,0.98845,0.98847,1,0.99142,0.9907,0.99021,0.99388,0.9946,0.9947,0.99375,0.98597,0.99163,0.99186,0.99251,0.99229,0.99384,0.99328,0.9923,0.99302,0.99179,0.99252,0.99607,0.98813,0.98429,0.97567,0.99426,0.99109,0.98637,0.99075,0.98343
0.98502,0.99129,0.98583,0.992,0.98772,0.99172,0.98771,0.98536,0.99541,0.99196,0.98627,0.99388,0.99142,1,0.98739,0.99064,0.99084,0.9922,0.99232,0.99435,0.98172,0.99055,0.98916,0.99181,0.99047,0.98989,0.99281,0.99001,0.99184,0.98936,0.9894,0.9909,0.98372,0.98077,0.97785,0.98909,0.98628,0.98971,0.98813,0.98213
0.99107,0.99163,0.98888,0.98558,0.9915,0.99062,0.99546,0.98968,0.98852,0.9915,0.9922,0.98515,0.9907,0.98739,1,0.98982,0.99283,0.99162,0.99301,0.98984,0.98881,0.98849,0.99348,0.98975,0.99079,0.99215,0.99049,0.99123,0.99064,0.99165,0.99139,0.99138,0.99078,0.98676,0.97516,0.98963,0.99209,0.98586,0.99099,0.986
0.99127,0.99285,0.9911,0.99013,0.98607,0.98891,0.98961,0.99237,0.99,0.99204,0.99042,0.991,0.99021,0.99064,0.98982,1,0.99074,0.99237,0.99123,0.99085,0.98525,0.98777,0.99263,0.98794,0.98825,0.98991,0.99101,0.99248,0.99327,0.99005,0.98738,0.99091,0.9867,0.98475,0.98086,0.98901,0.9875,0.98947,0.99398,0.98562
0.98783,0.99445,0.98622,0.98864,0.99254,0.99436,0.99223,0.98709,0.99204,0.9952,0.98848,0.98815,0.99388,0.99084,0.99283,0.99074,1,0.99396,0.99527,0.99448,0.98551,0.99124,0.99201,0.9923,0.99218,0.99292,0.9921,0.99205,0.99274,0.99103,0.99277,0.99437,0.9882,0.98298,0.97501,0.99208,0.99053,0.9876,0.99004,0.98317
0.98951,0.99455,0.98753,0.99024,0.99121,0.99282,0.99144,0.98778,0.99285,0.99489,0.98963,0.98949,0.9946,0.9922,0.99162,0.99237,0.99396,1,0.99456,0.99321,0.98693,0.99035,0.99368,0.99164,0.99201,0.99457,0.99377,0.9942,0.99486,0.9927,0.99204,0.99446,0.98943,0.98506,0.97815,0.99241,0.99036,0.98818,0.99271,0.98527
0.98841,0.99452,0.98708,0.98984,0.99293,0.99512,0.99293,0.98712,0.99353,0.99466,0.98946,0.98939,0.9947,0.99232,0.99301,0.99123,0.99527,0.99456,1,0.99493,0.986,0.99242,0.99304,0.9944,0.99451,0.99413,0.9948,0.99183,0.99345,0.9932,0.9938,0.99486,0.98854,0.98445,0.97574,0.99234,0.99165,0.98828,0.99032,0.98452
0.98606,0.99395,0.98603,0.99178,0.99017,0.99446,0.98995,0.98606,0.99576,0.99379,0.98718,0.99173,0.99375,0.99435,0.98984,0.99085,0.99448,0.99321,0.99493,1,0.98297,0.99351,0.99011,0.99306,0.99179,0.99123,0.99322,0.99116,0.99255,0.99038,0.9918,0.99354,0.98504,0.98134,0.97577,0.99162,0.98784,0.98914,0.98881,0.98177
0.9903,0.9863,0.98445,0.9808,0.98676,0.98504,0.98789,0.98528,0.98225,0.9858,0.98868,0.97961,0.98597,0.98172,0.98881,0.98525,0.98551,0.98693,0.986,0.98297,1,0.98178,0.99026,0.98371,0.98652,0.98927,0.98581,0.98596,0.98658,0.98766,0.9855,0.98637,0.99351,0.9913,0.97605,0.98506,0.98959,0.98044,0.98868,0.99087
0.98447,0.99132,0.98441,0.99109,0.98989,0.99224,0.98907,0.98391,0.9919,0.99015,0.98585,0.9893,0.99163,0.99055,0.98849,0.98777,0.99124,0.99035,0.99242,0.99351,0.98178,1,0.98805,0.99175,0.99064,0.98924,0.99082,0.98908,0.98914,0.98929,0.992,0.9915,0.98364,0.98098,0.97338,0.99043,0.9866,0.98698,0.98708,0.97986
0.99288,0.99347,0.98933,0.98712,0.99072,0.99099,0.99334,0.99009,0.98939,0.99269,0.99252,0.98684,0.99186,0.98916,0.99348,0.99263,0.99201,0.99368,0.99304,0.99011,0.99026,0.98805,1,0.98968,0.99124,0.99438,0.99182,0.99243,0.99363,0.99354,0.99079,0.99258,0.99217,0.98819,0.97794,0.99072,0.99238,0.98724,0.99397,0.98817
0.98549,0.99082,0.9847,0.98902,0.99268,0.99386,0.99088,0.98389,0.9927,0.99233,0.98715,0.98858,0.99251,0.99181,0.98975,0.98794,0.9923,0.99164,0.9944,0.99306,0.98371,0.99175,0.98968,1,0.99607,0.99205,0.99451,0.98863,0.9898,0.99197,0.99413,0.99184,0.98584,0.9824,0.97353,0.98961,0.98933,0.9879,0.98702,0.98224
0.98689,0.99103,0.98483,0.98816,0.99366,0.9936,0.99131,0.98438,0.99111,0.99244,0.98797,0.98741,0.99229,0.99047,0.99079,0.98825,0.99218,0.99201,0.99451,0.99179,0.98652,0.99064,0.99124,0.99607,1,0.99345,0.99435,0.98862,0.99039,0.9927,0.9941,0.9921,0.98817,0.98463,0.97434,0.98954,0.99107,0.98696,0.98798,0.98494
0.98918,0.99344,0.98606,0.9877,0.99346,0.99336,0.99218,0.98624,0.99033,0.9938,0.98963,0.98648,0.99384,0.98989,0.99215,0.98991,0.99292,0.99457,0.99413,0.99123,0.98927,0.98924,0.99438,0.99205,0.99345,1,0.99304,0.99107,0.99373,0.9938,0.99341,0.99366,0.99249,0.98658,0.97632,0.99188,0.99297,0.9863,0.99132,0.98659
0.98819,0.99217,0.98718,0.99088,0.99067,0.99307,0.99115,0.98667,0.99339,0.99292,0.98927,0.99054,0.99328,0.99281,0.99049,0.99101,0.9921,0.99377,0.9948,0.99322,0.98581,0.99082,0.99182,0.99451,0.99435,0.99304,1,0.99042,0.99201,0.99322,0.99167,0.99268,0.98726,0.98493,0.9766,0.98993,0.98987,0.98969,0.99001,0.9849
0.99031,0.99368,0.98916,0.98833,0.98875,0.9899,0.99071,0.98941,0.99049,0.99205,0.98992,0.98857,0.9923,0.99001,0.99123,0.99248,0.99205,0.9942,0.99183,0.99116,0.98596,0.98908,0.99243,0.98863,0.98862,0.99107,0.99042,1,0.99288,0.99041,0.98958,0.99248,0.9879,0.98441,0.97898,0.99157,0.98841,0.98683,0.99313,0.98377
0.98914,0.99522,0.98735,0.98938,0.98945,0.99219,0.99004,0.98809,0.99132,0.99361,0.98892,0.98956,0.99302,0.99184,0.99064,0.99327,0.99274,0.99486,0.99345,0.99255,0.98658,0.98914,0.99363,0.9898,0.99039,0.99373,0.99201,0.99288,1,0.99191,0.99016,0.99356,0.98943,0.98453,0.97963,0.99259,0.99005,0.98815,0.99278,0.98606
0.99005,0.99207,0.98808,0.98783,0.99133,0.99144,0.9928,0.98721,0.98978,0.99108,0.99124,0.98746,0.99179,0.98936,0.99165,0.99005,0.99103,0.9927,0.9932,0.99038,0.98766,0.98929,0.99354,0.99197,0.9927,0.9938,0.99322,0.99041,0.99191,1,0.99249,0.99145,0.98949,0.98756,0.97676,0.99038,0.99062,0.98858,0.99146,0.98574
0.98645,0.99156,0.9845,0.98781,0.99577,0.993,0.99229,0.98407,0.99083,0.99222,0.98783,0.98618,0.99252,0.9894,0.99139,0.98738,0.99277,0.99204,0.9938,0.9918,0.9855,0.992,0.99079,0.99413,0.9941,0.99341,0.99167,0.98958,0.99016,0.99249,1,0.99247,0.98807,0.98373,0.97313,0.99127,0.98991,0.98583,0.98797,0.9825
0.98871,0.9948,0.98625,0.98937,0.99205,0.99318,0.99182,0.9869,0.9923,0.99466,0.98884,0.98812,0.99607,0.9909,0.99138,0.99091,0.99437,0.99446,0.99486,0.99354,0.98637,0.9915,0.99258,0.99184,0.9921,0.99366,0.99268,0.99248,0.99356,0.99145,0.99247,1,0.98856,0.98424,0.97554,0.99357,0.99059,0.98716,0.9909,0.9837
0.98965,0.98861,0.98454,0.98232,0.98944,0.98746,0.98949,0.9855,0.98399,0.9886,0.98869,0.98101,0.98813,0.98372,0.99078,0.9867,0.9882,0.98943,0.98854,0.98504,0.99351,0.98364,0.99217,0.98584,0.98817,0.99249,0.98726,0.9879,0.98943,0.98949,0.98807,0.98856,1,0.98931,0.97625,0.98754,0.99237,0.98177,0.98982,0.98967
0.99054,0.98424,0.98624,0.98135,0.98393,0.98247,0.98708,0.98568,0.98086,0.98363,0.98968,0.97987,0.98429,0.98077,0.98676,0.98475,0.98298,0.98506,0.98445,0.98134,0.9913,0.98098,0.98819,0.9824,0.98463,0.98658,0.98493,0.98441,0.98453,0.98756,0.98373,0.98424,0.98931,1,0.97729,0.98307,0.98694,0.98065,0.98835,0.98933
0.9786,0.97743,0.9796,0.97759,0.9722,0.97439,0.97433,0.97966,0.97585,0.97643,0.97731,0.97948,0.97567,0.97785,0.97516,0.98086,0.97501,0.97815,0.97574,0.97577,0.97605,0.97338,0.97794,0.97353,0.97434,0.97632,0.9766,0.97898,0.97963,0.97676,0.97313,0.97554,0.97625,0.97729,1,0.97569,0.97449,0.97745,0.98024,0.98012
0.98688,0.99455,0.9849,0.98766,0.99085,0.99235,0.98997,0.9849,0.99056,0.99132,0.98684,0.98692,0.99426,0.98909,0.98963,0.98901,0.99208,0.99241,0.99234,0.99162,0.98506,0.99043,0.99072,0.98961,0.98954,0.99188,0.98993,0.99157,0.99259,0.99038,0.99127,0.99357,0.98754,0.98307,0.97569,1,0.98967,0.98431,0.98983,0.98224
0.98834,0.99061,0.98519,0.98394,0.99133,0.99088,0.99172,0.98546,0.98692,0.98982,0.98883,0.98345,0.99109,0.98628,0.99209,0.9875,0.99053,0.99036,0.99165,0.98784,0.98959,0.9866,0.99238,0.98933,0.99107,0.99297,0.98987,0.98841,0.99005,0.99062,0.98991,0.99059,0.99237,0.98694,0.97449,0.98967,1,0.98327,0.98912,0.98749
0.98494,0.98737,0.98644,0.98918,0.98391,0.98651,0.98628,0.98674,0.98872,0.98825,0.98633,0.99066,0.98637,0.98971,0.98586,0.98947,0.9876,0.98818,0.98828,0.98914,0.98044,0.98698,0.98724,0.9879,0.98696,0.9863,0.98969,0.98683,0.98815,0.98858,0.98583,0.98716,0.98177,0.98065,0.97745,0.98431,0.98327,1,0.98691,0.98111
0.99392,0.99265,0.99122,0.98822,0.98709,0.98851,0.9909,0.99191,0.98794,0.99071,0.99252,0.9876,0.99075,0.98813,0.99099,0.99398,0.99004,0.99271,0.99032,0.98881,0.98868,0.98708,0.99397,0.98702,0.98798,0.99132,0.99001,0.99313,0.99278,0.99146,0.98797,0.9909,0.98982,0.98835,0.98024,0.98983,0.98912,0.98691,1,0.98721
0.98772,0.9843,0.98419,0.98093,0.98294,0.98311,0.98474,0.98498,0.98135,0.98412,0.98665,0.98064,0.98343,0.98213,0.986,0.98562,0.98317,0.98527,0.98452,0.98177,0.99087,0.97986,0.98817,0.98224,0.98494,0.98659,0.9849,0.98377,0.98606,0.98574,0.9825,0.9837,0.98967,0.98933,0.98012,0.98224,0.98749,0.98111,0.98721,1
