1,0.9875,0.9898,0.9926,0.98188,0.99396,0.99638,0.99573,0.99627,0.98815,0.99352,0.98975,0.99207,0.99668,0.99239,0.99021,0.99538,0.99412,0.99417,0.99399,0.99261,0.9887,0.99093,0.99228,0.9905,0.99645,0.99275,0.99519,0.99284,0.98665,0.98783,0.99304,0.9934,0.98992,0.99437,0.98692,0.99504,0.99248
0.9875,1,0.98953,0.99033,0.99051,0.98922,0.98803,0.98927,0.98689,0.98598,0.98983,0.98597,0.98707,0.98684,0.98904,0.98947,0.98762,0.98797,0.98825,0.98737,0.99162,0.98827,0.98649,0.98761,0.98602,0.98716,0.98565,0.98865,0.99238,0.99115,0.98781,0.98868,0.98844,0.9884,0.98761,0.98847,0.98669,0.98789
0.9898,0.98953,1,0.99034,0.9849,0.99005,0.99238,0.99163,0.99111,0.98574,0.99374,0.98808,0.98779,0.99121,0.98977,0.99436,0.9893,0.98955,0.99069,0.98892,0.99119,0.98919,0.98799,0.99098,0.9906,0.98887,0.98764,0.98963,0.99325,0.9922,0.99005,0.99278,0.99092,0.99252,0.99274,0.98987,0.98864,0.98886
0.9926,0.99033,0.99034,1,0.98586,0.99598,0.99368,0.99315,0.99215,0.99068,0.99367,0.99123,0.99418,0.99248,0.99558,0.99028,0.9951,0.99448,0.99519,0.9936,0.99182,0.98939,0.99123,0.99165,0.98868,0.99237,0.99182,0.9952,0.99519,0.98762,0.98748,0.99111,0.99251,0.99038,0.99139,0.98766,0.99243,0.99117
0.98188,0.99051,0.9849,0.98586,1,0.98424,0.98237,0.98384,0.98117,0.98534,0.98495,0.98444,0.98412,0.98143,0.98496,0.98438,0.98265,0.98231,0.98308,0.98229,0.98539,0.98193,0.98419,0.98263,0.98118,0.98179,0.98035,0.98338,0.98659,0.98554,0.98157,0.98272,0.9847,0.98344,0.98222,0.98783,0.9819,0.98126
0.99396,0.98922,0.99005,0.99598,0.98424,1,0.99465,0.99355,0.99287,0.99005,0.99459,0.99111,0.99318,0.99367,0.99506,0.99041,0.9958,0.99571,0.99619,0.9941,0.99187,0.98907,0.99175,0.99202,0.98926,0.99313,0.99326,0.9951,0.99417,0.98683,0.98708,0.99195,0.99313,0.99122,0.99187,0.9867,0.99324,0.99138
0.99638,0.98803,0.99238,0.99368,0.98237,0.99465,1,0.9954,0.99692,0.98783,0.99536,0.98997,0.99178,0.99739,0.99305,0.99234,0.99538,0.99487,0.99559,0.99391,0.99282,0.9901,0.99087,0.99342,0.99139,0.99482,0.99312,0.99509,0.99437,0.98825,0.98936,0.99451,0.9937,0.99211,0.99567,0.98752,0.99422,0.99282
0.99573,0.98927,0.99163,0.99315,0.98384,0.99355,0.9954,1,0.99531,0.98931,0.99466,0.99079,0.99246,0.99579,0.99347,0.99115,0.99404,0.99284,0.99332,0.99397,0.99284,0.98805,0.99167,0.99225,0.99156,0.99427,0.99076,0.9944,0.99438,0.98824,0.98754,0.99355,0.99383,0.99025,0.99466,0.9893,0.99407,0.99052
0.99627,0.98689,0.99111,0.99215,0.98117,0.99287,0.99692,0.99531,1,0.98746,0.99388,0.98925,0.99129,0.99796,0.99212,0.99124,0.99431,0.99295,0.99399,0.99336,0.99218,0.98855,0.99053,0.99252,0.99225,0.99464,0.99209,0.99467,0.99308,0.98758,0.9882,0.99444,0.99279,0.99086,0.99556,0.98725,0.99401,0.99174
0.98815,0.98598,0.98574,0.99068,0.98534,0.99005,0.98783,0.98931,0.98746,1,0.98901,0.99519,0.99214,0.98817,0.99096,0.98534,0.98954,0.98805,0.989,0.98926,0.98725,0.98248,0.99281,0.98752,0.98707,0.98842,0.98628,0.98989,0.98893,0.98257,0.98094,0.9861,0.98998,0.98484,0.98651,0.98762,0.9893,0.98457
0.99352,0.98983,0.99374,0.99367,0.98495,0.99459,0.99536,0.99466,0.99388,0.98901,1,0.9912,0.99122,0.99447,0.99314,0.99362,0.99311,0.99285,0.9947,0.99225,0.9931,0.98959,0.99151,0.99355,0.99134,0.9928,0.9903,0.99341,0.99508,0.98975,0.98887,0.99398,0.99533,0.99301,0.99448,0.98973,0.99211,0.99029
0.98975,0.98597,0.98808,0.99123,0.98444,0.99111,0.98997,0.99079,0.98925,0.99519,0.9912,1,0.99183,0.99015,0.99099,0.98726,0.99063,0.98955,0.99062,0.99028,0.98814,0.98439,0.99303,0.9898,0.98852,0.99009,0.98731,0.99072,0.98999,0.98369,0.98295,0.98751,0.99193,0.98656,0.98863,0.98844,0.99075,0.98595
0.99207,0.98707,0.98779,0.99418,0.98412,0.99318,0.99178,0.99246,0.99129,0.99214,0.99122,0.99183,1,0.99188,0.99473,0.98709,0.99459,0.99205,0.99207,0.99412,0.98979,0.9856,0.99195,0.99095,0.98811,0.99214,0.9905,0.99385,0.99186,0.98425,0.98409,0.98888,0.9918,0.9872,0.99027,0.9868,0.99341,0.98872
0.99668,0.98684,0.99121,0.99248,0.98143,0.99367,0.99739,0.99579,0.99796,0.98817,0.99447,0.99015,0.99188,1,0.99267,0.99114,0.99486,0.99359,0.99442,0.99379,0.99205,0.98843,0.99126,0.99297,0.99209,0.99504,0.99244,0.99481,0.99313,0.98711,0.98791,0.99409,0.99344,0.9908,0.99552,0.98741,0.99458,0.99146
0.99239,0.98904,0.98977,0.99558,0.98496,0.99506,0.99305,0.99347,0.99212,0.99096,0.99314,0.99099,0.99473,0.99267,1,0.98902,0.99506,0.99372,0.99319,0.99359,0.99096,0.98762,0.99153,0.99091,0.98878,0.99175,0.99195,0.99434,0.99418,0.98647,0.98573,0.99117,0.99201,0.98959,0.99116,0.987,0.99285,0.9897
0.99021,0.98947,0.99436,0.99028,0.98438,0.99041,0.99234,0.99115,0.99124,0.98534,0.99362,0.98726,0.98709,0.99114,0.98902,1,0.98897,0.98897,0.99168,0.98827,0.99163,0.98841,0.98878,0.9904,0.99145,0.98938,0.98752,0.99002,0.99276,0.99359,0.99026,0.99418,0.99174,0.99457,0.99329,0.99007,0.98805,0.98897
0.99538,0.98762,0.9893,0.9951,0.98265,0.9958,0.99538,0.99404,0.99431,0.98954,0.99311,0.99063,0.99459,0.99486,0.99506,0.98897,1,0.99627,0.99483,0.99538,0.99145,0.98903,0.99095,0.9923,0.9889,0.99461,0.99419,0.99578,0.99321,0.98556,0.98687,0.99144,0.99254,0.9894,0.99234,0.9857,0.99536,0.99216
0.99412,0.98797,0.98955,0.99448,0.98231,0.99571,0.99487,0.99284,0.99295,0.98805,0.99285,0.98955,0.99205,0.99359,0.99372,0.98897,0.99627,1,0.9946,0.99389,0.99116,0.99094,0.98928,0.99161,0.98776,0.99332,0.99433,0.99418,0.99304,0.9858,0.98804,0.991,0.99143,0.98962,0.99129,0.9847,0.99346,0.99333
0.99417,0.98825,0.99069,0.99519,0.98308,0.99619,0.99559,0.99332,0.99399,0.989,0.9947,0.99062,0.99207,0.99442,0.99319,0.99168,0.99483,0.9946,1,0.99323,0.99191,0.98963,0.99139,0.99258,0.99035,0.99361,0.99259,0.99486,0.99388,0.98778,0.98849,0.99306,0.99325,0.99174,0.99319,0.98697,0.99252,0.99192
0.99399,0.98737,0.98892,0.9936,0.98229,0.9941,0.99391,0.99397,0.99336,0.98926,0.99225,0.99028,0.99412,0.99379,0.99359,0.98827,0.99538,0.99389,0.99323,1,0.99158,0.98763,0.99109,0.99285,0.98992,0.99365,0.99206,0.99459,0.99239,0.98508,0.98589,0.99052,0.99189,0.98856,0.99204,0.98618,0.99541,0.99094
0.99261,0.99162,0.99119,0.99182,0.98539,0.99187,0.99282,0.99284,0.99218,0.98725,0.9931,0.98814,0.98979,0.99205,0.99096,0.99163,0.99145,0.99116,0.99191,0.99158,1,0.98967,0.99002,0.99195,0.99054,0.99222,0.98953,0.99228,0.99425,0.99007,0.98949,0.9929,0.99252,0.99034,0.9925,0.98907,0.9917,0.99189
0.9887,0.98827,0.98919,0.98939,0.98193,0.98907,0.9901,0.98805,0.98855,0.98248,0.98959,0.98439,0.9856,0.98843,0.98762,0.98841,0.98903,0.99094,0.98963,0.98763,0.98967,1,0.98334,0.98969,0.98431,0.98922,0.98859,0.98873,0.99013,0.98776,0.99349,0.9884,0.98783,0.98806,0.98872,0.98327,0.98723,0.99249
0.99093,0.98649,0.98799,0.99123,0.98419,0.99175,0.99087,0.99167,0.99053,0.99281,0.99151,0.99303,0.99195,0.99126,0.99153,0.98878,0.99095,0.98928,0.99139,0.99109,0.99002,0.98334,1,0.98937,0.99116,0.9904,0.98846,0.99164,0.99102,0.98491,0.98298,0.98988,0.99263,0.98797,0.98987,0.98943,0.99181,0.98632
0.99228,0.98761,0.99098,0.99165,0.98263,0.99202,0.99342,0.99225,0.99252,0.98752,0.99355,0.9898,0.99095,0.99297,0.99091,0.9904,0.9923,0.99161,0.99258,0.99285,0.99195,0.98969,0.98937,1,0.99055,0.99383,0.98941,0.99287,0.99212,0.98709,0.98916,0.99077,0.99323,0.99018,0.99358,0.98756,0.99241,0.99081
0.9905,0.98602,0.9906,0.98868,0.98118,0.98926,0.99139,0.99156,0.99225,0.98707,0.99134,0.98852,0.98811,0.99209,0.98878,0.99145,0.9889,0.98776,0.99035,0.98992,0.99054,0.98431,0.99116,0.99055,1,0.98971,0.98708,0.99042,0.99048,0.98807,0.98546,0.99265,0.99065,0.99038,0.99251,0.98907,0.98994,0.98703
0.99645,0.98716,0.98887,0.99237,0.98179,0.99313,0.99482,0.99427,0.99464,0.98842,0.9928,0.99009,0.99214,0.99504,0.99175,0.98938,0.99461,0.99332,0.99361,0.99365,0.99222,0.98922,0.9904,0.99383,0.98971,1,0.99152,0.99507,0.9921,0.986,0.98825,0.99132,0.99379,0.98887,0.99365,0.98678,0.9945,0.99241
0.99275,0.98565,0.98764,0.99182,0.98035,0.99326,0.99312,0.99076,0.99209,0.98628,0.9903,0.98731,0.9905,0.99244,0.99195,0.98752,0.99419,0.99433,0.99259,0.99206,0.98953,0.98859,0.98846,0.98941,0.98708,0.99152,1,0.99296,0.99096,0.98412,0.98636,0.99058,0.98931,0.98869,0.99022,0.98325,0.99271,0.99194
0.99519,0.98865,0.98963,0.9952,0.98338,0.9951,0.99509,0.9944,0.99467,0.98989,0.99341,0.99072,0.99385,0.99481,0.99434,0.99002,0.99578,0.99418,0.99486,0.99459,0.99228,0.98873,0.99164,0.99287,0.99042,0.99507,0.99296,1,0.99426,0.98683,0.98757,0.99203,0.99302,0.99055,0.99311,0.98747,0.9944,0.99234
0.99284,0.99238,0.99325,0.99519,0.98659,0.99417,0.99437,0.99438,0.99308,0.98893,0.99508,0.98999,0.99186,0.99313,0.99418,0.99276,0.99321,0.99304,0.99388,0.99239,0.99425,0.99013,0.99102,0.99212,0.99048,0.9921,0.99096,0.99426,1,0.9908,0.98964,0.99359,0.99306,0.99199,0.99312,0.98986,0.99195,0.99169
0.98665,0.99115,0.9922,0.98762,0.98554,0.98683,0.98825,0.98824,0.98758,0.98257,0.98975,0.98369,0.98425,0.98711,0.98647,0.99359,0.98556,0.9858,0.98778,0.98508,0.99007,0.98776,0.98491,0.98709,0.98807,0.986,0.98412,0.98683,0.9908,1,0.99045,0.99089,0.98785,0.99096,0.98953,0.98893,0.98443,0.98699
0.98783,0.98781,0.99005,0.98748,0.98157,0.98708,0.98936,0.98754,0.9882,0.98094,0.98887,0.98295,0.98409,0.98791,0.98573,0.99026,0.98687,0.98804,0.98849,0.98589,0.98949,0.99349,0.98298,0.98916,0.98546,0.98825,0.98636,0.98757,0.98964,0.99045,1,0.98916,0.98743,0.98889,0.98963,0.98499,0.9855,0.99123
0.99304,0.98868,0.99278,0.99111,0.98272,0.99195,0.99451,0.99355,0.99444,0.9861,0.99398,0.98751,0.98888,0.99409,0.99117,0.99418,0.99144,0.991,0.99306,0.99052,0.9929,0.9884,0.98988,0.99077,0.99265,0.99132,0.99058,0.99203,0.99359,0.99089,0.98916,1,0.99185,0.99307,0.99462,0.98835,0.99067,0.99055
0.9934,0.98844,0.99092,0.99251,0.9847,0.99313,0.9937,0.99383,0.99279,0.98998,0.99533,0.99193,0.9918,0.99344,0.99201,0.99174,0.99254,0.99143,0.99325,0.99189,0.99252,0.98783,0.99263,0.99323,0.99065,0.99379,0.98931,0.99302,0.99306,0.98785,0.98743,0.99185,1,0.99069,0.99378,0.99022,0.99246,0.9896
0.98992,0.9884,0.99252,0.99038,0.98344,0.99122,0.99211,0.99025,0.99086,0.98484,0.99301,0.98656,0.9872,0.9908,0.98959,0.99457,0.9894,0.98962,0.99174,0.98856,0.99034,0.98806,0.98797,0.99018,0.99038,0.98887,0.98869,0.99055,0.99199,0.99096,0.98889,0.99307,0.99069,1,0.99234,0.98761,0.98797,0.98906
0.99437,0.98761,0.99274,0.99139,0.98222,0.99187,0.99567,0.99466,0.99556,0.98651,0.99448,0.98863,0.99027,0.99552,0.99116,0.99329,0.99234,0.99129,0.99319,0.99204,0.9925,0.98872,0.98987,0.99358,0.99251,0.99365,0.99022,0.99311,0.99312,0.98953,0.98963,0.99462,0.99378,0.99234,1,0.98884,0.99224,0.99104
0.98692,0.98847,0.98987,0.98766,0.98783,0.9867,0.98752,0.9893,0.98725,0.98762,0.98973,0.98844,0.9868,0.98741,0.987,0.99007,0.9857,0.9847,0.98697,0.98618,0.98907,0.98327,0.98943,0.98756,0.98907,0.98678,0.98325,0.98747,0.98986,0.98893,0.98499,0.98835,0.99022,0.98761,0.98884,1,0.98619,0.98406
0.99504,0.98669,0.98864,0.99243,0.9819,0.99324,0.99422,0.99407,0.99401,0.9893,0.99211,0.99075,0.99341,0.99458,0.99285,0.98805,0.99536,0.99346,0.99252,0.99541,0.9917,0.98723,0.99181,0.99241,0.98994,0.9945,0.99271,0.9944,0.99195,0.98443,0.9855,0.99067,0.99246,0.98797,0.99224,0.98619,1,0.99072
0.99248,0.98789,0.98886,0.99117,0.98126,0.99138,0.99282,0.99052,0.99174,0.98457,0.99029,0.98595,0.98872,0.99146,0.9897,0.98897,0.99216,0.99333,0.99192,0.99094,0.99189,0.99249,0.98632,0.99081,0.98703,0.99241,0.99194,0.99234,0.99169,0.98699,0.99123,0.99055,0.9896,0.98906,0.99104,0.98406,0.99072,1
