1,0.98317,0.99296,0.99312,0.99151,0.98982,0.98721,0.98899,0.9897,0.99294,0.9857,0.99125,0.98761,0.98731,0.99173,0.98993,0.9916,0.99389,0.99062,0.99245,0.99341,0.98898,0.98788,0.99276,0.98763,0.98991,0.9928,0.99167,0.98726,0.99203,0.99143,0.98936,0.99069,0.98088,0.98485,0.99137,0.99058,0.9921,0.99098,0.99083,0.9841,0.99031,0.9888,0.9897,0.99116,0.98498,0.99264,0.98808,0.99147,0.9938,0.98851
0.98317,1,0.98692,0.9851,0.98692,0.9891,0.98667,0.98242,0.98816,0.98618,0.98438,0.98519,0.99038,0.98781,0.98891,0.98964,0.98569,0.98385,0.9876,0.98618,0.98484,0.98797,0.98747,0.98588,0.98706,0.98233,0.98447,0.98779,0.97815,0.97968,0.98242,0.98634,0.98206,0.98223,0.98984,0.98581,0.98516,0.98688,0.98665,0.98916,0.98895,0.9818,0.9896,0.98629,0.98649,0.9782,0.98446,0.98758,0.98456,0.98377,0.9877
0.99296,0.98692,1,0.99462,0.99367,0.99379,0.98937,0.98963,0.99257,0.99538,0.98862,0.99184,0.99144,0.99115,0.9959,0.99363,0.99179,0.99498,0.99251,0.99304,0.99349,0.99144,0.99119,0.99445,0.99062,0.99032,0.99137,0.99431,0.98583,0.98976,0.99212,0.99168,0.99029,0.98244,0.98717,0.9913,0.99306,0.99484,0.9927,0.99336,0.98719,0.99093,0.99101,0.99244,0.99479,0.98376,0.9935,0.99209,0.99159,0.99203,0.99111
0.99312,0.9851,0.99462,1,0.99307,0.99138,0.98692,0.98648,0.99115,0.99504,0.98432,0.99518,0.98961,0.98729,0.99285,0.99119,0.99336,0.99422,0.99232,0.99239,0.99323,0.99047,0.98775,0.99602,0.98772,0.99359,0.99025,0.99348,0.98376,0.99135,0.99449,0.98846,0.98825,0.97912,0.98561,0.99088,0.99156,0.9939,0.99064,0.99351,0.98369,0.9906,0.99079,0.9888,0.99239,0.98199,0.99219,0.98939,0.99468,0.99354,0.99107
0.99151,0.98692,0.99367,0.99307,1,0.99243,0.9889,0.9879,0.99412,0.99403,0.98651,0.9929,0.9917,0.98976,0.99398,0.99341,0.99285,0.99339,0.99376,0.99358,0.99411,0.99244,0.98927,0.99498,0.99051,0.99011,0.99116,0.99239,0.9845,0.98878,0.99102,0.98993,0.98773,0.98118,0.9881,0.9905,0.99335,0.99348,0.99365,0.99342,0.98566,0.9885,0.99149,0.99044,0.99404,0.9834,0.99309,0.99103,0.99205,0.99268,0.99036
0.98982,0.9891,0.99379,0.99138,0.99243,1,0.99256,0.9888,0.99379,0.99355,0.98938,0.99089,0.99448,0.99359,0.99447,0.99638,0.99099,0.99085,0.99192,0.99384,0.99199,0.99463,0.99346,0.99243,0.9928,0.98829,0.98908,0.99227,0.98346,0.98589,0.98872,0.99081,0.98766,0.98243,0.98747,0.98907,0.9914,0.9931,0.99171,0.99206,0.98787,0.98751,0.9935,0.99208,0.99208,0.98193,0.99147,0.99315,0.98873,0.99015,0.99233
0.98721,0.98667,0.98937,0.98692,0.9889,0.99256,1,0.98974,0.99099,0.99032,0.99089,0.98675,0.99134,0.99251,0.99101,0.99253,0.98841,0.98777,0.98977,0.99193,0.98985,0.99262,0.99245,0.98866,0.99329,0.9849,0.98681,0.98768,0.98274,0.98346,0.98495,0.9908,0.98651,0.98288,0.98558,0.98757,0.98793,0.99004,0.98934,0.98796,0.98697,0.98408,0.99005,0.99049,0.98872,0.98146,0.98919,0.99094,0.98543,0.98703,0.98933
0.98899,0.98242,0.98963,0.98648,0.9879,0.9888,0.98974,1,0.98679,0.99013,0.99285,0.98439,0.98615,0.99086,0.98958,0.98877,0.98592,0.98896,0.9862,0.98957,0.98868,0.98723,0.98966,0.98694,0.99113,0.98437,0.98927,0.98762,0.98988,0.98683,0.98588,0.99222,0.98969,0.98455,0.98444,0.98863,0.98938,0.98817,0.9887,0.98622,0.98795,0.98716,0.98546,0.99302,0.99043,0.98699,0.99067,0.9868,0.98421,0.98725,0.98688
0.9897,0.98816,0.99257,0.99115,0.99412,0.99379,0.99099,0.98679,1,0.99251,0.98719,0.99155,0.99403,0.99071,0.99378,0.99442,0.99277,0.99125,0.995,0.99324,0.99373,0.99449,0.99147,0.99311,0.99016,0.98853,0.98909,0.99072,0.98194,0.98562,0.98832,0.98956,0.98782,0.98173,0.98821,0.98967,0.98966,0.9924,0.9913,0.99211,0.98546,0.98614,0.99333,0.98994,0.9905,0.98098,0.99049,0.99349,0.99064,0.99054,0.98979
0.99294,0.98618,0.99538,0.99504,0.99403,0.99355,0.99032,0.99013,0.99251,1,0.98791,0.99271,0.99138,0.99065,0.99515,0.99355,0.99354,0.99459,0.99306,0.9949,0.99437,0.99234,0.99073,0.99541,0.99116,0.99167,0.99146,0.99375,0.98566,0.99063,0.99299,0.99192,0.98983,0.98139,0.98697,0.99216,0.99295,0.99423,0.99219,0.99349,0.98632,0.98979,0.9914,0.99158,0.99436,0.98394,0.99429,0.99086,0.99252,0.99347,0.99221
0.9857,0.98438,0.98862,0.98432,0.98651,0.98938,0.99089,0.99285,0.98719,0.98791,1,0.98247,0.98775,0.99381,0.98958,0.98952,0.98419,0.98679,0.98573,0.9879,0.98657,0.98736,0.992,0.9853,0.99112,0.98197,0.98673,0.98695,0.98625,0.98281,0.98355,0.99171,0.98754,0.98563,0.98506,0.98617,0.98718,0.98684,0.98835,0.98545,0.99057,0.98484,0.98574,0.99228,0.98867,0.98397,0.98793,0.98882,0.98211,0.98455,0.98611
0.99125,0.98519,0.99184,0.99518,0.9929,0.99089,0.98675,0.98439,0.99155,0.99271,0.98247,1,0.98977,0.986,0.99093,0.99066,0.99365,0.99151,0.99226,0.99183,0.99241,0.99116,0.98687,0.99482,0.98719,0.99258,0.98825,0.99091,0.98101,0.98857,0.9914,0.98649,0.98575,0.97779,0.98517,0.989,0.99044,0.9932,0.98933,0.99197,0.98183,0.98757,0.99134,0.98701,0.99024,0.97998,0.99039,0.98871,0.99388,0.99213,0.99058
0.98761,0.99038,0.99144,0.98961,0.9917,0.99448,0.99134,0.98615,0.99403,0.99138,0.98775,0.98977,1,0.99213,0.9935,0.9954,0.99108,0.98906,0.9924,0.99193,0.99068,0.99382,0.99247,0.99157,0.9906,0.98729,0.98737,0.99079,0.98082,0.98369,0.98729,0.98938,0.98656,0.982,0.98784,0.9887,0.98915,0.99093,0.99066,0.99175,0.98695,0.98496,0.99388,0.98932,0.99001,0.98004,0.98919,0.99323,0.9885,0.9891,0.99021
0.98731,0.98781,0.99115,0.98729,0.98976,0.99359,0.99251,0.99086,0.99071,0.99065,0.99381,0.986,0.99213,1,0.9924,0.99393,0.98745,0.98869,0.98874,0.9912,0.98919,0.99136,0.99429,0.98861,0.99365,0.98475,0.98782,0.99004,0.9847,0.98404,0.98601,0.99201,0.98705,0.98437,0.98663,0.98743,0.98967,0.98947,0.99091,0.98895,0.99061,0.98559,0.99009,0.99242,0.9912,0.98306,0.99003,0.9918,0.98499,0.98721,0.98908
0.99173,0.98891,0.9959,0.99285,0.99398,0.99447,0.99101,0.98958,0.99378,0.99515,0.98958,0.99093,0.9935,0.9924,1,0.99544,0.99239,0.99362,0.99394,0.99365,0.99322,0.99247,0.99274,0.99413,0.99145,0.98903,0.99174,0.99411,0.98503,0.98806,0.99053,0.99293,0.99015,0.98331,0.98897,0.99228,0.99195,0.99392,0.99347,0.99415,0.98886,0.98899,0.99213,0.99235,0.99408,0.9836,0.9928,0.99296,0.99104,0.9917,0.99126
0.98993,0.98964,0.99363,0.99119,0.99341,0.99638,0.99253,0.98877,0.99442,0.99355,0.98952,0.99066,0.9954,0.99393,0.99544,1,0.99209,0.99108,0.99301,0.99422,0.99261,0.99417,0.99304,0.99289,0.9925,0.988,0.98964,0.99245,0.98341,0.98581,0.98872,0.99154,0.988,0.98317,0.98902,0.99025,0.99127,0.99264,0.99248,0.99286,0.98834,0.98687,0.99408,0.99151,0.99259,0.98214,0.99167,0.99357,0.98922,0.99052,0.99179
0.9916,0.98569,0.99179,0.99336,0.99285,0.99099,0.98841,0.98592,0.99277,0.99354,0.98419,0.99365,0.99108,0.98745,0.99239,0.99209,1,0.99138,0.99365,0.99359,0.99455,0.99158,0.98857,0.99503,0.98772,0.99124,0.98964,0.99082,0.98188,0.98797,0.99056,0.98805,0.98845,0.97985,0.98665,0.99166,0.98942,0.99176,0.98992,0.99238,0.98306,0.98593,0.99281,0.9876,0.99013,0.98062,0.99051,0.99034,0.99341,0.99331,0.99045
0.99389,0.98385,0.99498,0.99422,0.99339,0.99085,0.98777,0.98896,0.99125,0.99459,0.98679,0.99151,0.98906,0.98869,0.99362,0.99108,0.99138,1,0.99208,0.99235,0.9939,0.98984,0.98861,0.99438,0.98869,0.99059,0.9916,0.99275,0.98661,0.99198,0.99371,0.99036,0.99002,0.98044,0.98524,0.99045,0.99204,0.99304,0.99222,0.99201,0.98469,0.99144,0.98866,0.99027,0.99343,0.98437,0.99361,0.98963,0.99221,0.99295,0.9889
0.99062,0.9876,0.99251,0.99232,0.99376,0.99192,0.98977,0.9862,0.995,0.99306,0.98573,0.99226,0.9924,0.98874,0.99394,0.99301,0.99365,0.99208,1,0.9929,0.99379,0.99303,0.98933,0.99428,0.98927,0.98883,0.98944,0.99102,0.98223,0.98693,0.9895,0.98933,0.98795,0.98037,0.98792,0.99088,0.98925,0.99306,0.99159,0.99357,0.98479,0.98684,0.99207,0.98867,0.99071,0.98112,0.99051,0.99133,0.9927,0.99139,0.98941
0.99245,0.98618,0.99304,0.99239,0.99358,0.99384,0.99193,0.98957,0.99324,0.9949,0.9879,0.99183,0.99193,0.9912,0.99365,0.99422,0.99359,0.99235,0.9929,1,0.99516,0.99471,0.99115,0.9944,0.99198,0.99043,0.99086,0.99227,0.98517,0.98865,0.99034,0.99072,0.98879,0.98113,0.98624,0.99031,0.99161,0.99326,0.99302,0.99243,0.98569,0.98761,0.99323,0.99098,0.99215,0.98346,0.99349,0.99165,0.99073,0.99378,0.99214
0.99341,0.98484,0.99349,0.99323,0.99411,0.99199,0.98985,0.98868,0.99373,0.99437,0.98657,0.99241,0.99068,0.98919,0.99322,0.99261,0.99455,0.9939,0.99379,0.99516,1,0.99255,0.98961,0.99475,0.98979,0.99092,0.9913,0.99112,0.98494,0.98905,0.99074,0.98979,0.99013,0.98107,0.98639,0.99122,0.9912,0.99307,0.99202,0.9924,0.98399,0.98803,0.99162,0.99029,0.99158,0.98317,0.99283,0.99144,0.99262,0.99408,0.99034
0.98898,0.98797,0.99144,0.99047,0.99244,0.99463,0.99262,0.98723,0.99449,0.99234,0.98736,0.99116,0.99382,0.99136,0.99247,0.99417,0.99158,0.98984,0.99303,0.99471,0.99255,1,0.99149,0.99239,0.99243,0.98846,0.98833,0.9906,0.9823,0.98542,0.98799,0.98954,0.98655,0.9807,0.98622,0.98825,0.99004,0.9925,0.99168,0.99156,0.98546,0.98594,0.99434,0.98986,0.99028,0.98133,0.99089,0.99268,0.98931,0.99059,0.9917
0.98788,0.98747,0.99119,0.98775,0.98927,0.99346,0.99245,0.98966,0.99147,0.99073,0.992,0.98687,0.99247,0.99429,0.99274,0.99304,0.98857,0.98861,0.98933,0.99115,0.98961,0.99149,1,0.989,0.99158,0.98559,0.98776,0.98938,0.98297,0.98385,0.98564,0.99107,0.98842,0.98379,0.9861,0.98823,0.98847,0.98997,0.98949,0.98835,0.98845,0.98497,0.99071,0.99187,0.98951,0.98152,0.98896,0.99265,0.98576,0.98761,0.98905
0.99276,0.98588,0.99445,0.99602,0.99498,0.99243,0.98866,0.98694,0.99311,0.99541,0.9853,0.99482,0.99157,0.98861,0.99413,0.99289,0.99503,0.99438,0.99428,0.9944,0.99475,0.99239,0.989,1,0.98904,0.99268,0.99073,0.99324,0.98382,0.99043,0.99361,0.98933,0.9886,0.97977,0.98598,0.99087,0.99202,0.99426,0.99259,0.99413,0.98413,0.98907,0.9921,0.98899,0.99294,0.98236,0.99319,0.99115,0.99418,0.99457,0.99107
0.98763,0.98706,0.99062,0.98772,0.99051,0.9928,0.99329,0.99113,0.99016,0.99116,0.99112,0.98719,0.9906,0.99365,0.99145,0.9925,0.98772,0.98869,0.98927,0.99198,0.98979,0.99243,0.99158,0.98904,1,0.98533,0.98785,0.98917,0.98515,0.98486,0.98601,0.99163,0.98573,0.98266,0.98614,0.98748,0.9917,0.99117,0.99145,0.98913,0.98868,0.98622,0.98948,0.99234,0.99201,0.98375,0.9911,0.98995,0.98589,0.98758,0.99032
0.98991,0.98233,0.99032,0.99359,0.99011,0.98829,0.9849,0.98437,0.98853,0.99167,0.98197,0.99258,0.98729,0.98475,0.98903,0.988,0.99124,0.99059,0.98883,0.99043,0.99092,0.98846,0.98559,0.99268,0.98533,1,0.98781,0.98986,0.9821,0.98968,0.992,0.98588,0.98612,0.97711,0.98272,0.988,0.98919,0.99059,0.98803,0.99001,0.98086,0.98785,0.9888,0.98637,0.98897,0.98065,0.99008,0.98766,0.99229,0.99244,0.99023
0.9928,0.98447,0.99137,0.99025,0.99116,0.98908,0.98681,0.98927,0.98909,0.99146,0.98673,0.98825,0.98737,0.98782,0.99174,0.98964,0.98964,0.9916,0.98944,0.99086,0.9913,0.98833,0.98776,0.99073,0.98785,0.98781,1,0.99113,0.98899,0.98987,0.98959,0.99167,0.99149,0.98464,0.98674,0.99199,0.99083,0.9903,0.99177,0.99072,0.98634,0.98939,0.98805,0.99001,0.99118,0.98889,0.99308,0.98849,0.98993,0.99225,0.98846
0.99167,0.98779,0.99431,0.99348,0.99239,0.99227,0.98768,0.98762,0.99072,0.99375,0.98695,0.99091,0.99079,0.99004,0.99411,0.99245,0.99082,0.99275,0.99102,0.99227,0.99112,0.9906,0.98938,0.99324,0.98917,0.98986,0.99113,1,0.98559,0.98945,0.99244,0.99053,0.98786,0.98099,0.9874,0.99008,0.99184,0.99245,0.99298,0.99473,0.98815,0.99034,0.9914,0.99029,0.99356,0.98392,0.99246,0.99033,0.99104,0.99214,0.99165
0.98726,0.97815,0.98583,0.98376,0.9845,0.98346,0.98274,0.98988,0.98194,0.98566,0.98625,0.98101,0.98082,0.9847,0.98503,0.98341,0.98188,0.98661,0.98223,0.98517,0.98494,0.9823,0.98297,0.98382,0.98515,0.9821,0.98899,0.98559,1,0.9876,0.98507,0.98738,0.98675,0.98139,0.98053,0.98457,0.98665,0.98432,0.9873,0.98386,0.98466,0.98779,0.98089,0.98746,0.98731,0.99116,0.98833,0.98236,0.98211,0.98592,0.98298
0.99203,0.97968,0.98976,0.99135,0.98878,0.98589,0.98346,0.98683,0.98562,0.99063,0.98281,0.98857,0.98369,0.98404,0.98806,0.98581,0.98797,0.99198,0.98693,0.98865,0.98905,0.98542,0.98385,0.99043,0.98486,0.98968,0.98987,0.98945,0.9876,1,0.99351,0.98689,0.98758,0.97761,0.98109,0.98787,0.98906,0.98898,0.98858,0.98791,0.98159,0.99093,0.98479,0.98631,0.99013,0.98502,0.99099,0.98423,0.98958,0.99119,0.98588
0.99143,0.98242,0.99212,0.99449,0.99102,0.98872,0.98495,0.98588,0.98832,0.99299,0.98355,0.9914,0.98729,0.98601,0.99053,0.98872,0.99056,0.99371,0.9895,0.99034,0.99074,0.98799,0.98564,0.99361,0.98601,0.992,0.98959,0.99244,0.98507,0.99351,1,0.98768,0.98756,0.97788,0.98296,0.98859,0.99037,0.99055,0.99008,0.99115,0.98266,0.99073,0.98782,0.98688,0.99163,0.98303,0.99177,0.98724,0.9923,0.99268,0.98853
0.98936,0.98634,0.99168,0.98846,0.98993,0.99081,0.9908,0.99222,0.98956,0.99192,0.99171,0.98649,0.98938,0.99201,0.99293,0.99154,0.98805,0.99036,0.98933,0.99072,0.98979,0.98954,0.99107,0.98933,0.99163,0.98588,0.99167,0.99053,0.98738,0.98689,0.98768,1,0.99018,0.98676,0.98754,0.99096,0.99073,0.9905,0.99092,0.98982,0.98997,0.98782,0.98816,0.99223,0.99208,0.98777,0.99294,0.99005,0.98755,0.98873,0.98922
0.99069,0.98206,0.99029,0.98825,0.98773,0.98766,0.98651,0.98969,0.98782,0.98983,0.98754,0.98575,0.98656,0.98705,0.99015,0.988,0.98845,0.99002,0.98795,0.98879,0.99013,0.98655,0.98842,0.9886,0.98573,0.98612,0.99149,0.98786,0.98675,0.98758,0.98756,0.99018,1,0.98477,0.98438,0.99118,0.98712,0.98788,0.9877,0.98736,0.98419,0.98714,0.98621,0.98912,0.98799,0.98531,0.98951,0.98798,0.98749,0.98959,0.98568
0.98088,0.98223,0.98244,0.97912,0.98118,0.98243,0.98288,0.98455,0.98173,0.98139,0.98563,0.97779,0.982,0.98437,0.98331,0.98317,0.97985,0.98044,0.98037,0.98113,0.98107,0.9807,0.98379,0.97977,0.98266,0.97711,0.98464,0.98099,0.98139,0.97761,0.97788,0.98676,0.98477,1,0.98383,0.98388,0.98204,0.9811,0.98157,0.98064,0.98511,0.9789,0.98063,0.9847,0.98206,0.98424,0.98276,0.9831,0.9789,0.9798,0.98059
0.98485,0.98984,0.98717,0.98561,0.9881,0.98747,0.98558,0.98444,0.98821,0.98697,0.98506,0.98517,0.98784,0.98663,0.98897,0.98902,0.98665,0.98524,0.98792,0.98624,0.98639,0.98622,0.9861,0.98598,0.98614,0.98272,0.98674,0.9874,0.98053,0.98109,0.98296,0.98754,0.98438,0.98383,1,0.9892,0.98602,0.98661,0.98649,0.98881,0.98821,0.98346,0.98777,0.98784,0.98726,0.9801,0.98546,0.9867,0.98545,0.98467,0.98718
0.99137,0.98581,0.9913,0.99088,0.9905,0.98907,0.98757,0.98863,0.98967,0.99216,0.98617,0.989,0.9887,0.98743,0.99228,0.99025,0.99166,0.99045,0.99088,0.99031,0.99122,0.98825,0.98823,0.99087,0.98748,0.988,0.99199,0.99008,0.98457,0.98787,0.98859,0.99096,0.99118,0.98388,0.9892,1,0.98899,0.99017,0.98879,0.99088,0.98618,0.98769,0.98911,0.98961,0.99026,0.98367,0.9903,0.988,0.9908,0.99069,0.98838
0.99058,0.98516,0.99306,0.99156,0.99335,0.9914,0.98793,0.98938,0.98966,0.99295,0.98718,0.99044,0.98915,0.98967,0.99195,0.99127,0.98942,0.99204,0.98925,0.99161,0.9912,0.99004,0.98847,0.99202,0.9917,0.98919,0.99083,0.99184,0.98665,0.98906,0.99037,0.99073,0.98712,0.98204,0.98602,0.98899,1,0.99298,0.99257,0.99112,0.98606,0.99002,0.98868,0.99101,0.99532,0.98592,0.99467,0.98928,0.98958,0.99075,0.99086
0.9921,0.98688,0.99484,0.9939,0.99348,0.9931,0.99004,0.98817,0.9924,0.99423,0.98684,0.9932,0.99093,0.98947,0.99392,0.99264,0.99176,0.99304,0.99306,0.99326,0.99307,0.9925,0.98997,0.99426,0.99117,0.99059,0.9903,0.99245,0.98432,0.98898,0.99055,0.9905,0.98788,0.9811,0.98661,0.99017,0.99298,1,0.9927,0.99276,0.98564,0.9896,0.99113,0.99108,0.99334,0.98305,0.99312,0.99159,0.9917,0.99125,0.99192
0.99098,0.98665,0.9927,0.99064,0.99365,0.99171,0.98934,0.9887,0.9913,0.99219,0.98835,0.98933,0.99066,0.99091,0.99347,0.99248,0.98992,0.99222,0.99159,0.99302,0.99202,0.99168,0.98949,0.99259,0.99145,0.98803,0.99177,0.99298,0.9873,0.98858,0.99008,0.99092,0.9877,0.98157,0.98649,0.98879,0.99257,0.9927,1,0.9928,0.98781,0.98916,0.9904,0.9908,0.99389,0.98552,0.99332,0.99135,0.98923,0.99165,0.99006
0.99083,0.98916,0.99336,0.99351,0.99342,0.99206,0.98796,0.98622,0.99211,0.99349,0.98545,0.99197,0.99175,0.98895,0.99415,0.99286,0.99238,0.99201,0.99357,0.99243,0.9924,0.99156,0.98835,0.99413,0.98913,0.99001,0.99072,0.99473,0.98386,0.98791,0.99115,0.98982,0.98736,0.98064,0.98881,0.99088,0.99112,0.99276,0.9928,1,0.98688,0.98884,0.99241,0.98908,0.99263,0.98285,0.99185,0.9906,0.99289,0.99224,0.99181
0.9841,0.98895,0.98719,0.98369,0.98566,0.98787,0.98697,0.98795,0.98546,0.98632,0.99057,0.98183,0.98695,0.99061,0.98886,0.98834,0.98306,0.98469,0.98479,0.98569,0.98399,0.98546,0.98845,0.98413,0.98868,0.98086,0.98634,0.98815,0.98466,0.98159,0.98266,0.98997,0.98419,0.98511,0.98821,0.98618,0.98606,0.98564,0.98781,0.98688,1,0.98443,0.98569,0.98989,0.98832,0.98323,0.98598,0.98628,0.98188,0.98338,0.98618
0.99031,0.9818,0.99093,0.9906,0.9885,0.98751,0.98408,0.98716,0.98614,0.98979,0.98484,0.98757,0.98496,0.98559,0.98899,0.98687,0.98593,0.99144,0.98684,0.98761,0.98803,0.98594,0.98497,0.98907,0.98622,0.98785,0.98939,0.99034,0.98779,0.99093,0.99073,0.98782,0.98714,0.9789,0.98346,0.98769,0.99002,0.9896,0.98916,0.98884,0.98443,1,0.9851,0.98871,0.9907,0.98451,0.99033,0.98567,0.98791,0.98878,0.98704
0.9888,0.9896,0.99101,0.99079,0.99149,0.9935,0.99005,0.98546,0.99333,0.9914,0.98574,0.99134,0.99388,0.99009,0.99213,0.99408,0.99281,0.98866,0.99207,0.99323,0.99162,0.99434,0.99071,0.9921,0.98948,0.9888,0.98805,0.9914,0.98089,0.98479,0.98782,0.98816,0.98621,0.98063,0.98777,0.98911,0.98868,0.99113,0.9904,0.99241,0.98569,0.9851,1,0.98851,0.98943,0.9798,0.98924,0.99219,0.98963,0.99059,0.9922
0.9897,0.98629,0.99244,0.9888,0.99044,0.99208,0.99049,0.99302,0.98994,0.99158,0.99228,0.98701,0.98932,0.99242,0.99235,0.99151,0.9876,0.99027,0.98867,0.99098,0.99029,0.98986,0.99187,0.98899,0.99234,0.98637,0.99001,0.99029,0.98746,0.98631,0.98688,0.99223,0.98912,0.9847,0.98784,0.98961,0.99101,0.99108,0.9908,0.98908,0.98989,0.98871,0.98851,1,0.99208,0.98489,0.99094,0.99002,0.98632,0.98852,0.98971
0.99116,0.98649,0.99479,0.99239,0.99404,0.99208,0.98872,0.99043,0.9905,0.99436,0.98867,0.99024,0.99001,0.9912,0.99408,0.99259,0.99013,0.99343,0.99071,0.99215,0.99158,0.99028,0.98951,0.99294,0.99201,0.98897,0.99118,0.99356,0.98731,0.99013,0.99163,0.99208,0.98799,0.98206,0.98726,0.99026,0.99532,0.99334,0.99389,0.99263,0.98832,0.9907,0.98943,0.99208,1,0.98539,0.99438,0.98991,0.98981,0.99097,0.99071
0.98498,0.9782,0.98376,0.98199,0.9834,0.98193,0.98146,0.98699,0.98098,0.98394,0.98397,0.97998,0.98004,0.98306,0.9836,0.98214,0.98062,0.98437,0.98112,0.98346,0.98317,0.98133,0.98152,0.98236,0.98375,0.98065,0.98889,0.98392,0.99116,0.98502,0.98303,0.98777,0.98531,0.98424,0.9801,0.98367,0.98592,0.98305,0.98552,0.98285,0.98323,0.98451,0.9798,0.98489,0.98539,1,0.98791,0.9814,0.9818,0.98429,0.98181
0.99264,0.98446,0.9935,0.99219,0.99309,0.99147,0.98919,0.99067,0.99049,0.99429,0.98793,0.99039,0.98919,0.99003,0.9928,0.99167,0.99051,0.99361,0.99051,0.99349,0.99283,0.99089,0.98896,0.99319,0.9911,0.99008,0.99308,0.99246,0.98833,0.99099,0.99177,0.99294,0.98951,0.98276,0.98546,0.9903,0.99467,0.99312,0.99332,0.99185,0.98598,0.99033,0.98924,0.99094,0.99438,0.98791,1,0.99007,0.99065,0.99295,0.99074
0.98808,0.98758,0.99209,0.98939,0.99103,0.99315,0.99094,0.9868,0.99349,0.99086,0.98882,0.98871,0.99323,0.9918,0.99296,0.99357,0.99034,0.98963,0.99133,0.99165,0.99144,0.99268,0.99265,0.99115,0.98995,0.98766,0.98849,0.99033,0.98236,0.98423,0.98724,0.99005,0.98798,0.9831,0.9867,0.988,0.98928,0.99159,0.99135,0.9906,0.98628,0.98567,0.99219,0.99002,0.98991,0.9814,0.99007,1,0.98814,0.98884,0.99064
0.99147,0.98456,0.99159,0.99468,0.99205,0.98873,0.98543,0.98421,0.99064,0.99252,0.98211,0.99388,0.9885,0.98499,0.99104,0.98922,0.99341,0.99221,0.9927,0.99073,0.99262,0.98931,0.98576,0.99418,0.98589,0.99229,0.98993,0.99104,0.98211,0.98958,0.9923,0.98755,0.98749,0.9789,0.98545,0.9908,0.98958,0.9917,0.98923,0.99289,0.98188,0.98791,0.98963,0.98632,0.98981,0.9818,0.99065,0.98814,1,0.99296,0.9891
0.9938,0.98377,0.99203,0.99354,0.99268,0.99015,0.98703,0.98725,0.99054,0.99347,0.98455,0.99213,0.9891,0.98721,0.9917,0.99052,0.99331,0.99295,0.99139,0.99378,0.99408,0.99059,0.98761,0.99457,0.98758,0.99244,0.99225,0.99214,0.98592,0.99119,0.99268,0.98873,0.98959,0.9798,0.98467,0.99069,0.99075,0.99125,0.99165,0.99224,0.98338,0.98878,0.99059,0.98852,0.99097,0.98429,0.99295,0.98884,0.99296,1,0.9899
0.98851,0.9877,0.99111,0.99107,0.99036,0.99233,0.98933,0.98688,0.98979,0.99221,0.98611,0.99058,0.99021,0.98908,0.99126,0.99179,0.99045,0.9889,0.98941,0.99214,0.99034,0.9917,0.98905,0.99107,0.99032,0.99023,0.98846,0.99165,0.98298,0.98588,0.98853,0.98922,0.98568,0.98059,0.98718,0.98838,0.99086,0.99192,0.99006,0.99181,0.98618,0.98704,0.9922,0.98971,0.99071,0.98181,0.99074,0.99064,0.9891,0.9899,1
