1,0.98978,0.97664,0.98025,0.99376,0.99332,0.97803,0.9933,0.98355,0.97549,0.99298,0.99228,0.98496,0.99349,0.99535,0.99134,0.98964,0.9933,0.99143,0.99399,0.98877,0.98915,0.99052,0.99561,0.98514,0.9895,0.97937,0.99271,0.97461,0.96463,0.96484,0.99173,0.99576,0.96678,0.98217,0.98281,0.98554,0.99414,0.99583,0.99562
0.98978,1,0.98603,0.98978,0.99482,0.99355,0.98745,0.98542,0.99311,0.98481,0.99496,0.98417,0.97631,0.99509,0.98892,0.99701,0.99766,0.99526,0.98316,0.99467,0.98027,0.9977,0.98245,0.99213,0.97654,0.99744,0.98868,0.98486,0.96586,0.97388,0.97408,0.99558,0.99184,0.97602,0.99121,0.97409,0.97685,0.98655,0.98957,0.98915
0.97664,0.98603,1,0.99567,0.98136,0.98066,0.99724,0.97184,0.99263,0.99655,0.98199,0.97067,0.96284,0.98173,0.97543,0.98423,0.9861,0.98193,0.96962,0.98113,0.96675,0.98666,0.96907,0.97856,0.96316,0.98624,0.99625,0.97141,0.95258,0.98735,0.98754,0.98317,0.97825,0.9895,0.99272,0.96069,0.9634,0.97295,0.97607,0.97553
0.98025,0.98978,0.99567,1,0.98507,0.98433,0.99687,0.97554,0.99633,0.99422,0.98565,0.97435,0.9665,0.98546,0.97912,0.98793,0.98978,0.98563,0.97331,0.98486,0.97043,0.99036,0.97272,0.98227,0.96679,0.98991,0.99733,0.97508,0.95617,0.98374,0.98392,0.98681,0.98197,0.98588,0.99533,0.96433,0.96705,0.97666,0.97975,0.97925
0.99376,0.99482,0.98136,0.98507,1,0.99616,0.98278,0.99006,0.98843,0.98017,0.99701,0.98881,0.98097,0.9979,0.99343,0.99626,0.99459,0.99745,0.98779,0.99811,0.98495,0.99414,0.98704,0.99664,0.98116,0.99444,0.98411,0.98951,0.97047,0.96923,0.96944,0.99612,0.99644,0.97138,0.98683,0.97875,0.98153,0.99119,0.99419,0.99375
0.99332,0.99355,0.98066,0.98433,0.99616,1,0.98207,0.9899,0.98759,0.97956,0.99554,0.98877,0.98112,0.99608,0.99307,0.99481,0.99343,0.99594,0.9878,0.99611,0.98503,0.99304,0.98706,0.99571,0.98133,0.99332,0.98344,0.98946,0.97071,0.96866,0.96887,0.99473,0.99551,0.97081,0.98607,0.97895,0.98168,0.99101,0.9938,0.99333
0.97803,0.98745,0.99724,0.99687,0.98278,0.98207,1,0.97325,0.99403,0.99592,0.9834,0.97207,0.96424,0.98314,0.97684,0.98564,0.9875,0.98332,0.97103,0.98253,0.96816,0.98806,0.97047,0.97997,0.96454,0.98764,0.99715,0.97281,0.95396,0.98597,0.98614,0.98456,0.97967,0.9881,0.99375,0.96207,0.96479,0.97437,0.97747,0.97694
0.9933,0.98542,0.97184,0.97554,0.99006,0.9899,0.97325,1,0.97887,0.97071,0.98909,0.99744,0.9906,0.98968,0.99552,0.9871,0.98523,0.98939,0.99713,0.99039,0.99457,0.98471,0.99538,0.99294,0.9905,0.98504,0.97454,0.99708,0.97993,0.95981,0.96001,0.98773,0.99326,0.96193,0.97748,0.98825,0.99113,0.99828,0.99511,0.99601
0.98355,0.99311,0.99263,0.99633,0.98843,0.98759,0.99403,0.97887,1,0.99128,0.98896,0.97766,0.9698,0.98881,0.98244,0.99127,0.9931,0.989,0.97662,0.98822,0.97375,0.99369,0.97603,0.98563,0.97007,0.99326,0.99522,0.9784,0.95943,0.98047,0.98066,0.99012,0.98534,0.98261,0.99593,0.96761,0.97034,0.98,0.9831,0.9826
0.97549,0.98481,0.99655,0.99422,0.98017,0.97956,0.99592,0.97071,0.99128,1,0.98082,0.96954,0.96174,0.98057,0.97427,0.98302,0.9849,0.98076,0.96849,0.97994,0.96563,0.98545,0.96796,0.97741,0.96206,0.98505,0.99499,0.97027,0.9515,0.98822,0.98834,0.98201,0.9771,0.99031,0.99146,0.95959,0.96229,0.97181,0.97493,0.97437
0.99298,0.99496,0.98199,0.98565,0.99701,0.99554,0.9834,0.98909,0.98896,0.98082,1,0.98792,0.98011,0.99697,0.99244,0.99616,0.99486,0.99682,0.98689,0.99691,0.98404,0.99442,0.98615,0.99548,0.98035,0.99469,0.98474,0.98854,0.96967,0.96988,0.9701,0.99587,0.99518,0.97206,0.98738,0.9779,0.98066,0.99018,0.99315,0.99268
0.99228,0.98417,0.97067,0.97435,0.98881,0.98877,0.97207,0.99744,0.97766,0.96954,0.98792,1,0.99159,0.98843,0.9944,0.98591,0.98405,0.98818,0.99776,0.98911,0.9954,0.98352,0.99576,0.99171,0.99157,0.98387,0.9734,0.99679,0.98105,0.95865,0.95886,0.98654,0.99201,0.96079,0.97633,0.98936,0.99218,0.99684,0.99401,0.99463
0.98496,0.97631,0.96284,0.9665,0.98097,0.98112,0.96424,0.9906,0.9698,0.96174,0.98011,0.99159,1,0.98059,0.9868,0.97804,0.97615,0.98033,0.9928,0.98126,0.99581,0.97564,0.99243,0.98385,0.99663,0.97598,0.96553,0.99066,0.98886,0.95091,0.95112,0.97876,0.98416,0.95301,0.9685,0.99664,0.99837,0.98954,0.98624,0.98694
0.99349,0.99509,0.98173,0.98546,0.9979,0.99608,0.98314,0.98968,0.98881,0.98057,0.99697,0.98843,0.98059,1,0.99307,0.99649,0.99491,0.99768,0.9874,0.99801,0.98456,0.99446,0.98666,0.99627,0.98079,0.99473,0.98447,0.98909,0.97009,0.96961,0.96982,0.9963,0.99605,0.97175,0.98715,0.97835,0.98114,0.99082,0.9938,0.99339
0.99535,0.98892,0.97543,0.97912,0.99343,0.99307,0.97684,0.99552,0.98244,0.97427,0.99244,0.9944,0.9868,0.99307,1,0.99059,0.98875,0.99274,0.99348,0.99373,0.99073,0.98826,0.99238,0.99611,0.9869,0.98862,0.97815,0.99469,0.97626,0.96336,0.96357,0.99103,0.99636,0.9655,0.98101,0.98456,0.98735,0.99648,0.99733,0.99769
0.99134,0.99701,0.98423,0.98793,0.99626,0.99481,0.98564,0.9871,0.99127,0.98302,0.99616,0.98591,0.97804,0.99649,0.99059,1,0.99679,0.99646,0.98487,0.9961,0.982,0.99655,0.98416,0.9938,0.97827,0.99672,0.98697,0.98659,0.9676,0.9721,0.9723,0.99636,0.99351,0.97425,0.9895,0.97581,0.9786,0.98824,0.99131,0.99082
0.98964,0.99766,0.9861,0.98978,0.99459,0.99343,0.9875,0.98523,0.9931,0.9849,0.99486,0.98405,0.97615,0.99491,0.98875,0.99679,1,0.99504,0.98299,0.99439,0.98011,0.99755,0.98233,0.99199,0.97644,0.99754,0.98887,0.98475,0.96574,0.97395,0.97414,0.99553,0.99168,0.97612,0.99121,0.97398,0.97672,0.98634,0.98948,0.98894
0.9933,0.99526,0.98193,0.98563,0.99745,0.99594,0.98332,0.98939,0.989,0.98076,0.99682,0.98818,0.98033,0.99768,0.99274,0.99646,0.99504,1,0.98717,0.99766,0.98431,0.99463,0.98642,0.99595,0.98057,0.99489,0.98468,0.98884,0.96986,0.96981,0.97001,0.99624,0.99572,0.97196,0.98739,0.97813,0.9809,0.99054,0.99357,0.99309
0.99143,0.98316,0.96962,0.97331,0.98779,0.9878,0.97103,0.99713,0.97662,0.96849,0.98689,0.99776,0.9928,0.9874,0.99348,0.98487,0.98299,0.98717,1,0.98812,0.99665,0.98249,0.9962,0.9907,0.99263,0.98282,0.97233,0.99653,0.98213,0.95761,0.95782,0.98551,0.99101,0.95973,0.97528,0.99047,0.99333,0.99627,0.99302,0.99378
0.99399,0.99467,0.98113,0.98486,0.99811,0.99611,0.98253,0.99039,0.98822,0.97994,0.99691,0.98911,0.98126,0.99801,0.99373,0.9961,0.99439,0.99766,0.98812,1,0.98524,0.99394,0.98731,0.99693,0.98144,0.99417,0.98381,0.98974,0.97073,0.96899,0.9692,0.99596,0.99671,0.97113,0.9866,0.97901,0.9818,0.99154,0.99443,0.99413
0.98877,0.98027,0.96675,0.97043,0.98495,0.98503,0.96816,0.99457,0.97375,0.96563,0.98404,0.9954,0.99581,0.98456,0.99073,0.982,0.98011,0.98431,0.99665,0.98524,1,0.9796,0.99562,0.98785,0.99512,0.97996,0.96946,0.99447,0.98502,0.95479,0.95499,0.98271,0.98818,0.95689,0.97243,0.99335,0.99627,0.99358,0.99022,0.99096
0.98915,0.9977,0.98666,0.99036,0.99414,0.99304,0.98806,0.98471,0.99369,0.98545,0.99442,0.98352,0.97564,0.99446,0.98826,0.99655,0.99755,0.99463,0.98249,0.99394,0.9796,1,0.98184,0.99148,0.97591,0.99763,0.98942,0.98424,0.96523,0.9745,0.97471,0.99528,0.99119,0.97667,0.99177,0.97345,0.9762,0.98584,0.98898,0.98844
0.99052,0.98245,0.96907,0.97272,0.98704,0.98706,0.97047,0.99538,0.97603,0.96796,0.98615,0.99576,0.99243,0.98666,0.99238,0.98416,0.98233,0.98642,0.9962,0.98731,0.99562,0.98184,1,0.98983,0.99234,0.98221,0.9718,0.99525,0.98222,0.95712,0.95734,0.98488,0.99015,0.95923,0.97475,0.9904,0.99297,0.99474,0.99209,0.99261
0.99561,0.99213,0.97856,0.98227,0.99664,0.99571,0.97997,0.99294,0.98563,0.97741,0.99548,0.99171,0.98385,0.99627,0.99611,0.9938,0.99199,0.99595,0.9907,0.99693,0.98785,0.99148,0.98983,1,0.98404,0.99184,0.98133,0.99232,0.9733,0.96644,0.96665,0.99419,0.99893,0.96859,0.98412,0.98162,0.98442,0.9941,0.99703,0.99665
0.98514,0.97654,0.96316,0.96679,0.98116,0.98133,0.96454,0.9905,0.97007,0.96206,0.98035,0.99157,0.99663,0.98079,0.9869,0.97827,0.97644,0.98057,0.99263,0.98144,0.99512,0.97591,0.99234,0.98404,1,0.97629,0.96589,0.99066,0.98816,0.95123,0.95145,0.97902,0.98433,0.95336,0.96883,0.9956,0.99683,0.98948,0.98645,0.987
0.9895,0.99744,0.98624,0.98991,0.99444,0.99332,0.98764,0.98504,0.99326,0.98505,0.99469,0.98387,0.97598,0.99473,0.98862,0.99672,0.99754,0.99489,0.98282,0.99417,0.97996,0.99763,0.98221,0.99184,0.97629,1,0.98912,0.98461,0.96559,0.97411,0.97432,0.99559,0.99157,0.97628,0.99146,0.97383,0.97656,0.98617,0.98938,0.98876
0.97937,0.98868,0.99625,0.99733,0.98411,0.98344,0.99715,0.97454,0.99522,0.99499,0.98474,0.9734,0.96553,0.98447,0.97815,0.98697,0.98887,0.98468,0.97233,0.98381,0.96946,0.98942,0.9718,0.98133,0.96589,0.98912,1,0.97416,0.95528,0.98457,0.98478,0.986,0.98104,0.98681,0.99484,0.96341,0.96611,0.97565,0.97888,0.97823
0.99271,0.98486,0.97141,0.97508,0.98951,0.98946,0.97281,0.99708,0.9784,0.97027,0.98854,0.99679,0.99066,0.98909,0.99469,0.98659,0.98475,0.98884,0.99653,0.98974,0.99447,0.98424,0.99525,0.99232,0.99066,0.98461,0.97416,1,0.98018,0.95941,0.95962,0.98726,0.99265,0.96153,0.97707,0.98845,0.99123,0.99691,0.99452,0.99507
0.97461,0.96586,0.95258,0.95617,0.97047,0.97071,0.95396,0.97993,0.95943,0.9515,0.96967,0.98105,0.98886,0.97009,0.97626,0.9676,0.96574,0.96986,0.98213,0.97073,0.98502,0.96523,0.98222,0.9733,0.98816,0.96559,0.95528,0.98018,1,0.94078,0.941,0.96837,0.97361,0.94288,0.95824,0.99081,0.98837,0.97884,0.97574,0.97629
0.96463,0.97388,0.98735,0.98374,0.96923,0.96866,0.98597,0.95981,0.98047,0.98822,0.96988,0.95865,0.95091,0.96961,0.96336,0.9721,0.97395,0.96981,0.95761,0.96899,0.95479,0.9745,0.95712,0.96644,0.95123,0.97411,0.98457,0.95941,0.94078,1,0.9974,0.97113,0.96615,0.99656,0.98112,0.94878,0.95145,0.96092,0.96397,0.96346
0.96484,0.97408,0.98754,0.98392,0.96944,0.96887,0.98614,0.96001,0.98066,0.98834,0.9701,0.95886,0.95112,0.96982,0.96357,0.9723,0.97414,0.97001,0.95782,0.9692,0.95499,0.97471,0.95734,0.96665,0.95145,0.97432,0.98478,0.95962,0.941,0.9974,1,0.97133,0.96636,0.99654,0.98145,0.94901,0.95166,0.96112,0.96419,0.96365
0.99173,0.99558,0.98317,0.98681,0.99612,0.99473,0.98456,0.98773,0.99012,0.98201,0.99587,0.98654,0.97876,0.9963,0.99103,0.99636,0.99553,0.99624,0.98551,0.99596,0.98271,0.99528,0.98488,0.99419,0.97902,0.99559,0.986,0.98726,0.96837,0.97113,0.97133,1,0.99398,0.97328,0.98854,0.97661,0.97934,0.98882,0.99192,0.99131
0.99576,0.99184,0.97825,0.98197,0.99644,0.99551,0.97967,0.99326,0.98534,0.9771,0.99518,0.99201,0.98416,0.99605,0.99636,0.99351,0.99168,0.99572,0.99101,0.99671,0.98818,0.99119,0.99015,0.99893,0.98433,0.99157,0.98104,0.99265,0.97361,0.96615,0.96636,0.99398,1,0.96829,0.98384,0.98193,0.98473,0.99444,0.99737,0.99699
0.96678,0.97602,0.9895,0.98588,0.97138,0.97081,0.9881,0.96193,0.98261,0.99031,0.97206,0.96079,0.95301,0.97175,0.9655,0.97425,0.97612,0.97196,0.95973,0.97113,0.95689,0.97667,0.95923,0.96859,0.95336,0.97628,0.98681,0.96153,0.94288,0.99656,0.99654,0.97328,0.96829,1,0.98329,0.9509,0.95357,0.96303,0.96614,0.96557
0.98217,0.99121,0.99272,0.99533,0.98683,0.98607,0.99375,0.97748,0.99593,0.99146,0.98738,0.97633,0.9685,0.98715,0.98101,0.9895,0.99121,0.98739,0.97528,0.9866,0.97243,0.99177,0.97475,0.98412,0.96883,0.99146,0.99484,0.97707,0.95824,0.98112,0.98145,0.98854,0.98384,0.98329,1,0.96641,0.96909,0.97858,0.9817,0.9811
0.98281,0.97409,0.96069,0.96433,0.97875,0.97895,0.96207,0.98825,0.96761,0.95959,0.9779,0.98936,0.99664,0.97835,0.98456,0.97581,0.97398,0.97813,0.99047,0.97901,0.99335,0.97345,0.9904,0.98162,0.9956,0.97383,0.96341,0.98845,0.99081,0.94878,0.94901,0.97661,0.98193,0.9509,0.96641,1,0.99649,0.98718,0.98407,0.98462
0.98554,0.97685,0.9634,0.96705,0.98153,0.98168,0.96479,0.99113,0.97034,0.96229,0.98066,0.99218,0.99837,0.98114,0.98735,0.9786,0.97672,0.9809,0.99333,0.9818,0.99627,0.9762,0.99297,0.98442,0.99683,0.97656,0.96611,0.99123,0.98837,0.95145,0.95166,0.97934,0.98473,0.95357,0.96909,0.99649,1,0.99005,0.98685,0.98746
0.99414,0.98655,0.97295,0.97666,0.99119,0.99101,0.97437,0.99828,0.98,0.97181,0.99018,0.99684,0.98954,0.99082,0.99648,0.98824,0.98634,0.99054,0.99627,0.99154,0.99358,0.98584,0.99474,0.9941,0.98948,0.98617,0.97565,0.99691,0.97884,0.96092,0.96112,0.98882,0.99444,0.96303,0.97858,0.98718,0.99005,1,0.99616,0.99727
0.99583,0.98957,0.97607,0.97975,0.99419,0.9938,0.97747,0.99511,0.9831,0.97493,0.99315,0.99401,0.98624,0.9938,0.99733,0.99131,0.98948,0.99357,0.99302,0.99443,0.99022,0.98898,0.99209,0.99703,0.98645,0.98938,0.97888,0.99452,0.97574,0.96397,0.96419,0.99192,0.99737,0.96614,0.9817,0.98407,0.98685,0.99616,1,0.99794
0.99562,0.98915,0.97553,0.97925,0.99375,0.99333,0.97694,0.99601,0.9826,0.97437,0.99268,0.99463,0.98694,0.99339,0.99769,0.99082,0.98894,0.99309,0.99378,0.99413,0.99096,0.98844,0.99261,0.99665,0.987,0.98876,0.97823,0.99507,0.97629,0.96346,0.96365,0.99131,0.99699,0.96557,0.9811,0.98462,0.98746,0.99727,0.99794,1
