1,0.97159,0.98746,0.99479,0.99241,0.9975,0.989,0.98777,0.99451,0.98499,0.9864,0.97826,0.97394,0.96201,0.98545,0.99537,0.99193,0.99227,0.98659,0.99088,0.9741,0.96281,0.9948,0.96831,0.99478,0.97877,0.95079,0.97582,0.9823,0.96678,0.98055,0.98991,0.95377,0.98165,0.99469,0.96185,0.98318,0.967,0.99504,0.96435
0.97159,1,0.98375,0.96691,0.97496,0.97133,0.98231,0.95985,0.97661,0.9862,0.98487,0.99291,0.99691,0.98981,0.98572,0.9756,0.97938,0.97865,0.95874,0.98022,0.99579,0.99061,0.96878,0.99592,0.9765,0.99233,0.97845,0.99501,0.98888,0.99463,0.99057,0.98051,0.9814,0.98948,0.97561,0.98967,0.98618,0.99425,0.97538,0.99224
0.98746,0.98375,1,0.98268,0.98962,0.98711,0.9978,0.97555,0.9924,0.99695,0.99804,0.99049,0.98614,0.97408,0.99731,0.99141,0.99524,0.99417,0.97442,0.99593,0.9862,0.9749,0.98433,0.98045,0.99238,0.99091,0.96275,0.98799,0.99444,0.97893,0.99263,0.99527,0.96573,0.99382,0.99121,0.97393,0.99358,0.97907,0.99105,0.97647
0.99479,0.96691,0.98268,1,0.98899,0.99477,0.98422,0.99243,0.98978,0.98021,0.98162,0.97353,0.96923,0.95735,0.98068,0.99075,0.98711,0.98763,0.99124,0.98616,0.96944,0.9582,0.995,0.96362,0.98992,0.97403,0.9462,0.97112,0.97755,0.9621,0.97577,0.98534,0.94914,0.97696,0.99035,0.95721,0.97869,0.96233,0.99069,0.95969
0.99241,0.97496,0.98962,0.98899,1,0.99214,0.9908,0.98258,0.99346,0.98751,0.98871,0.9814,0.97723,0.96553,0.98796,0.99362,0.99273,0.99272,0.98153,0.99211,0.97744,0.96637,0.98982,0.97174,0.99357,0.98183,0.95443,0.97906,0.98516,0.97025,0.98345,0.99121,0.95737,0.98459,0.99324,0.96541,0.98583,0.97046,0.99331,0.96787
0.9975,0.97133,0.98711,0.99477,0.99214,1,0.98861,0.98794,0.99407,0.9846,0.98606,0.97796,0.97365,0.9617,0.98511,0.99495,0.99148,0.99195,0.98673,0.99051,0.97384,0.96257,0.99487,0.968,0.99411,0.97841,0.95053,0.97552,0.98198,0.96649,0.98016,0.9896,0.95346,0.98141,0.99431,0.96159,0.98301,0.9667,0.99472,0.96408
0.989,0.98231,0.9978,0.98422,0.9908,0.98861,1,0.97705,0.99394,0.99569,0.99706,0.98906,0.98468,0.97263,0.99608,0.99291,0.99678,0.99563,0.97593,0.99728,0.98479,0.97347,0.98579,0.979,0.99394,0.98955,0.96131,0.98658,0.99306,0.97747,0.99128,0.99619,0.96429,0.99246,0.99266,0.97247,0.99268,0.97764,0.99254,0.97501
0.98777,0.95985,0.97555,0.99243,0.98258,0.98794,0.97705,1,0.98268,0.97308,0.97448,0.96644,0.96215,0.95034,0.97357,0.98369,0.97996,0.98053,0.99803,0.97905,0.96238,0.95119,0.98961,0.95657,0.9828,0.9669,0.93928,0.96403,0.97043,0.95507,0.96864,0.97833,0.94219,0.96986,0.98339,0.95021,0.97176,0.95531,0.98372,0.95268
0.99451,0.97661,0.9924,0.98978,0.99346,0.99407,0.99394,0.98268,1,0.98996,0.99141,0.98328,0.97895,0.96696,0.99044,0.99752,0.99666,0.99661,0.98152,0.99558,0.9791,0.96779,0.99105,0.97328,0.998,0.98375,0.95571,0.98082,0.98732,0.97177,0.98552,0.99431,0.95867,0.9867,0.99654,0.96682,0.98788,0.97195,0.99685,0.96933
0.98499,0.9862,0.99695,0.98021,0.98751,0.9846,0.99569,0.97308,0.98996,1,0.99785,0.99294,0.98862,0.97657,0.99819,0.98896,0.99284,0.99182,0.97196,0.99361,0.98861,0.97736,0.98192,0.98296,0.98995,0.99344,0.96519,0.9905,0.99671,0.98142,0.99514,0.99329,0.9682,0.99601,0.98883,0.97639,0.99442,0.98155,0.98862,0.97894
0.9864,0.98487,0.99804,0.98162,0.98871,0.98606,0.99706,0.97448,0.99141,0.99785,1,0.9916,0.98726,0.97517,0.99807,0.99039,0.99425,0.99327,0.97334,0.99492,0.9873,0.97599,0.98332,0.98155,0.99134,0.99204,0.96382,0.9891,0.99556,0.98002,0.99376,0.99449,0.96681,0.9949,0.99022,0.97502,0.99408,0.98016,0.99004,0.97756
0.97826,0.99291,0.99049,0.97353,0.9814,0.97796,0.98906,0.96644,0.98328,0.99294,0.9916,1,0.99533,0.98328,0.99247,0.98227,0.9861,0.9853,0.96534,0.98698,0.99503,0.98415,0.97536,0.98971,0.9832,0.99823,0.97188,0.99696,0.99557,0.98819,0.99689,0.98715,0.97485,0.99625,0.98225,0.98312,0.99214,0.98822,0.98204,0.98573
0.97394,0.99691,0.98614,0.96923,0.97723,0.97365,0.98468,0.96215,0.97895,0.98862,0.98726,0.99533,1,0.98763,0.98812,0.97794,0.98175,0.98098,0.96104,0.9826,0.99695,0.9884,0.97109,0.99402,0.97887,0.99476,0.97618,0.99721,0.99129,0.99254,0.99299,0.98284,0.97917,0.99185,0.97794,0.98745,0.98834,0.99237,0.97771,0.99005
0.96201,0.98981,0.97408,0.95735,0.96553,0.9617,0.97263,0.95034,0.96696,0.97657,0.97517,0.98328,0.98763,1,0.97606,0.96596,0.96973,0.96897,0.94926,0.97058,0.98702,0.99732,0.95924,0.99345,0.96689,0.98282,0.98827,0.98567,0.97921,0.99495,0.98103,0.97092,0.99136,0.97975,0.96601,0.99782,0.97684,0.99403,0.96576,0.99717
0.98545,0.98572,0.99731,0.98068,0.98796,0.98511,0.99608,0.97357,0.99044,0.99819,0.99807,0.99247,0.98812,0.97606,1,0.98944,0.99329,0.99229,0.97245,0.99408,0.98816,0.97689,0.9824,0.98244,0.99039,0.99285,0.96471,0.98997,0.99627,0.98092,0.9945,0.99377,0.96769,0.99572,0.98929,0.9759,0.99445,0.98105,0.9891,0.97846
0.99537,0.9756,0.99141,0.99075,0.99362,0.99495,0.99291,0.98369,0.99752,0.98896,0.99039,0.98227,0.97794,0.96596,0.98944,1,0.99571,0.99579,0.98252,0.99474,0.97811,0.9668,0.99192,0.97227,0.9976,0.98272,0.95472,0.97982,0.9863,0.97076,0.98448,0.9935,0.95768,0.98571,0.99663,0.96582,0.98702,0.97096,0.99695,0.96833
0.99193,0.97938,0.99524,0.98711,0.99273,0.99148,0.99678,0.97996,0.99666,0.99284,0.99425,0.9861,0.98175,0.96973,0.99329,0.99571,1,0.99735,0.97881,0.99791,0.98186,0.97055,0.98856,0.97608,0.99676,0.98659,0.95843,0.98364,0.99015,0.97455,0.98837,0.99613,0.96142,0.98949,0.99519,0.96957,0.99035,0.97473,0.99514,0.9721
0.99227,0.97865,0.99417,0.98763,0.99272,0.99195,0.99563,0.98053,0.99661,0.99182,0.99327,0.9853,0.98098,0.96897,0.99229,0.99579,0.99735,1,0.97938,0.99676,0.98113,0.96984,0.98907,0.9753,0.99646,0.98574,0.95773,0.98283,0.98928,0.97379,0.98747,0.99541,0.96068,0.98872,0.99524,0.96884,0.98965,0.97398,0.9953,0.97136
0.98659,0.95874,0.97442,0.99124,0.98153,0.98673,0.97593,0.99803,0.98152,0.97196,0.97334,0.96534,0.96104,0.94926,0.97245,0.98252,0.97881,0.97938,1,0.97794,0.96129,0.95013,0.98847,0.95548,0.98165,0.9658,0.93822,0.96293,0.96932,0.95398,0.96752,0.97723,0.94113,0.96876,0.98224,0.94913,0.9707,0.95423,0.98259,0.9516
0.99088,0.98022,0.99593,0.98616,0.99211,0.99051,0.99728,0.97905,0.99558,0.99361,0.99492,0.98698,0.9826,0.97058,0.99408,0.99474,0.99791,0.99676,0.97794,1,0.98275,0.97146,0.9877,0.97693,0.99561,0.98739,0.9593,0.98451,0.99097,0.97541,0.98908,0.99644,0.96226,0.99043,0.99434,0.97043,0.99131,0.97559,0.99429,0.97298
0.9741,0.99579,0.9862,0.96944,0.97744,0.97384,0.98479,0.96238,0.9791,0.98861,0.9873,0.99503,0.99695,0.98702,0.98816,0.97811,0.98186,0.98113,0.96129,0.98275,1,0.98795,0.97131,0.99315,0.97899,0.99433,0.97575,0.99647,0.99122,0.99181,0.99265,0.983,0.97867,0.99192,0.97812,0.9869,0.98857,0.99167,0.97792,0.98947
0.96281,0.99061,0.9749,0.9582,0.96637,0.96257,0.97347,0.95119,0.96779,0.97736,0.97599,0.98415,0.9884,0.99732,0.97689,0.9668,0.97055,0.96984,0.95013,0.97146,0.98795,1,0.96011,0.99395,0.96769,0.98355,0.98733,0.98649,0.98003,0.9955,0.98171,0.97181,0.9901,0.98071,0.96686,0.99731,0.97785,0.99454,0.96663,0.99774
0.9948,0.96878,0.98433,0.995,0.98982,0.99487,0.98579,0.98961,0.99105,0.98192,0.98332,0.97536,0.97109,0.95924,0.9824,0.99192,0.98856,0.98907,0.98847,0.9877,0.97131,0.96011,1,0.96548,0.99108,0.97579,0.94813,0.97294,0.97932,0.964,0.97751,0.98687,0.95105,0.97877,0.99148,0.95913,0.98041,0.96422,0.99179,0.9616
0.96831,0.99592,0.98045,0.96362,0.97174,0.968,0.979,0.95657,0.97328,0.98296,0.98155,0.98971,0.99402,0.99345,0.98244,0.97227,0.97608,0.9753,0.95548,0.97693,0.99315,0.99395,0.96548,1,0.97322,0.98924,0.98188,0.99204,0.98559,0.99822,0.98742,0.97722,0.98493,0.98615,0.97231,0.99304,0.98303,0.99698,0.97207,0.99576
0.99478,0.9765,0.99238,0.98992,0.99357,0.99411,0.99394,0.9828,0.998,0.98995,0.99134,0.9832,0.97887,0.96689,0.99039,0.9976,0.99676,0.99646,0.98165,0.99561,0.97899,0.96769,0.99108,0.97322,1,0.98372,0.95562,0.98075,0.98724,0.97169,0.98551,0.99423,0.95861,0.98657,0.9967,0.96672,0.98777,0.97188,0.99683,0.96924
0.97877,0.99233,0.99091,0.97403,0.98183,0.97841,0.98955,0.9669,0.98375,0.99344,0.99204,0.99823,0.99476,0.98282,0.99285,0.98272,0.98659,0.98574,0.9658,0.98739,0.99433,0.98355,0.97579,0.98924,0.98372,1,0.97136,0.99645,0.99587,0.98765,0.99775,0.98751,0.9744,0.99616,0.98271,0.98258,0.99211,0.98771,0.98249,0.98516
0.95079,0.97845,0.96275,0.9462,0.95443,0.95053,0.96131,0.93928,0.95571,0.96519,0.96382,0.97188,0.97618,0.98827,0.96471,0.95472,0.95843,0.95773,0.93822,0.9593,0.97575,0.98733,0.94813,0.98188,0.95562,0.97136,1,0.97424,0.96783,0.98345,0.96957,0.9597,0.99637,0.96843,0.9548,0.9883,0.96575,0.98292,0.95456,0.98592
0.97582,0.99501,0.98799,0.97112,0.97906,0.97552,0.98658,0.96403,0.98082,0.9905,0.9891,0.99696,0.99721,0.98567,0.98997,0.97982,0.98364,0.98283,0.96293,0.98451,0.99647,0.98649,0.97294,0.99204,0.98075,0.99645,0.97424,1,0.99308,0.99053,0.99472,0.98471,0.97724,0.99366,0.97983,0.98547,0.99004,0.99052,0.9796,0.98808
0.9823,0.98888,0.99444,0.97755,0.98516,0.98198,0.99306,0.97043,0.98732,0.99671,0.99556,0.99557,0.99129,0.97921,0.99627,0.9863,0.99015,0.98928,0.96932,0.99097,0.99122,0.98003,0.97932,0.98559,0.98724,0.99587,0.96783,0.99308,1,0.98408,0.9972,0.99093,0.97082,0.99801,0.98623,0.97905,0.99427,0.98419,0.98604,0.98161
0.96678,0.99463,0.97893,0.9621,0.97025,0.96649,0.97747,0.95507,0.97177,0.98142,0.98002,0.98819,0.99254,0.99495,0.98092,0.97076,0.97455,0.97379,0.95398,0.97541,0.99181,0.9955,0.964,0.99822,0.97169,0.98765,0.98345,0.99053,0.98408,1,0.98585,0.97574,0.98644,0.98467,0.9708,0.9946,0.98162,0.99725,0.97057,0.99739
0.98055,0.99057,0.99263,0.97577,0.98345,0.98016,0.99128,0.96864,0.98552,0.99514,0.99376,0.99689,0.99299,0.98103,0.9945,0.98448,0.98837,0.98747,0.96752,0.98908,0.99265,0.98171,0.97751,0.98742,0.98551,0.99775,0.96957,0.99472,0.9972,0.98585,1,0.98912,0.97263,0.99694,0.98443,0.98078,0.99297,0.98593,0.9842,0.98334
0.98991,0.98051,0.99527,0.98534,0.99121,0.9896,0.99619,0.97833,0.99431,0.99329,0.99449,0.98715,0.98284,0.97092,0.99377,0.9935,0.99613,0.99541,0.97723,0.99644,0.983,0.97181,0.98687,0.97722,0.99423,0.98751,0.9597,0.98471,0.99093,0.97574,0.98912,1,0.96264,0.9905,0.99315,0.9708,0.99115,0.97593,0.99315,0.97332
0.95377,0.9814,0.96573,0.94914,0.95737,0.95346,0.96429,0.94219,0.95867,0.9682,0.96681,0.97485,0.97917,0.99136,0.96769,0.95768,0.96142,0.96068,0.94113,0.96226,0.97867,0.9901,0.95105,0.98493,0.95861,0.9744,0.99637,0.97724,0.97082,0.98644,0.97263,0.96264,1,0.97136,0.95775,0.99118,0.96861,0.98589,0.9575,0.98886
0.98165,0.98948,0.99382,0.97696,0.98459,0.98141,0.99246,0.96986,0.9867,0.99601,0.9949,0.99625,0.99185,0.97975,0.99572,0.98571,0.98949,0.98872,0.96876,0.99043,0.99192,0.98071,0.97877,0.98615,0.98657,0.99616,0.96843,0.99366,0.99801,0.98467,0.99694,0.9905,0.97136,1,0.98564,0.97964,0.99459,0.98475,0.98548,0.98224
0.99469,0.97561,0.99121,0.99035,0.99324,0.99431,0.99266,0.98339,0.99654,0.98883,0.99022,0.98225,0.97794,0.96601,0.98929,0.99663,0.99519,0.99524,0.98224,0.99434,0.97812,0.96686,0.99148,0.97231,0.9967,0.98271,0.9548,0.97983,0.98623,0.9708,0.98443,0.99315,0.95775,0.98564,1,0.96588,0.98696,0.971,0.99608,0.96838
0.96185,0.98967,0.97393,0.95721,0.96541,0.96159,0.97247,0.95021,0.96682,0.97639,0.97502,0.98312,0.98745,0.99782,0.9759,0.96582,0.96957,0.96884,0.94913,0.97043,0.9869,0.99731,0.95913,0.99304,0.96672,0.98258,0.9883,0.98547,0.97905,0.9946,0.98078,0.9708,0.99118,0.97964,0.96588,1,0.97675,0.99375,0.96564,0.99679
0.98318,0.98618,0.99358,0.97869,0.98583,0.98301,0.99268,0.97176,0.98788,0.99442,0.99408,0.99214,0.98834,0.97684,0.99445,0.98702,0.99035,0.98965,0.9707,0.99131,0.98857,0.97785,0.98041,0.98303,0.98777,0.99211,0.96575,0.99004,0.99427,0.98162,0.99297,0.99115,0.96861,0.99459,0.98696,0.97675,1,0.9817,0.98682,0.97929
0.967,0.99425,0.97907,0.96233,0.97046,0.9667,0.97764,0.95531,0.97195,0.98155,0.98016,0.98822,0.99237,0.99403,0.98105,0.97096,0.97473,0.97398,0.95423,0.97559,0.99167,0.99454,0.96422,0.99698,0.97188,0.98771,0.98292,0.99052,0.98419,0.99725,0.98593,0.97593,0.98589,0.98475,0.971,0.99375,0.9817,1,0.97076,0.99604
0.99504,0.97538,0.99105,0.99069,0.99331,0.99472,0.99254,0.98372,0.99685,0.98862,0.99004,0.98204,0.97771,0.96576,0.9891,0.99695,0.99514,0.9953,0.98259,0.99429,0.97792,0.96663,0.99179,0.97207,0.99683,0.98249,0.95456,0.9796,0.98604,0.97057,0.9842,0.99315,0.9575,0.98548,0.99608,0.96564,0.98682,0.97076,1,0.96814
0.96435,0.99224,0.97647,0.95969,0.96787,0.96408,0.97501,0.95268,0.96933,0.97894,0.97756,0.98573,0.99005,0.99717,0.97846,0.96833,0.9721,0.97136,0.9516,0.97298,0.98947,0.99774,0.9616,0.99576,0.96924,0.98516,0.98592,0.98808,0.98161,0.99739,0.98334,0.97332,0.98886,0.98224,0.96838,0.99679,0.97929,0.99604,0.96814,1
