1,0.96553,0.97696,0.98775,0.98151,0.97024,0.96536,0.96971,0.99354,0.94783,0.95827,0.98602,0.98207,0.96016,0.95854,0.9752,0.98391,0.98026,0.96156,0.97087,0.98618,0.97461,0.96921,0.9696,0.99247,0.9805,0.99368,0.98822,0.96944,0.99587,0.98243,0.99661,0.98208,0.99711,0.98791,0.99673,0.95838,0.99717,0.95843,0.95991,0.97688,0.95536,0.97858,0.96737,0.99707,0.98257,0.97722,0.97644,0.99069,0.96374,0.9926
0.96553,1,0.98818,0.9538,0.98355,0.99494,0.99801,0.99547,0.97158,0.98158,0.99233,0.95214,0.98308,0.99401,0.99262,0.98997,0.98121,0.98483,0.99545,0.99432,0.97899,0.99036,0.9959,0.99556,0.97257,0.98418,0.9716,0.97678,0.99453,0.96942,0.9827,0.96849,0.983,0.96753,0.97716,0.96784,0.99244,0.96798,0.99247,0.99362,0.94325,0.98926,0.9449,0.99721,0.96797,0.98195,0.98722,0.94293,0.95662,0.99768,0.97267
0.97696,0.98818,1,0.96509,0.99499,0.99301,0.98794,0.99244,0.98306,0.9701,0.98078,0.9634,0.99461,0.98265,0.98108,0.99759,0.99271,0.99613,0.98411,0.99363,0.99056,0.99681,0.99192,0.99234,0.98402,0.99503,0.98311,0.9882,0.99164,0.98091,0.99428,0.97995,0.99453,0.97898,0.9886,0.97925,0.98089,0.97943,0.98095,0.98236,0.95443,0.97779,0.9561,0.99003,0.97942,0.99282,0.9961,0.95408,0.96796,0.98639,0.98418
0.98775,0.9538,0.96509,1,0.96958,0.95846,0.95365,0.95792,0.98156,0.9363,0.94662,0.99727,0.97015,0.9485,0.94689,0.96335,0.97197,0.96836,0.94987,0.95908,0.9742,0.96278,0.95743,0.95782,0.98056,0.96866,0.98163,0.97629,0.95772,0.98384,0.9705,0.98472,0.97016,0.98558,0.97597,0.98528,0.94673,0.9853,0.94677,0.94825,0.98884,0.94376,0.99052,0.95562,0.98524,0.97077,0.96544,0.98816,0.99675,0.95204,0.98055
0.98151,0.98355,0.99499,0.96958,1,0.98835,0.98333,0.98781,0.98762,0.96558,0.9762,0.9679,0.99819,0.9781,0.97648,0.99327,0.99685,0.99754,0.97953,0.98897,0.99502,0.99266,0.98728,0.98769,0.98853,0.99668,0.98766,0.99267,0.98726,0.98544,0.99799,0.98449,0.9981,0.98351,0.99301,0.98376,0.97632,0.98395,0.97638,0.97782,0.95889,0.97323,0.96056,0.98543,0.98396,0.9959,0.9943,0.95853,0.97246,0.98174,0.98873
0.97024,0.99494,0.99301,0.95846,0.98835,1,0.99456,0.99867,0.97631,0.97682,0.98757,0.95676,0.98788,0.98933,0.98789,0.99469,0.98598,0.98957,0.99087,0.99887,0.98378,0.995,0.99836,0.9987,0.97729,0.98886,0.97636,0.98147,0.99629,0.97417,0.98754,0.97321,0.98783,0.97225,0.98187,0.97254,0.98767,0.9727,0.98773,0.98904,0.94786,0.98454,0.94952,0.9966,0.97269,0.98655,0.99164,0.94752,0.9613,0.99322,0.97742
0.96536,0.99801,0.98794,0.95365,0.98333,0.99456,1,0.99512,0.97141,0.98167,0.99235,0.952,0.98288,0.9941,0.99259,0.98977,0.98103,0.98465,0.99532,0.994,0.97881,0.99014,0.99555,0.99522,0.97241,0.98396,0.97144,0.97664,0.99439,0.96925,0.98248,0.96834,0.98278,0.96737,0.97701,0.96769,0.99243,0.96782,0.99244,0.99357,0.94311,0.98931,0.94475,0.99675,0.96782,0.98179,0.98704,0.94279,0.95646,0.99727,0.9725
0.96971,0.99547,0.99244,0.95792,0.98781,0.99867,0.99512,1,0.97579,0.97738,0.98812,0.95626,0.98733,0.98995,0.98841,0.9942,0.98545,0.98907,0.9914,0.99828,0.98323,0.99453,0.99853,0.99876,0.97676,0.98836,0.97581,0.98099,0.99646,0.97362,0.98696,0.97269,0.98726,0.97172,0.98136,0.97201,0.98824,0.97216,0.9883,0.98961,0.94733,0.98508,0.94899,0.99702,0.97216,0.98608,0.99121,0.947,0.96076,0.99368,0.97688
0.99354,0.97158,0.98306,0.98156,0.98762,0.97631,0.97141,0.97579,1,0.95378,0.96428,0.97988,0.98819,0.96619,0.96455,0.98131,0.99001,0.98637,0.96759,0.97695,0.99227,0.98071,0.97527,0.97568,0.99762,0.98654,0.99854,0.99421,0.97548,0.99724,0.98852,0.99635,0.98818,0.99528,0.99389,0.99541,0.9644,0.99586,0.96445,0.96593,0.97076,0.96136,0.97244,0.97343,0.99589,0.98853,0.98325,0.97037,0.98447,0.96977,0.99817
0.94783,0.98158,0.9701,0.9363,0.96558,0.97682,0.98167,0.97738,0.95378,1,0.98901,0.9347,0.96507,0.98699,0.9887,0.97189,0.96324,0.96682,0.98557,0.9762,0.96105,0.97239,0.97786,0.97748,0.95476,0.96631,0.95379,0.95893,0.97726,0.95164,0.9647,0.95075,0.96501,0.94981,0.95928,0.95011,0.98889,0.95022,0.98887,0.98708,0.92595,0.99175,0.92756,0.97965,0.95024,0.96413,0.96945,0.92567,0.93907,0.98337,0.95483
0.95827,0.99233,0.98078,0.94662,0.9762,0.98757,0.99235,0.98812,0.96428,0.98901,1,0.94498,0.9757,0.99721,0.99869,0.98258,0.97385,0.97745,0.99615,0.98695,0.97164,0.98307,0.98861,0.98824,0.96527,0.97689,0.9643,0.96947,0.98781,0.96213,0.97532,0.96121,0.97563,0.96026,0.96983,0.96056,0.9985,0.96069,0.99863,0.99681,0.93615,0.99632,0.93778,0.99036,0.9607,0.97467,0.98,0.93585,0.94942,0.99413,0.96535
0.98602,0.95214,0.9634,0.99727,0.9679,0.95676,0.952,0.95626,0.97988,0.9347,0.94498,1,0.96845,0.94689,0.94523,0.96169,0.97029,0.9667,0.94822,0.95739,0.97249,0.96112,0.95575,0.95615,0.97889,0.96699,0.97991,0.97469,0.95608,0.98208,0.96877,0.98303,0.96844,0.98388,0.97433,0.98359,0.9451,0.98356,0.94513,0.94662,0.99046,0.94212,0.99196,0.95395,0.98356,0.96916,0.9638,0.9899,0.99482,0.95036,0.97884
0.98207,0.98308,0.99461,0.97015,0.99819,0.98788,0.98288,0.98733,0.98819,0.96507,0.9757,0.96845,1,0.97759,0.97599,0.99286,0.99758,0.9975,0.97902,0.98852,0.99567,0.99218,0.98681,0.98723,0.98915,0.99652,0.98826,0.99329,0.98682,0.98604,0.99866,0.98507,0.99839,0.98407,0.9937,0.98436,0.97581,0.98455,0.97586,0.97731,0.95943,0.97273,0.96111,0.98493,0.98455,0.99627,0.99402,0.95907,0.97303,0.98127,0.98933
0.96016,0.99401,0.98265,0.9485,0.9781,0.98933,0.9941,0.98995,0.96619,0.98699,0.99721,0.94689,0.97759,1,0.99697,0.98451,0.97575,0.97939,0.9972,0.98876,0.97354,0.98497,0.99041,0.99005,0.96719,0.9788,0.9662,0.97143,0.98963,0.96402,0.97717,0.96313,0.9775,0.96217,0.97177,0.96247,0.99718,0.96259,0.99727,0.99708,0.93802,0.99427,0.93964,0.99207,0.96261,0.97662,0.98191,0.93773,0.95129,0.99549,0.96726
0.95854,0.99262,0.98108,0.94689,0.97648,0.98789,0.99259,0.98841,0.96455,0.9887,0.99869,0.94523,0.97599,0.99697,1,0.98284,0.97412,0.97771,0.99636,0.98725,0.97192,0.98333,0.98891,0.98854,0.96553,0.97715,0.96458,0.96971,0.98802,0.96241,0.97563,0.96148,0.97593,0.96054,0.97008,0.96084,0.99846,0.96097,0.99855,0.99679,0.93642,0.99612,0.93806,0.99067,0.96097,0.97491,0.98024,0.9361,0.9497,0.99448,0.96563
0.9752,0.98997,0.99759,0.96335,0.99327,0.99469,0.98977,0.9942,0.98131,0.97189,0.98258,0.96169,0.99286,0.98451,0.98284,1,0.991,0.99459,0.9859,0.99535,0.98877,0.99797,0.99367,0.9941,0.98231,0.99356,0.98134,0.98657,0.99336,0.97913,0.99242,0.9782,0.99269,0.97721,0.98695,0.97752,0.98269,0.97767,0.98273,0.98416,0.9527,0.97956,0.95436,0.99175,0.97768,0.99144,0.99577,0.95237,0.9662,0.98814,0.98241
0.98391,0.98121,0.99271,0.97197,0.99685,0.98598,0.98103,0.98545,0.99001,0.96324,0.97385,0.97029,0.99758,0.97575,0.97412,0.991,1,0.99587,0.97716,0.98662,0.9973,0.99032,0.98493,0.98534,0.99098,0.99538,0.99009,0.99506,0.98502,0.98787,0.99771,0.98691,0.99729,0.98589,0.9955,0.9862,0.97396,0.9864,0.974,0.97547,0.96124,0.97088,0.96291,0.98305,0.9864,0.99624,0.99245,0.96087,0.97485,0.9794,0.99116
0.98026,0.98483,0.99613,0.96836,0.99754,0.98957,0.98465,0.98907,0.98637,0.96682,0.97745,0.9667,0.9975,0.97939,0.97771,0.99459,0.99587,1,0.98077,0.99022,0.99378,0.99379,0.98854,0.98894,0.98735,0.99682,0.98641,0.99159,0.98855,0.9842,0.997,0.98328,0.99711,0.98226,0.99199,0.98256,0.97757,0.98274,0.97761,0.97908,0.95767,0.97447,0.95933,0.98665,0.98273,0.9955,0.99534,0.95733,0.97122,0.98301,0.98748
0.96156,0.99545,0.98411,0.94987,0.97953,0.99087,0.99532,0.9914,0.96759,0.98557,0.99615,0.94822,0.97902,0.9972,0.99636,0.9859,0.97716,0.98077,1,0.99025,0.97496,0.98638,0.9919,0.99154,0.96857,0.98017,0.96761,0.97277,0.99089,0.96543,0.97865,0.96451,0.97896,0.96356,0.97313,0.96385,0.99611,0.96398,0.99624,0.99658,0.93937,0.9931,0.94101,0.99356,0.964,0.97795,0.98326,0.93906,0.95269,0.99701,0.96866
0.97087,0.99432,0.99363,0.95908,0.98897,0.99887,0.994,0.99828,0.97695,0.9762,0.98695,0.95739,0.98852,0.98876,0.98725,0.99535,0.98662,0.99022,0.99025,1,0.98442,0.99563,0.99789,0.99835,0.97793,0.98948,0.97699,0.98213,0.99618,0.9748,0.98817,0.97385,0.98845,0.97288,0.98252,0.97318,0.98703,0.97333,0.98709,0.98844,0.94848,0.98392,0.95014,0.99601,0.97333,0.98718,0.99223,0.94813,0.96193,0.99258,0.97806
0.98618,0.97899,0.99056,0.9742,0.99502,0.98378,0.97881,0.98323,0.99227,0.96105,0.97164,0.97249,0.99567,0.97354,0.97192,0.98877,0.9973,0.99378,0.97496,0.98442,1,0.98814,0.98272,0.98313,0.99318,0.99363,0.99239,0.99688,0.98281,0.99016,0.99602,0.98917,0.99562,0.98815,0.99728,0.98842,0.97175,0.98866,0.9718,0.97327,0.96345,0.96869,0.96513,0.98085,0.98865,0.99505,0.99041,0.96306,0.9771,0.97719,0.99345
0.97461,0.99036,0.99681,0.96278,0.99266,0.995,0.99014,0.99453,0.98071,0.97239,0.98307,0.96112,0.99218,0.98497,0.98333,0.99797,0.99032,0.99379,0.98638,0.99563,0.98814,1,0.99402,0.99444,0.98168,0.99295,0.98073,0.98592,0.99352,0.97853,0.99178,0.9776,0.99206,0.97663,0.98627,0.9769,0.98317,0.97706,0.98323,0.98462,0.95215,0.98005,0.95381,0.99217,0.97708,0.99071,0.9951,0.95182,0.96563,0.98858,0.9818
0.96921,0.9959,0.99192,0.95743,0.98728,0.99836,0.99555,0.99853,0.97527,0.97786,0.98861,0.95575,0.98681,0.99041,0.98891,0.99367,0.98493,0.98854,0.9919,0.99789,0.98272,0.99402,1,0.99871,0.97626,0.98782,0.97531,0.98046,0.9964,0.97312,0.98645,0.97218,0.98675,0.97121,0.98084,0.97151,0.9887,0.97166,0.98876,0.99006,0.94685,0.98557,0.9485,0.99733,0.97166,0.98556,0.9907,0.94651,0.96027,0.99419,0.97637
0.9696,0.99556,0.99234,0.95782,0.98769,0.9987,0.99522,0.99876,0.97568,0.97748,0.98824,0.95615,0.98723,0.99005,0.98854,0.9941,0.98534,0.98894,0.99154,0.99835,0.98313,0.99444,0.99871,1,0.97666,0.98823,0.97571,0.98087,0.99641,0.97352,0.98686,0.97258,0.98715,0.97161,0.98125,0.97191,0.98832,0.97206,0.98838,0.98969,0.94723,0.98519,0.94889,0.99708,0.97206,0.98595,0.9911,0.9469,0.96066,0.99384,0.97678
0.99247,0.97257,0.98402,0.98056,0.98853,0.97729,0.97241,0.97676,0.99762,0.95476,0.96527,0.97889,0.98915,0.96719,0.96553,0.98231,0.99098,0.98735,0.96857,0.97793,0.99318,0.98168,0.97626,0.97666,1,0.98745,0.99801,0.99524,0.97648,0.99624,0.98943,0.9954,0.98907,0.99425,0.995,0.99462,0.96538,0.99493,0.96541,0.9669,0.96975,0.96233,0.97142,0.9744,0.99492,0.9895,0.98422,0.96938,0.98343,0.97076,0.99825
0.9805,0.98418,0.99503,0.96866,0.99668,0.98886,0.98396,0.98836,0.98654,0.96631,0.97689,0.96699,0.99652,0.9788,0.97715,0.99356,0.99538,0.99682,0.98017,0.98948,0.99363,0.99295,0.98782,0.98823,0.98745,1,0.98656,0.99149,0.9878,0.98438,0.9963,0.98346,0.99644,0.9825,0.99181,0.98276,0.97701,0.98294,0.97708,0.97852,0.958,0.97393,0.95966,0.986,0.98293,0.99499,0.99431,0.95765,0.97151,0.98237,0.98761
0.99368,0.9716,0.98311,0.98163,0.98766,0.97636,0.97144,0.97581,0.99854,0.95379,0.9643,0.97991,0.98826,0.9662,0.96458,0.98134,0.99009,0.98641,0.96761,0.97699,0.99239,0.98073,0.97531,0.97571,0.99801,0.98656,1,0.99427,0.9755,0.99773,0.98862,0.99659,0.98825,0.99547,0.99402,0.99567,0.96441,0.99616,0.96445,0.96594,0.9708,0.96137,0.97249,0.97346,0.99611,0.98855,0.98327,0.97039,0.98456,0.96981,0.9988
0.98822,0.97678,0.9882,0.97629,0.99267,0.98147,0.97664,0.98099,0.99421,0.95893,0.96947,0.97469,0.99329,0.97143,0.96971,0.98657,0.99506,0.99159,0.97277,0.98213,0.99688,0.98592,0.98046,0.98087,0.99524,0.99149,0.99427,1,0.98071,0.99207,0.9934,0.99125,0.99305,0.99015,0.99858,0.9905,0.96959,0.99069,0.96962,0.97112,0.96553,0.96651,0.96717,0.9786,0.99074,0.99356,0.98842,0.9652,0.97913,0.97495,0.99528
0.96944,0.99453,0.99164,0.95772,0.98726,0.99629,0.99439,0.99646,0.97548,0.97726,0.98781,0.95608,0.98682,0.98963,0.98802,0.99336,0.98502,0.98855,0.99089,0.99618,0.98281,0.99352,0.9964,0.99641,0.97648,0.9878,0.9755,0.98071,1,0.97332,0.9864,0.97242,0.98669,0.97144,0.98108,0.97177,0.98789,0.9719,0.98792,0.98922,0.94715,0.98482,0.94879,0.99552,0.9719,0.98576,0.99073,0.94683,0.96053,0.99296,0.97656
0.99587,0.96942,0.98091,0.98384,0.98544,0.97417,0.96925,0.97362,0.99724,0.95164,0.96213,0.98208,0.98604,0.96402,0.96241,0.97913,0.98787,0.9842,0.96543,0.9748,0.99016,0.97853,0.97312,0.97352,0.99624,0.98438,0.99773,0.99207,0.97332,1,0.98641,0.99835,0.98605,0.99732,0.99182,0.99738,0.96224,0.99825,0.96228,0.96376,0.97298,0.95921,0.97469,0.97128,0.99802,0.9864,0.98109,0.97255,0.98679,0.96764,0.9966
0.98243,0.9827,0.99428,0.9705,0.99799,0.98754,0.98248,0.98696,0.98852,0.9647,0.97532,0.96877,0.99866,0.97717,0.97563,0.99242,0.99771,0.997,0.97865,0.98817,0.99602,0.99178,0.98645,0.98686,0.98943,0.9963,0.98862,0.9934,0.9864,0.98641,1,0.98541,0.99875,0.98443,0.99384,0.98468,0.97543,0.9849,0.97549,0.97693,0.95978,0.97236,0.96148,0.98457,0.98488,0.99598,0.99354,0.9594,0.9734,0.98092,0.98968
0.99661,0.96849,0.97995,0.98472,0.98449,0.97321,0.96834,0.97269,0.99635,0.95075,0.96121,0.98303,0.98507,0.96313,0.96148,0.9782,0.98691,0.98328,0.96451,0.97385,0.98917,0.9776,0.97218,0.97258,0.9954,0.98346,0.99659,0.99125,0.97242,0.99835,0.98541,1,0.98506,0.99768,0.99095,0.9977,0.96133,0.99848,0.96137,0.96286,0.97387,0.9583,0.97555,0.97034,0.99836,0.98555,0.9802,0.97347,0.98762,0.9667,0.99554
0.98208,0.983,0.99453,0.97016,0.9981,0.98783,0.98278,0.98726,0.98818,0.96501,0.97563,0.96844,0.99839,0.9775,0.97593,0.99269,0.99729,0.99711,0.97896,0.98845,0.99562,0.99206,0.98675,0.98715,0.98907,0.99644,0.98825,0.99305,0.98669,0.98605,0.99875,0.98506,1,0.98409,0.99345,0.98432,0.97574,0.98454,0.97581,0.97722,0.95945,0.97268,0.96114,0.98487,0.98452,0.9959,0.99375,0.95909,0.97306,0.98121,0.98932
0.99711,0.96753,0.97898,0.98558,0.98351,0.97225,0.96737,0.97172,0.99528,0.94981,0.96026,0.98388,0.98407,0.96217,0.96054,0.97721,0.98589,0.98226,0.96356,0.97288,0.98815,0.97663,0.97121,0.97161,0.99425,0.9825,0.99547,0.99015,0.97144,0.99732,0.98443,0.99768,0.98409,1,0.98983,0.9973,0.96038,0.99789,0.96043,0.96188,0.97478,0.95735,0.97647,0.96938,0.99779,0.98448,0.97919,0.97435,0.98851,0.96575,0.99445
0.98791,0.97716,0.9886,0.97597,0.99301,0.98187,0.97701,0.98136,0.99389,0.95928,0.96983,0.97433,0.9937,0.97177,0.97008,0.98695,0.9955,0.99199,0.97313,0.98252,0.99728,0.98627,0.98084,0.98125,0.995,0.99181,0.99402,0.99858,0.98108,0.99182,0.99384,0.99095,0.99345,0.98983,1,0.99021,0.96994,0.99042,0.96997,0.97146,0.9652,0.96686,0.96685,0.97897,0.99043,0.99383,0.98876,0.96485,0.97882,0.97534,0.99505
0.99673,0.96784,0.97925,0.98528,0.98376,0.97254,0.96769,0.97201,0.99541,0.95011,0.96056,0.98359,0.98436,0.96247,0.96084,0.97752,0.9862,0.98256,0.96385,0.97318,0.98842,0.9769,0.97151,0.97191,0.99462,0.98276,0.99567,0.9905,0.97177,0.99738,0.98468,0.9977,0.98432,0.9973,0.99021,1,0.96068,0.99804,0.96071,0.9622,0.97446,0.95765,0.97613,0.96967,0.99778,0.98486,0.97952,0.97404,0.98815,0.96605,0.99466
0.95838,0.99244,0.98089,0.94673,0.97632,0.98767,0.99243,0.98824,0.9644,0.98889,0.9985,0.9451,0.97581,0.99718,0.99846,0.98269,0.97396,0.97757,0.99611,0.98703,0.97175,0.98317,0.9887,0.98832,0.96538,0.97701,0.96441,0.96959,0.98789,0.96224,0.97543,0.96133,0.97574,0.96038,0.96994,0.96068,1,0.9608,0.99874,0.99688,0.93626,0.99614,0.9379,0.99047,0.96081,0.9748,0.98012,0.93596,0.94953,0.99415,0.96547
0.99717,0.96798,0.97943,0.9853,0.98395,0.9727,0.96782,0.97216,0.99586,0.95022,0.96069,0.98356,0.98455,0.96259,0.96097,0.97767,0.9864,0.98274,0.96398,0.97333,0.98866,0.97706,0.97166,0.97206,0.99493,0.98294,0.99616,0.99069,0.9719,0.99825,0.9849,0.99848,0.98454,0.99789,0.99042,0.99804,0.9608,1,0.96084,0.96233,0.97443,0.95778,0.97612,0.96982,0.99864,0.98502,0.97967,0.97399,0.98822,0.96619,0.99507
0.95843,0.99247,0.98095,0.94677,0.97638,0.98773,0.99244,0.9883,0.96445,0.98887,0.99863,0.94513,0.97586,0.99727,0.99855,0.98273,0.974,0.97761,0.99624,0.98709,0.9718,0.98323,0.98876,0.98838,0.96541,0.97708,0.96445,0.96962,0.98792,0.96228,0.97549,0.96137,0.97581,0.96043,0.96997,0.96071,0.99874,0.96084,1,0.99693,0.93631,0.99618,0.93794,0.99054,0.96085,0.97483,0.98016,0.936,0.94957,0.99421,0.96551
0.95991,0.99362,0.98236,0.94825,0.97782,0.98904,0.99357,0.98961,0.96593,0.98708,0.99681,0.94662,0.97731,0.99708,0.99679,0.98416,0.97547,0.97908,0.99658,0.98844,0.97327,0.98462,0.99006,0.98969,0.9669,0.97852,0.96594,0.97112,0.98922,0.96376,0.97693,0.96286,0.97722,0.96188,0.97146,0.9622,0.99688,0.96233,0.99693,1,0.93778,0.99426,0.93941,0.99173,0.96234,0.9763,0.98154,0.93747,0.95105,0.99512,0.96699
0.97688,0.94325,0.95443,0.98884,0.95889,0.94786,0.94311,0.94733,0.97076,0.92595,0.93615,0.99046,0.95943,0.93802,0.93642,0.9527,0.96124,0.95767,0.93937,0.94848,0.96345,0.95215,0.94685,0.94723,0.96975,0.958,0.9708,0.96553,0.94715,0.97298,0.95978,0.97387,0.95945,0.97478,0.9652,0.97446,0.93626,0.97443,0.93631,0.93778,1,0.93332,0.99788,0.94507,0.9744,0.9601,0.95481,0.99662,0.98599,0.94151,0.96973
0.95536,0.98926,0.97779,0.94376,0.97323,0.98454,0.98931,0.98508,0.96136,0.99175,0.99632,0.94212,0.97273,0.99427,0.99612,0.97956,0.97088,0.97447,0.9931,0.98392,0.96869,0.98005,0.98557,0.98519,0.96233,0.97393,0.96137,0.96651,0.98482,0.95921,0.97236,0.9583,0.97268,0.95735,0.96686,0.95765,0.99614,0.95778,0.99618,0.99426,0.93332,1,0.93495,0.98734,0.95778,0.97171,0.97702,0.93302,0.94655,0.99105,0.96242
0.97858,0.9449,0.9561,0.99052,0.96056,0.94952,0.94475,0.94899,0.97244,0.92756,0.93778,0.99196,0.96111,0.93964,0.93806,0.95436,0.96291,0.95933,0.94101,0.95014,0.96513,0.95381,0.9485,0.94889,0.97142,0.95966,0.97249,0.96717,0.94879,0.97469,0.96148,0.97555,0.96114,0.97647,0.96685,0.97613,0.9379,0.97612,0.93794,0.93941,0.99788,0.93495,1,0.94672,0.97608,0.96174,0.95645,0.99582,0.98773,0.94316,0.97142
0.96737,0.99721,0.99003,0.95562,0.98543,0.9966,0.99675,0.99702,0.97343,0.97965,0.99036,0.95395,0.98493,0.99207,0.99067,0.99175,0.98305,0.98665,0.99356,0.99601,0.98085,0.99217,0.99733,0.99708,0.9744,0.986,0.97346,0.9786,0.99552,0.97128,0.98457,0.97034,0.98487,0.96938,0.97897,0.96967,0.99047,0.96982,0.99054,0.99173,0.94507,0.98734,0.94672,1,0.96982,0.98372,0.98894,0.94473,0.95846,0.99577,0.97452
0.99707,0.96797,0.97942,0.98524,0.98396,0.97269,0.96782,0.97216,0.99589,0.95024,0.9607,0.98356,0.98455,0.96261,0.96097,0.97768,0.9864,0.98273,0.964,0.97333,0.98865,0.97708,0.97166,0.97206,0.99492,0.98293,0.99611,0.99074,0.9719,0.99802,0.98488,0.99836,0.98452,0.99779,0.99043,0.99778,0.96081,0.99864,0.96085,0.96234,0.9744,0.95778,0.97608,0.96982,1,0.98503,0.97968,0.97398,0.98816,0.96618,0.99503
0.98257,0.98195,0.99282,0.97077,0.9959,0.98655,0.98179,0.98608,0.98853,0.96413,0.97467,0.96916,0.99627,0.97662,0.97491,0.99144,0.99624,0.9955,0.97795,0.98718,0.99505,0.99071,0.98556,0.98595,0.9895,0.99499,0.98855,0.99356,0.98576,0.9864,0.99598,0.98555,0.9959,0.98448,0.99383,0.98486,0.9748,0.98502,0.97483,0.9763,0.9601,0.97171,0.96174,0.98372,0.98503,1,0.99279,0.95976,0.9736,0.98012,0.98957
0.97722,0.98722,0.9961,0.96544,0.9943,0.99164,0.98704,0.99121,0.98325,0.96945,0.98,0.9638,0.99402,0.98191,0.98024,0.99577,0.99245,0.99534,0.98326,0.99223,0.99041,0.9951,0.9907,0.9911,0.98422,0.99431,0.98327,0.98842,0.99073,0.98109,0.99354,0.9802,0.99375,0.97919,0.98876,0.97952,0.98012,0.97967,0.98016,0.98154,0.95481,0.97702,0.95645,0.98894,0.97968,0.99279,1,0.95448,0.96826,0.98543,0.98431
0.97644,0.94293,0.95408,0.98816,0.95853,0.94752,0.94279,0.947,0.97037,0.92567,0.93585,0.9899,0.95907,0.93773,0.9361,0.95237,0.96087,0.95733,0.93906,0.94813,0.96306,0.95182,0.94651,0.9469,0.96938,0.95765,0.97039,0.9652,0.94683,0.97255,0.9594,0.97347,0.95909,0.97435,0.96485,0.97404,0.93596,0.97399,0.936,0.93747,0.99662,0.93302,0.99582,0.94473,0.97398,0.95976,0.95448,1,0.98535,0.94118,0.96933
0.99069,0.95662,0.96796,0.99675,0.97246,0.9613,0.95646,0.96076,0.98447,0.93907,0.94942,0.99482,0.97303,0.95129,0.9497,0.9662,0.97485,0.97122,0.95269,0.96193,0.9771,0.96563,0.96027,0.96066,0.98343,0.97151,0.98456,0.97913,0.96053,0.98679,0.9734,0.98762,0.97306,0.98851,0.97882,0.98815,0.94953,0.98822,0.94957,0.95105,0.98599,0.94655,0.98773,0.95846,0.98816,0.9736,0.96826,0.98535,1,0.95486,0.98348
0.96374,0.99768,0.98639,0.95204,0.98174,0.99322,0.99727,0.99368,0.96977,0.98337,0.99413,0.95036,0.98127,0.99549,0.99448,0.98814,0.9794,0.98301,0.99701,0.99258,0.97719,0.98858,0.99419,0.99384,0.97076,0.98237,0.96981,0.97495,0.99296,0.96764,0.98092,0.9667,0.98121,0.96575,0.97534,0.96605,0.99415,0.96619,0.99421,0.99512,0.94151,0.99105,0.94316,0.99577,0.96618,0.98012,0.98543,0.94118,0.95486,1,0.97087
0.9926,0.97267,0.98418,0.98055,0.98873,0.97742,0.9725,0.97688,0.99817,0.95483,0.96535,0.97884,0.98933,0.96726,0.96563,0.98241,0.99116,0.98748,0.96866,0.97806,0.99345,0.9818,0.97637,0.97678,0.99825,0.98761,0.9988,0.99528,0.97656,0.9966,0.98968,0.99554,0.98932,0.99445,0.99505,0.99466,0.96547,0.99507,0.96551,0.96699,0.96973,0.96242,0.97142,0.97452,0.99503,0.98957,0.98431,0.96933,0.98348,0.97087,1
