1,0.99261,0.99365,0.99288,0.9951,0.99356,0.99207,0.99325,0.99488,0.99183,0.9949,0.99319,0.98862,0.99303,0.99058,0.9907,0.99239,0.98877,0.9927,0.99486,0.99222,0.99421,0.99298,0.99102,0.98844,0.9918,0.99038,0.99183,0.99217,0.98568,0.99117,0.99138,0.99016,0.99188,0.9928,0.98949,0.99171,0.99285,0.99178,0.98861,0.98871,0.99027,0.98749,0.98784,0.99165,0.98807,0.99004,0.99108,0.99156,0.98557,0.99074
0.99261,1,0.99362,0.99461,0.99575,0.99516,0.99333,0.99455,0.99374,0.99281,0.99388,0.99349,0.98755,0.99292,0.99098,0.99242,0.99412,0.98771,0.99412,0.9941,0.99548,0.99403,0.99397,0.99292,0.98939,0.99288,0.99012,0.9937,0.99464,0.98705,0.99063,0.99101,0.99145,0.9943,0.99414,0.99116,0.99282,0.99277,0.99319,0.98804,0.99109,0.99088,0.98932,0.98606,0.99365,0.98965,0.99109,0.99246,0.99313,0.98525,0.99277
0.99365,0.99362,1,0.9912,0.9947,0.99425,0.98997,0.99209,0.99325,0.9899,0.99434,0.99275,0.98908,0.99399,0.99127,0.98884,0.99083,0.98833,0.99116,0.99291,0.99121,0.99597,0.99161,0.98875,0.98746,0.99211,0.98917,0.98982,0.99033,0.98632,0.99017,0.99077,0.99031,0.99102,0.99141,0.98922,0.99217,0.99094,0.98959,0.98866,0.98841,0.98793,0.98685,0.98661,0.992,0.9869,0.98858,0.98977,0.99141,0.98561,0.99119
0.99288,0.99461,0.9912,1,0.99417,0.99401,0.99649,0.99302,0.99339,0.99701,0.99255,0.99407,0.98629,0.99006,0.99175,0.99613,0.99795,0.98571,0.99797,0.99414,0.99659,0.99208,0.99715,0.99502,0.9885,0.99204,0.98842,0.99621,0.99685,0.98448,0.98859,0.9891,0.99123,0.99374,0.99642,0.98943,0.99213,0.99299,0.99598,0.98583,0.98907,0.99493,0.9876,0.98466,0.99085,0.98848,0.98936,0.99454,0.99421,0.98291,0.99397
0.9951,0.99575,0.9947,0.99417,1,0.99485,0.993,0.9951,0.99461,0.99276,0.99581,0.99369,0.98822,0.99349,0.99046,0.99186,0.99366,0.98905,0.99374,0.9952,0.99463,0.99507,0.99426,0.99274,0.98992,0.99234,0.99096,0.99347,0.99392,0.98719,0.99147,0.99197,0.99085,0.99307,0.99373,0.99049,0.99249,0.99324,0.9932,0.98913,0.99034,0.99078,0.98944,0.98757,0.99377,0.9894,0.99146,0.99181,0.99276,0.98665,0.99151
0.99356,0.99516,0.99425,0.99401,0.99485,1,0.99283,0.99394,0.99479,0.99312,0.99433,0.9946,0.98913,0.99235,0.99219,0.99167,0.99407,0.9893,0.99346,0.99393,0.99414,0.99417,0.99415,0.99184,0.98973,0.99463,0.98899,0.9931,0.9933,0.98649,0.99064,0.9909,0.9921,0.99352,0.99393,0.99134,0.99397,0.99331,0.99294,0.98874,0.99033,0.99086,0.98793,0.9866,0.9934,0.98951,0.9903,0.99368,0.99446,0.98408,0.99296
0.99207,0.99333,0.98997,0.99649,0.993,0.99283,1,0.9921,0.99299,0.9971,0.99114,0.99403,0.9866,0.99007,0.99198,0.99626,0.99668,0.98501,0.99599,0.99463,0.99469,0.99145,0.99679,0.99469,0.98754,0.99223,0.98868,0.99617,0.99594,0.9833,0.98921,0.9894,0.99198,0.99339,0.9969,0.99035,0.99189,0.99234,0.99649,0.98497,0.98876,0.99451,0.98668,0.98488,0.99055,0.98817,0.98961,0.99442,0.99378,0.98222,0.99351
0.99325,0.99455,0.99209,0.99302,0.9951,0.99394,0.9921,1,0.99309,0.99144,0.99427,0.99219,0.98747,0.99258,0.98826,0.9907,0.99229,0.99054,0.99227,0.99353,0.99481,0.99252,0.99233,0.99259,0.9923,0.99193,0.9921,0.9931,0.99359,0.98931,0.9921,0.99255,0.99005,0.9932,0.99262,0.99152,0.99206,0.99286,0.99238,0.99027,0.99324,0.99014,0.99172,0.98934,0.99514,0.99251,0.99361,0.99106,0.99132,0.98817,0.98963
0.99488,0.99374,0.99325,0.99339,0.99461,0.99479,0.99299,0.99309,1,0.99284,0.99463,0.9945,0.9917,0.99292,0.99292,0.99161,0.99322,0.98807,0.99309,0.99455,0.99273,0.99501,0.99367,0.99158,0.98814,0.99467,0.9898,0.99262,0.99276,0.98529,0.9913,0.99117,0.99162,0.99409,0.99392,0.99098,0.99339,0.99257,0.99308,0.98762,0.98989,0.99075,0.98766,0.987,0.99283,0.98806,0.99012,0.99306,0.99445,0.98476,0.99217
0.99183,0.99281,0.9899,0.99701,0.99276,0.99312,0.9971,0.99144,0.99284,1,0.99126,0.9938,0.98633,0.98904,0.99204,0.99631,0.99765,0.98473,0.99651,0.99366,0.99477,0.99105,0.99744,0.99431,0.98731,0.99202,0.98729,0.99608,0.99549,0.98286,0.98795,0.98849,0.99116,0.99258,0.99637,0.98901,0.99183,0.99206,0.99658,0.98454,0.98805,0.99517,0.98629,0.98401,0.98986,0.98744,0.98847,0.99473,0.99442,0.98152,0.99375
0.9949,0.99388,0.99434,0.99255,0.99581,0.99433,0.99114,0.99427,0.99463,0.99126,1,0.9926,0.98934,0.99301,0.98998,0.99013,0.99204,0.98948,0.99256,0.99396,0.99267,0.99498,0.99261,0.99079,0.98914,0.99257,0.99055,0.9916,0.9924,0.98775,0.99101,0.9925,0.99046,0.99165,0.9922,0.98954,0.99294,0.9924,0.99147,0.98986,0.99005,0.9893,0.98931,0.98757,0.99329,0.98899,0.99068,0.99076,0.99169,0.98759,0.99074
0.99319,0.99349,0.99275,0.99407,0.99369,0.9946,0.99403,0.99219,0.9945,0.9938,0.9926,1,0.98942,0.99229,0.99363,0.9923,0.99409,0.98632,0.99376,0.99461,0.99267,0.99432,0.99482,0.99084,0.98651,0.99532,0.98814,0.99309,0.99301,0.98354,0.98984,0.99082,0.99386,0.99294,0.99463,0.99031,0.99545,0.99169,0.99295,0.98621,0.98881,0.99048,0.98682,0.98536,0.99107,0.98715,0.98859,0.99319,0.99397,0.98287,0.99485
0.98862,0.98755,0.98908,0.98629,0.98822,0.98913,0.9866,0.98747,0.9917,0.98633,0.98934,0.98942,1,0.99,0.98953,0.98495,0.98631,0.98598,0.98617,0.98835,0.98585,0.99068,0.987,0.98475,0.98343,0.99156,0.98614,0.98584,0.98583,0.98225,0.98876,0.98852,0.98853,0.98825,0.98738,0.98823,0.98998,0.98655,0.9866,0.98508,0.98648,0.98406,0.98379,0.98585,0.98899,0.98392,0.98608,0.98735,0.9891,0.98314,0.98719
0.99303,0.99292,0.99399,0.99006,0.99349,0.99235,0.99007,0.99258,0.99292,0.98904,0.99301,0.99229,0.99,1,0.98975,0.98794,0.98966,0.98923,0.98989,0.99353,0.99015,0.99505,0.99052,0.98843,0.9873,0.99237,0.99115,0.98935,0.98984,0.98651,0.99375,0.99312,0.99071,0.99078,0.99082,0.99115,0.99241,0.99135,0.98915,0.98964,0.98967,0.98679,0.9875,0.98965,0.99339,0.98797,0.99026,0.98898,0.98966,0.98666,0.98979
0.99058,0.99098,0.99127,0.99175,0.99046,0.99219,0.99198,0.98826,0.99292,0.99204,0.98998,0.99363,0.98953,0.98975,1,0.99135,0.99193,0.98353,0.99223,0.99176,0.98986,0.9923,0.99281,0.9889,0.98389,0.99302,0.9858,0.99046,0.99046,0.98104,0.98746,0.98783,0.99181,0.99162,0.99293,0.98877,0.99181,0.98988,0.99101,0.98375,0.98577,0.99004,0.98319,0.98273,0.98849,0.98445,0.98588,0.99244,0.99353,0.97989,0.99446
0.9907,0.99242,0.98884,0.99613,0.99186,0.99167,0.99626,0.9907,0.99161,0.99631,0.99013,0.9923,0.98495,0.98794,0.99135,1,0.99592,0.98378,0.99628,0.99253,0.99437,0.98984,0.99606,0.99544,0.98718,0.99047,0.9875,0.99591,0.99589,0.9827,0.98724,0.98764,0.99042,0.99318,0.99595,0.9889,0.99027,0.99185,0.99643,0.98406,0.98754,0.99533,0.98593,0.98289,0.98896,0.98749,0.98854,0.9944,0.99318,0.98115,0.99319
0.99239,0.99412,0.99083,0.99795,0.99366,0.99407,0.99668,0.99229,0.99322,0.99765,0.99204,0.99409,0.98631,0.98966,0.99193,0.99592,1,0.98536,0.99688,0.99395,0.99582,0.99177,0.99721,0.99458,0.98795,0.99211,0.98769,0.9961,0.99596,0.98381,0.98822,0.98865,0.99141,0.99315,0.9962,0.98928,0.992,0.99245,0.99606,0.98522,0.98841,0.99489,0.98688,0.98418,0.99042,0.98785,0.98877,0.99489,0.9946,0.98218,0.99421
0.98877,0.98771,0.98833,0.98571,0.98905,0.9893,0.98501,0.99054,0.98807,0.98473,0.98948,0.98632,0.98598,0.98923,0.98353,0.98378,0.98536,1,0.98517,0.98742,0.98697,0.98819,0.98574,0.98623,0.99219,0.98725,0.98925,0.98586,0.98621,0.99109,0.9915,0.98936,0.98491,0.98715,0.98573,0.98861,0.98678,0.98986,0.98573,0.99484,0.98894,0.98392,0.98756,0.99168,0.99172,0.9907,0.9904,0.98601,0.98571,0.98758,0.98351
0.9927,0.99412,0.99116,0.99797,0.99374,0.99346,0.99599,0.99227,0.99309,0.99651,0.99256,0.99376,0.98617,0.98989,0.99223,0.99628,0.99688,0.98517,1,0.99397,0.99553,0.99207,0.99709,0.99438,0.98779,0.99185,0.98831,0.9956,0.99661,0.98414,0.98832,0.98925,0.99113,0.99338,0.9964,0.98903,0.99209,0.9929,0.99536,0.98564,0.98856,0.99468,0.98732,0.98419,0.99032,0.98812,0.98898,0.99414,0.99375,0.98264,0.99423
0.99486,0.9941,0.99291,0.99414,0.9952,0.99393,0.99463,0.99353,0.99455,0.99366,0.99396,0.99461,0.98835,0.99353,0.99176,0.99253,0.99395,0.98742,0.99397,1,0.99338,0.99441,0.99495,0.99233,0.98802,0.99346,0.99131,0.99365,0.99378,0.9853,0.99203,0.99274,0.99305,0.99257,0.99489,0.99144,0.99349,0.99318,0.99356,0.98779,0.98969,0.99121,0.98762,0.98723,0.99277,0.98882,0.99112,0.99269,0.99225,0.98481,0.9925
0.99222,0.99548,0.99121,0.99659,0.99463,0.99414,0.99469,0.99481,0.99273,0.99477,0.99267,0.99267,0.98585,0.99015,0.98986,0.99437,0.99582,0.98697,0.99553,0.99338,1,0.9914,0.99499,0.99544,0.99059,0.99155,0.98932,0.99616,0.99654,0.98634,0.98907,0.98967,0.99028,0.99411,0.99477,0.99009,0.99143,0.99269,0.99507,0.98685,0.99115,0.99382,0.98969,0.98551,0.9922,0.9904,0.99104,0.99339,0.99334,0.98436,0.99185
0.99421,0.99403,0.99597,0.99208,0.99507,0.99417,0.99145,0.99252,0.99501,0.99105,0.99498,0.99432,0.99068,0.99505,0.9923,0.98984,0.99177,0.98819,0.99207,0.99441,0.9914,1,0.99265,0.98952,0.98717,0.99359,0.98994,0.99064,0.99129,0.98602,0.99171,0.99193,0.99179,0.99192,0.99259,0.99021,0.99357,0.99183,0.99083,0.98871,0.9887,0.98859,0.98723,0.98732,0.99272,0.98728,0.98919,0.99096,0.99211,0.98571,0.99223
0.99298,0.99397,0.99161,0.99715,0.99426,0.99415,0.99679,0.99233,0.99367,0.99744,0.99261,0.99482,0.987,0.99052,0.99281,0.99606,0.99721,0.98574,0.99709,0.99495,0.99499,0.99265,1,0.99442,0.98789,0.99282,0.98859,0.99609,0.99586,0.98394,0.98921,0.98979,0.99211,0.99322,0.99705,0.99005,0.99282,0.99308,0.99627,0.98587,0.98853,0.99418,0.9868,0.98481,0.99088,0.98807,0.98941,0.9948,0.99441,0.98267,0.9944
0.99102,0.99292,0.98875,0.99502,0.99274,0.99184,0.99469,0.99259,0.99158,0.99431,0.99079,0.99084,0.98475,0.98843,0.9889,0.99544,0.99458,0.98623,0.99438,0.99233,0.99544,0.98952,0.99442,1,0.99052,0.98985,0.98954,0.99621,0.99615,0.98556,0.98896,0.98853,0.98911,0.99344,0.99424,0.9901,0.98936,0.99286,0.99601,0.98613,0.98955,0.99465,0.98802,0.98485,0.99096,0.99024,0.99134,0.99367,0.99197,0.98334,0.9904
0.98844,0.98939,0.98746,0.9885,0.98992,0.98973,0.98754,0.9923,0.98814,0.98731,0.98914,0.98651,0.98343,0.9873,0.98389,0.98718,0.98795,0.99219,0.98779,0.98802,0.99059,0.98717,0.98789,0.99052,1,0.9868,0.98984,0.98918,0.98953,0.99175,0.98964,0.98806,0.98474,0.98958,0.98801,0.9889,0.9863,0.99089,0.98873,0.99115,0.99071,0.98787,0.98954,0.98902,0.99171,0.99396,0.99221,0.98831,0.9874,0.98664,0.98454
0.9918,0.99288,0.99211,0.99204,0.99234,0.99463,0.99223,0.99193,0.99467,0.99202,0.99257,0.99532,0.99156,0.99237,0.99302,0.99047,0.99211,0.98725,0.99185,0.99346,0.99155,0.99359,0.99282,0.98985,0.9868,1,0.98851,0.99198,0.99178,0.98449,0.99096,0.99203,0.99417,0.9925,0.99289,0.99195,0.99609,0.99098,0.99172,0.98683,0.99076,0.989,0.98751,0.98586,0.99243,0.98818,0.98967,0.99276,0.99312,0.98323,0.99256
0.99038,0.99012,0.98917,0.98842,0.99096,0.98899,0.98868,0.9921,0.9898,0.98729,0.99055,0.98814,0.98614,0.99115,0.9858,0.9875,0.98769,0.98925,0.98831,0.99131,0.98932,0.98994,0.98859,0.98954,0.98984,0.98851,1,0.98886,0.98949,0.98944,0.99369,0.99217,0.98792,0.98987,0.98915,0.99144,0.98836,0.9904,0.9888,0.99015,0.99052,0.98672,0.98849,0.98962,0.99227,0.9911,0.99414,0.98785,0.98694,0.98904,0.98616
0.99183,0.9937,0.98982,0.99621,0.99347,0.9931,0.99617,0.9931,0.99262,0.99608,0.9916,0.99309,0.98584,0.98935,0.99046,0.99591,0.9961,0.98586,0.9956,0.99365,0.99616,0.99064,0.99609,0.99621,0.98918,0.99198,0.98886,1,0.99707,0.9846,0.98904,0.98992,0.99109,0.99379,0.99553,0.99063,0.99152,0.9924,0.99685,0.98571,0.99028,0.99435,0.98879,0.98462,0.99119,0.98988,0.99101,0.99434,0.99323,0.98297,0.99199
0.99217,0.99464,0.99033,0.99685,0.99392,0.9933,0.99594,0.99359,0.99276,0.99549,0.9924,0.99301,0.98583,0.98984,0.99046,0.99589,0.99596,0.98621,0.99661,0.99378,0.99654,0.99129,0.99586,0.99615,0.98953,0.99178,0.98949,0.99707,1,0.98553,0.98929,0.99009,0.99071,0.99438,0.99598,0.99012,0.99176,0.99318,0.99602,0.98652,0.99051,0.99416,0.98918,0.98501,0.99148,0.99015,0.99101,0.99405,0.99324,0.98372,0.99239
0.98568,0.98705,0.98632,0.98448,0.98719,0.98649,0.9833,0.98931,0.98529,0.98286,0.98775,0.98354,0.98225,0.98651,0.98104,0.9827,0.98381,0.99109,0.98414,0.9853,0.98634,0.98602,0.98394,0.98556,0.99175,0.98449,0.98944,0.9846,0.98553,1,0.9887,0.98754,0.9827,0.98581,0.98408,0.98625,0.98422,0.98706,0.98397,0.99204,0.98911,0.98299,0.98929,0.98746,0.98986,0.99075,0.98974,0.98423,0.98321,0.98977,0.98177
0.99117,0.99063,0.99017,0.98859,0.99147,0.99064,0.98921,0.9921,0.9913,0.98795,0.99101,0.98984,0.98876,0.99375,0.98746,0.98724,0.98822,0.9915,0.98832,0.99203,0.98907,0.99171,0.98921,0.98896,0.98964,0.99096,0.99369,0.98904,0.98929,0.9887,1,0.99356,0.98943,0.99029,0.98949,0.99323,0.99002,0.99169,0.98892,0.99149,0.99096,0.98659,0.98816,0.99151,0.99414,0.99099,0.99344,0.98908,0.98797,0.98714,0.98693
0.99138,0.99101,0.99077,0.9891,0.99197,0.9909,0.9894,0.99255,0.99117,0.98849,0.9925,0.99082,0.98852,0.99312,0.98783,0.98764,0.98865,0.98936,0.98925,0.99274,0.98967,0.99193,0.98979,0.98853,0.98806,0.99203,0.99217,0.98992,0.99009,0.98754,0.99356,1,0.99078,0.98971,0.98986,0.99175,0.99205,0.99057,0.9892,0.99036,0.9917,0.98645,0.9904,0.98902,0.99331,0.99083,0.99285,0.98871,0.98804,0.98757,0.98786
0.99016,0.99145,0.99031,0.99123,0.99085,0.9921,0.99198,0.99005,0.99162,0.99116,0.99046,0.99386,0.98853,0.99071,0.99181,0.99042,0.99141,0.98491,0.99113,0.99305,0.99028,0.99179,0.99211,0.98911,0.98474,0.99417,0.98792,0.99109,0.99071,0.9827,0.98943,0.99078,1,0.9903,0.99173,0.99177,0.99396,0.98959,0.99092,0.9853,0.9883,0.98825,0.98549,0.98373,0.98989,0.9868,0.98853,0.99184,0.99031,0.98178,0.99252
0.99188,0.9943,0.99102,0.99374,0.99307,0.99352,0.99339,0.9932,0.99409,0.99258,0.99165,0.99294,0.98825,0.99078,0.99162,0.99318,0.99315,0.98715,0.99338,0.99257,0.99411,0.99192,0.99322,0.99344,0.98958,0.9925,0.98987,0.99379,0.99438,0.98581,0.99029,0.98971,0.9903,1,0.99455,0.99158,0.9914,0.99259,0.99379,0.98704,0.99086,0.99196,0.98825,0.98593,0.99218,0.98989,0.99105,0.9937,0.99404,0.98388,0.99188
0.9928,0.99414,0.99141,0.99642,0.99373,0.99393,0.9969,0.99262,0.99392,0.99637,0.9922,0.99463,0.98738,0.99082,0.99293,0.99595,0.9962,0.98573,0.9964,0.99489,0.99477,0.99259,0.99705,0.99424,0.98801,0.99289,0.98915,0.99553,0.99598,0.98408,0.98949,0.98986,0.99173,0.99455,1,0.99045,0.99273,0.99315,0.99597,0.98593,0.98895,0.99386,0.98679,0.98534,0.99125,0.9884,0.98966,0.9947,0.9948,0.98282,0.99437
0.98949,0.99116,0.98922,0.98943,0.99049,0.99134,0.99035,0.99152,0.99098,0.98901,0.98954,0.99031,0.98823,0.99115,0.98877,0.9889,0.98928,0.98861,0.98903,0.99144,0.99009,0.99021,0.99005,0.9901,0.9889,0.99195,0.99144,0.99063,0.99012,0.98625,0.99323,0.99175,0.99177,0.99158,0.99045,1,0.99048,0.99071,0.99056,0.98854,0.99114,0.98752,0.98727,0.98763,0.99295,0.9913,0.99331,0.9908,0.9892,0.98432,0.98826
0.99171,0.99282,0.99217,0.99213,0.99249,0.99397,0.99189,0.99206,0.99339,0.99183,0.99294,0.99545,0.98998,0.99241,0.99181,0.99027,0.992,0.98678,0.99209,0.99349,0.99143,0.99357,0.99282,0.98936,0.9863,0.99609,0.98836,0.99152,0.99176,0.98422,0.99002,0.99205,0.99396,0.9914,0.99273,0.99048,1,0.99097,0.99124,0.98698,0.98984,0.98833,0.98741,0.98584,0.99145,0.98763,0.98891,0.99142,0.99218,0.98362,0.99311
0.99285,0.99277,0.99094,0.99299,0.99324,0.99331,0.99234,0.99286,0.99257,0.99206,0.9924,0.99169,0.98655,0.99135,0.98988,0.99185,0.99245,0.98986,0.9929,0.99318,0.99269,0.99183,0.99308,0.99286,0.99089,0.99098,0.9904,0.9924,0.99318,0.98706,0.99169,0.99057,0.98959,0.99259,0.99315,0.99071,0.99097,1,0.99249,0.99041,0.9891,0.99136,0.98736,0.98803,0.99247,0.99067,0.99098,0.99251,0.9913,0.98417,0.99058
0.99178,0.99319,0.98959,0.99598,0.9932,0.99294,0.99649,0.99238,0.99308,0.99658,0.99147,0.99295,0.9866,0.98915,0.99101,0.99643,0.99606,0.98573,0.99536,0.99356,0.99507,0.99083,0.99627,0.99601,0.98873,0.99172,0.9888,0.99685,0.99602,0.98397,0.98892,0.9892,0.99092,0.99379,0.99597,0.99056,0.99124,0.99249,1,0.98551,0.98901,0.99441,0.98726,0.98483,0.99092,0.98895,0.9904,0.99456,0.99404,0.98284,0.99241
0.98861,0.98804,0.98866,0.98583,0.98913,0.98874,0.98497,0.99027,0.98762,0.98454,0.98986,0.98621,0.98508,0.98964,0.98375,0.98406,0.98522,0.99484,0.98564,0.98779,0.98685,0.98871,0.98587,0.98613,0.99115,0.98683,0.99015,0.98571,0.98652,0.99204,0.99149,0.99036,0.9853,0.98704,0.98593,0.98854,0.98698,0.99041,0.98551,1,0.98843,0.98378,0.98778,0.99072,0.99121,0.99092,0.99029,0.98593,0.98497,0.98823,0.98396
0.98871,0.99109,0.98841,0.98907,0.99034,0.99033,0.98876,0.99324,0.98989,0.98805,0.99005,0.98881,0.98648,0.98967,0.98577,0.98754,0.98841,0.98894,0.98856,0.98969,0.99115,0.9887,0.98853,0.98955,0.99071,0.99076,0.99052,0.99028,0.99051,0.98911,0.99096,0.9917,0.9883,0.99086,0.98895,0.99114,0.98984,0.9891,0.98901,0.98843,1,0.98714,0.99318,0.98756,0.99304,0.99301,0.99347,0.98872,0.98824,0.9868,0.98616
0.99027,0.99088,0.98793,0.99493,0.99078,0.99086,0.99451,0.99014,0.99075,0.99517,0.9893,0.99048,0.98406,0.98679,0.99004,0.99533,0.99489,0.98392,0.99468,0.99121,0.99382,0.98859,0.99418,0.99465,0.98787,0.989,0.98672,0.99435,0.99416,0.98299,0.98659,0.98645,0.98825,0.99196,0.99386,0.98752,0.98833,0.99136,0.99441,0.98378,0.98714,1,0.98561,0.9831,0.9884,0.98741,0.98777,0.99379,0.99225,0.98082,0.99089
0.98749,0.98932,0.98685,0.9876,0.98944,0.98793,0.98668,0.99172,0.98766,0.98629,0.98931,0.98682,0.98379,0.9875,0.98319,0.98593,0.98688,0.98756,0.98732,0.98762,0.98969,0.98723,0.9868,0.98802,0.98954,0.98751,0.98849,0.98879,0.98918,0.98929,0.98816,0.9904,0.98549,0.98825,0.98679,0.98727,0.98741,0.98736,0.98726,0.98778,0.99318,0.98561,1,0.98575,0.99042,0.99118,0.99099,0.98621,0.98601,0.98805,0.98424
0.98784,0.98606,0.98661,0.98466,0.98757,0.9866,0.98488,0.98934,0.987,0.98401,0.98757,0.98536,0.98585,0.98965,0.98273,0.98289,0.98418,0.99168,0.98419,0.98723,0.98551,0.98732,0.98481,0.98485,0.98902,0.98586,0.98962,0.98462,0.98501,0.98746,0.99151,0.98902,0.98373,0.98593,0.98534,0.98763,0.98584,0.98803,0.98483,0.99072,0.98756,0.9831,0.98575,1,0.9902,0.98844,0.98907,0.98418,0.98449,0.98802,0.98238
0.99165,0.99365,0.992,0.99085,0.99377,0.9934,0.99055,0.99514,0.99283,0.98986,0.99329,0.99107,0.98899,0.99339,0.98849,0.98896,0.99042,0.99172,0.99032,0.99277,0.9922,0.99272,0.99088,0.99096,0.99171,0.99243,0.99227,0.99119,0.99148,0.98986,0.99414,0.99331,0.98989,0.99218,0.99125,0.99295,0.99145,0.99247,0.99092,0.99121,0.99304,0.9884,0.99042,0.9902,1,0.99228,0.99397,0.99055,0.99061,0.98799,0.9886
0.98807,0.98965,0.9869,0.98848,0.9894,0.98951,0.98817,0.99251,0.98806,0.98744,0.98899,0.98715,0.98392,0.98797,0.98445,0.98749,0.98785,0.9907,0.98812,0.98882,0.9904,0.98728,0.98807,0.99024,0.99396,0.98818,0.9911,0.98988,0.99015,0.99075,0.99099,0.99083,0.9868,0.98989,0.9884,0.9913,0.98763,0.99067,0.98895,0.99092,0.99301,0.98741,0.99118,0.98844,0.99228,1,0.99483,0.98863,0.98681,0.9862,0.98507
0.99004,0.99109,0.98858,0.98936,0.99146,0.9903,0.98961,0.99361,0.99012,0.98847,0.99068,0.98859,0.98608,0.99026,0.98588,0.98854,0.98877,0.9904,0.98898,0.99112,0.99104,0.98919,0.98941,0.99134,0.99221,0.98967,0.99414,0.99101,0.99101,0.98974,0.99344,0.99285,0.98853,0.99105,0.98966,0.99331,0.98891,0.99098,0.9904,0.99029,0.99347,0.98777,0.99099,0.98907,0.99397,0.99483,1,0.98914,0.98796,0.98784,0.98621
0.99108,0.99246,0.98977,0.99454,0.99181,0.99368,0.99442,0.99106,0.99306,0.99473,0.99076,0.99319,0.98735,0.98898,0.99244,0.9944,0.99489,0.98601,0.99414,0.99269,0.99339,0.99096,0.9948,0.99367,0.98831,0.99276,0.98785,0.99434,0.99405,0.98423,0.98908,0.98871,0.99184,0.9937,0.9947,0.9908,0.99142,0.99251,0.99456,0.98593,0.98872,0.99379,0.98621,0.98418,0.99055,0.98863,0.98914,1,0.99365,0.98129,0.9928
0.99156,0.99313,0.99141,0.99421,0.99276,0.99446,0.99378,0.99132,0.99445,0.99442,0.99169,0.99397,0.9891,0.98966,0.99353,0.99318,0.9946,0.98571,0.99375,0.99225,0.99334,0.99211,0.99441,0.99197,0.9874,0.99312,0.98694,0.99323,0.99324,0.98321,0.98797,0.98804,0.99031,0.99404,0.9948,0.9892,0.99218,0.9913,0.99404,0.98497,0.98824,0.99225,0.98601,0.98449,0.99061,0.98681,0.98796,0.99365,1,0.98203,0.99353
0.98557,0.98525,0.98561,0.98291,0.98665,0.98408,0.98222,0.98817,0.98476,0.98152,0.98759,0.98287,0.98314,0.98666,0.97989,0.98115,0.98218,0.98758,0.98264,0.98481,0.98436,0.98571,0.98267,0.98334,0.98664,0.98323,0.98904,0.98297,0.98372,0.98977,0.98714,0.98757,0.98178,0.98388,0.98282,0.98432,0.98362,0.98417,0.98284,0.98823,0.9868,0.98082,0.98805,0.98802,0.98799,0.9862,0.98784,0.98129,0.98203,1,0.98055
0.99074,0.99277,0.99119,0.99397,0.99151,0.99296,0.99351,0.98963,0.99217,0.99375,0.99074,0.99485,0.98719,0.98979,0.99446,0.99319,0.99421,0.98351,0.99423,0.9925,0.99185,0.99223,0.9944,0.9904,0.98454,0.99256,0.98616,0.99199,0.99239,0.98177,0.98693,0.98786,0.99252,0.99188,0.99437,0.98826,0.99311,0.99058,0.99241,0.98396,0.98616,0.99089,0.98424,0.98238,0.9886,0.98507,0.98621,0.9928,0.99353,0.98055,1
