1,0.98808,0.98787,0.98886,0.99347,0.99537,0.98958,0.99266,0.98687,0.98914,0.99386,0.98822,0.98698,0.98701,0.9958,0.9922,0.99405,0.99,0.9867,0.9913,0.99004,0.9932,0.99345,0.98966,0.98665,0.98413,0.98875,0.98735,0.99173,0.99282,0.99224,0.98526,0.98585,0.99202,0.99253,0.99152,0.98862,0.98999,0.98831,0.99052,0.99128,0.9896,0.98755,0.99272,0.98827,0.99002,0.98481,0.98743,0.99091,0.99461,0.99219
0.98808,1,0.99436,0.99709,0.99128,0.9884,0.98916,0.99417,0.99621,0.99491,0.98794,0.99656,0.9973,0.99715,0.98827,0.99418,0.99026,0.99029,0.9965,0.99424,0.9841,0.9941,0.99136,0.99282,0.97989,0.97809,0.99286,0.98548,0.99397,0.98462,0.99387,0.98372,0.98432,0.98758,0.98982,0.99215,0.99217,0.98893,0.98924,0.99279,0.98758,0.99275,0.98534,0.98843,0.99361,0.99539,0.98384,0.99457,0.98519,0.98836,0.99187
0.98787,0.99436,1,0.99393,0.99146,0.98847,0.99294,0.99256,0.99268,0.99219,0.98915,0.99322,0.99493,0.99456,0.988,0.99272,0.98995,0.98925,0.99258,0.99309,0.98586,0.99261,0.99006,0.99508,0.9803,0.9786,0.99379,0.98925,0.9935,0.98564,0.99201,0.98568,0.98538,0.98816,0.98951,0.99102,0.99189,0.98941,0.98889,0.99053,0.98812,0.99085,0.9884,0.9893,0.99349,0.99346,0.98582,0.99489,0.98737,0.98823,0.9913
0.98886,0.99709,0.99393,1,0.99112,0.98837,0.98933,0.99464,0.99722,0.99668,0.98793,0.99704,0.99655,0.9972,0.98865,0.99495,0.99028,0.99074,0.99715,0.99343,0.98398,0.99471,0.99263,0.99234,0.98009,0.97969,0.99341,0.98563,0.99431,0.98549,0.994,0.9826,0.98385,0.98767,0.99048,0.99334,0.99166,0.99067,0.98866,0.99374,0.98792,0.99398,0.98573,0.98862,0.99513,0.99586,0.98316,0.99437,0.98547,0.98889,0.99241
0.99347,0.99128,0.99146,0.99112,1,0.99436,0.99286,0.99427,0.98893,0.99064,0.99593,0.99101,0.99033,0.99016,0.99401,0.99305,0.99552,0.99027,0.98906,0.99501,0.9911,0.99476,0.99319,0.99379,0.9859,0.98127,0.99216,0.9893,0.99426,0.99059,0.9945,0.98781,0.98709,0.99194,0.99156,0.99178,0.99172,0.98957,0.99035,0.99146,0.99135,0.99096,0.98916,0.9939,0.99024,0.9924,0.98701,0.99065,0.99096,0.99308,0.99368
0.99537,0.9884,0.98847,0.98837,0.99436,1,0.99011,0.99255,0.98646,0.98811,0.99527,0.98799,0.98724,0.98697,0.994,0.99204,0.99432,0.98975,0.98631,0.99202,0.99157,0.99268,0.99168,0.99027,0.98796,0.98164,0.98832,0.98832,0.99134,0.99258,0.99211,0.98805,0.98705,0.99364,0.9904,0.98987,0.9899,0.98785,0.98937,0.98921,0.99082,0.98803,0.987,0.99363,0.98732,0.98967,0.98712,0.98794,0.99201,0.99357,0.99182
0.98958,0.98916,0.99294,0.98933,0.99286,0.99011,1,0.99082,0.98729,0.98853,0.99289,0.98872,0.98932,0.98911,0.98987,0.99023,0.99124,0.98776,0.98731,0.99132,0.99046,0.99094,0.98935,0.99443,0.98358,0.98102,0.99172,0.99304,0.99182,0.98902,0.99042,0.98822,0.98693,0.99024,0.98924,0.98963,0.99058,0.98971,0.98858,0.98852,0.98982,0.98864,0.99259,0.99163,0.99015,0.99028,0.98798,0.99112,0.99145,0.99022,0.99106
0.99266,0.99417,0.99256,0.99464,0.99427,0.99255,0.99082,1,0.99248,0.99354,0.99175,0.99337,0.99283,0.99276,0.99245,0.99612,0.99407,0.9915,0.99232,0.99544,0.98768,0.99663,0.99413,0.99329,0.98428,0.98105,0.99206,0.98744,0.99578,0.98872,0.99648,0.98561,0.98626,0.99082,0.99218,0.9934,0.99249,0.9908,0.99073,0.99373,0.99077,0.99281,0.98707,0.99239,0.99235,0.99573,0.98557,0.99235,0.98846,0.99215,0.99426
0.98687,0.99621,0.99268,0.99722,0.98893,0.98646,0.98729,0.99248,1,0.99568,0.98571,0.99609,0.99636,0.99698,0.98657,0.99329,0.98817,0.98954,0.99807,0.99153,0.98195,0.99257,0.99078,0.9904,0.97819,0.97834,0.99194,0.98387,0.9921,0.98362,0.99185,0.98091,0.9823,0.9858,0.98863,0.99172,0.99018,0.98937,0.98724,0.99236,0.9861,0.99237,0.98378,0.98647,0.9942,0.99412,0.98161,0.99354,0.9836,0.98682,0.99043
0.98914,0.99491,0.99219,0.99668,0.99064,0.98811,0.98853,0.99354,0.99568,1,0.98754,0.99687,0.99428,0.99553,0.98864,0.99487,0.98989,0.99134,0.99588,0.99223,0.98366,0.99465,0.99392,0.99077,0.97993,0.98144,0.99342,0.98529,0.9931,0.98584,0.99341,0.9816,0.98386,0.98794,0.99035,0.99476,0.99096,0.99124,0.98805,0.9938,0.98839,0.9946,0.98554,0.988,0.99507,0.99514,0.98265,0.99294,0.98556,0.98904,0.99258
0.99386,0.98794,0.98915,0.98793,0.99593,0.99527,0.99289,0.99175,0.98571,0.98754,1,0.98763,0.9871,0.98688,0.99413,0.99057,0.99447,0.9885,0.98572,0.99197,0.99381,0.9919,0.99105,0.99176,0.98805,0.98195,0.98952,0.99035,0.99162,0.99249,0.99177,0.9891,0.98744,0.99255,0.99025,0.98953,0.98984,0.98844,0.98923,0.98896,0.99126,0.98817,0.98983,0.9948,0.9876,0.98948,0.98784,0.98813,0.99296,0.99333,0.99174
0.98822,0.99656,0.99322,0.99704,0.99101,0.98799,0.98872,0.99337,0.99609,0.99687,0.98763,1,0.99568,0.99694,0.98805,0.99416,0.98992,0.99052,0.99674,0.99306,0.98364,0.99419,0.99262,0.99163,0.97973,0.9795,0.99392,0.98526,0.99312,0.98512,0.9937,0.98227,0.98359,0.9875,0.98977,0.99315,0.9913,0.98957,0.98814,0.99317,0.98758,0.99386,0.98525,0.98802,0.99394,0.99493,0.98285,0.99348,0.98507,0.98846,0.99196
0.98698,0.9973,0.99493,0.99655,0.99033,0.98724,0.98932,0.99283,0.99636,0.99428,0.9871,0.99568,1,0.99786,0.98702,0.9931,0.98927,0.98942,0.99625,0.99317,0.98332,0.99292,0.99017,0.99288,0.97902,0.97776,0.99296,0.98569,0.99301,0.98393,0.99209,0.98327,0.98405,0.98671,0.98877,0.99119,0.99171,0.989,0.98891,0.99152,0.98709,0.99181,0.98529,0.98757,0.99406,0.99444,0.98378,0.99515,0.98485,0.9871,0.99121
0.98701,0.99715,0.99456,0.9972,0.99016,0.98697,0.98911,0.99276,0.99698,0.99553,0.98688,0.99694,0.99786,1,0.98695,0.99331,0.98901,0.98973,0.99724,0.99259,0.98307,0.99311,0.99087,0.99228,0.9788,0.97854,0.99376,0.98563,0.99288,0.98411,0.99239,0.98249,0.98376,0.98656,0.98878,0.99192,0.99129,0.98942,0.98839,0.99206,0.98719,0.99272,0.98536,0.98744,0.99464,0.9948,0.98326,0.99479,0.98473,0.98728,0.99145
0.9958,0.98827,0.988,0.98865,0.99401,0.994,0.98987,0.99245,0.98657,0.98864,0.99413,0.98805,0.98702,0.98695,1,0.99116,0.99448,0.98914,0.98659,0.99207,0.9913,0.99258,0.99245,0.9901,0.98615,0.9825,0.98843,0.98678,0.99225,0.99048,0.99267,0.98598,0.98585,0.99079,0.99325,0.99139,0.98838,0.98903,0.98828,0.99062,0.99051,0.99013,0.98834,0.99233,0.98821,0.99002,0.98463,0.98737,0.99044,0.994,0.99162
0.9922,0.99418,0.99272,0.99495,0.99305,0.99204,0.99023,0.99612,0.99329,0.99487,0.99057,0.99416,0.9931,0.99331,0.99116,1,0.99257,0.99371,0.993,0.99416,0.98663,0.99668,0.99458,0.99227,0.98292,0.98143,0.99247,0.98726,0.99437,0.98871,0.99505,0.98444,0.98553,0.99095,0.99154,0.99481,0.99194,0.99144,0.98958,0.9936,0.99008,0.99304,0.98707,0.99093,0.99346,0.99519,0.98484,0.99271,0.98845,0.99167,0.99413
0.99405,0.99026,0.98995,0.99028,0.99552,0.99432,0.99124,0.99407,0.98817,0.98989,0.99447,0.98992,0.98927,0.98901,0.99448,0.99257,1,0.9897,0.98819,0.99505,0.99037,0.9941,0.99229,0.99281,0.98604,0.98139,0.99017,0.98788,0.99314,0.98983,0.99359,0.98784,0.98806,0.9921,0.99194,0.99155,0.9903,0.9891,0.9916,0.99054,0.99251,0.99035,0.9881,0.99257,0.98909,0.99189,0.98685,0.9892,0.99068,0.99399,0.9932
0.99,0.99029,0.98925,0.99074,0.99027,0.98975,0.98776,0.9915,0.98954,0.99134,0.9885,0.99052,0.98942,0.98973,0.98914,0.99371,0.9897,1,0.98937,0.99057,0.98526,0.99278,0.99174,0.98899,0.98282,0.98134,0.98963,0.98603,0.99074,0.98714,0.99103,0.9834,0.98481,0.9889,0.98879,0.99318,0.98864,0.98873,0.98783,0.98981,0.98869,0.99153,0.98743,0.98867,0.99116,0.99105,0.98389,0.98896,0.98717,0.98962,0.99129
0.9867,0.9965,0.99258,0.99715,0.98906,0.98631,0.98731,0.99232,0.99807,0.99588,0.98572,0.99674,0.99625,0.99724,0.98659,0.993,0.98819,0.98937,1,0.99164,0.98194,0.9925,0.99083,0.99052,0.97799,0.9781,0.99219,0.98364,0.99219,0.98341,0.99218,0.98086,0.98224,0.98578,0.98878,0.99174,0.99049,0.98901,0.98714,0.99255,0.98591,0.99289,0.98386,0.98644,0.99388,0.99411,0.98153,0.99368,0.98336,0.98689,0.99064
0.9913,0.99424,0.99309,0.99343,0.99501,0.99202,0.99132,0.99544,0.99153,0.99223,0.99197,0.99306,0.99317,0.99259,0.99207,0.99416,0.99505,0.99057,0.99164,1,0.9882,0.99536,0.99224,0.99484,0.98335,0.97911,0.99216,0.98728,0.99502,0.9871,0.99487,0.98724,0.98698,0.99069,0.99194,0.9924,0.99232,0.98881,0.99174,0.9918,0.9906,0.99198,0.98755,0.99111,0.99142,0.99468,0.98625,0.99212,0.9883,0.99142,0.99304
0.99004,0.9841,0.98586,0.98398,0.9911,0.99157,0.99046,0.98768,0.98195,0.98366,0.99381,0.98364,0.98332,0.98307,0.9913,0.98663,0.99037,0.98526,0.98194,0.9882,1,0.98744,0.98691,0.98799,0.98839,0.98011,0.98539,0.98877,0.9875,0.99006,0.98759,0.98963,0.98606,0.99074,0.98714,0.9862,0.98671,0.9847,0.98613,0.98505,0.98789,0.98475,0.98887,0.99072,0.9841,0.98562,0.98698,0.98485,0.9921,0.99001,0.98723
0.9932,0.9941,0.99261,0.99471,0.99476,0.99268,0.99094,0.99663,0.99257,0.99465,0.9919,0.99419,0.99292,0.99311,0.99258,0.99668,0.9941,0.99278,0.9925,0.99536,0.98744,1,0.9955,0.99317,0.98378,0.98223,0.99322,0.98781,0.99558,0.98902,0.99582,0.98537,0.98675,0.99117,0.99251,0.99472,0.99236,0.99119,0.99098,0.99339,0.99163,0.99363,0.98766,0.99181,0.9932,0.99531,0.98574,0.99228,0.98894,0.9924,0.99509
0.99345,0.99136,0.99006,0.99263,0.99319,0.99168,0.98935,0.99413,0.99078,0.99392,0.99105,0.99262,0.99017,0.99087,0.99245,0.99458,0.99229,0.99174,0.99083,0.99224,0.98691,0.9955,1,0.99021,0.98368,0.98382,0.99229,0.98665,0.99342,0.98994,0.99469,0.98301,0.98491,0.99049,0.9919,0.99474,0.99025,0.99175,0.98816,0.99393,0.99039,0.99328,0.98691,0.99121,0.99199,0.99335,0.98367,0.98996,0.98835,0.99229,0.99361
0.98966,0.99282,0.99508,0.99234,0.99379,0.99027,0.99443,0.99329,0.9904,0.99077,0.99176,0.99163,0.99288,0.99228,0.9901,0.99227,0.99281,0.98899,0.99052,0.99484,0.98799,0.99317,0.99021,1,0.98237,0.97912,0.99352,0.98958,0.99395,0.98693,0.99256,0.98765,0.98692,0.98949,0.9904,0.99058,0.99202,0.98944,0.99107,0.9902,0.99012,0.99042,0.9897,0.99111,0.99151,0.99311,0.98706,0.99299,0.98853,0.99005,0.99256
0.98665,0.97989,0.9803,0.98009,0.9859,0.98796,0.98358,0.98428,0.97819,0.97993,0.98805,0.97973,0.97902,0.9788,0.98615,0.98292,0.98604,0.98282,0.97799,0.98335,0.98839,0.98378,0.98368,0.98237,1,0.97999,0.98059,0.98444,0.983,0.98799,0.98363,0.98553,0.9836,0.98658,0.98265,0.98183,0.98249,0.98098,0.98323,0.98124,0.98533,0.98079,0.98256,0.98798,0.97938,0.98155,0.98444,0.97951,0.98695,0.98525,0.98364
0.98413,0.97809,0.9786,0.97969,0.98127,0.98164,0.98102,0.98105,0.97834,0.98144,0.98195,0.9795,0.97776,0.97854,0.9825,0.98143,0.98139,0.98134,0.9781,0.97911,0.98011,0.98223,0.98382,0.97912,0.97999,1,0.98102,0.98231,0.98077,0.98485,0.98077,0.97612,0.98069,0.98187,0.98155,0.98318,0.97932,0.98444,0.97925,0.98099,0.98472,0.98131,0.98132,0.98188,0.98117,0.98041,0.97862,0.97855,0.98352,0.98285,0.98297
0.98875,0.99286,0.99379,0.99341,0.99216,0.98832,0.99172,0.99206,0.99194,0.99342,0.98952,0.99392,0.99296,0.99376,0.98843,0.99247,0.99017,0.98963,0.99219,0.99216,0.98539,0.99322,0.99229,0.99352,0.98059,0.98102,1,0.98805,0.99232,0.98691,0.99217,0.98339,0.9845,0.9879,0.98922,0.99177,0.99073,0.99102,0.98854,0.99153,0.98913,0.99203,0.98836,0.98951,0.99323,0.99332,0.98414,0.99255,0.98667,0.98861,0.99247
0.98735,0.98548,0.98925,0.98563,0.9893,0.98832,0.99304,0.98744,0.98387,0.98529,0.99035,0.98526,0.98569,0.98563,0.98678,0.98726,0.98788,0.98603,0.98364,0.98728,0.98877,0.98781,0.98665,0.98958,0.98444,0.98231,0.98805,1,0.98813,0.98856,0.98687,0.9885,0.98833,0.98844,0.98582,0.98656,0.98729,0.98658,0.98662,0.98486,0.98974,0.98491,0.99011,0.99015,0.98659,0.98687,0.99,0.98703,0.99225,0.98703,0.98862
0.99173,0.99397,0.9935,0.99431,0.99426,0.99134,0.99182,0.99578,0.9921,0.9931,0.99162,0.99312,0.99301,0.99288,0.99225,0.99437,0.99314,0.99074,0.99219,0.99502,0.9875,0.99558,0.99342,0.99395,0.983,0.98077,0.99232,0.98813,1,0.98789,0.9958,0.98551,0.98589,0.98955,0.99269,0.99331,0.99194,0.9907,0.98958,0.99328,0.99007,0.99302,0.98822,0.99202,0.99302,0.99506,0.98525,0.99261,0.9884,0.99184,0.99388
0.99282,0.98462,0.98564,0.98549,0.99059,0.99258,0.98902,0.98872,0.98362,0.98584,0.99249,0.98512,0.98393,0.98411,0.99048,0.98871,0.98983,0.98714,0.98341,0.9871,0.99006,0.98902,0.98994,0.98693,0.98799,0.98485,0.98691,0.98856,0.98789,1,0.98848,0.98425,0.98423,0.99077,0.98761,0.9877,0.9865,0.98875,0.98522,0.98734,0.98883,0.98575,0.98682,0.99224,0.98549,0.98646,0.98472,0.98528,0.99203,0.99091,0.98945
0.99224,0.99387,0.99201,0.994,0.9945,0.99211,0.99042,0.99648,0.99185,0.99341,0.99177,0.9937,0.99209,0.99239,0.99267,0.99505,0.99359,0.99103,0.99218,0.99487,0.98759,0.99582,0.99469,0.99256,0.98363,0.98077,0.99217,0.98687,0.9958,0.98848,1,0.98478,0.98514,0.98997,0.99249,0.99372,0.99158,0.99038,0.98905,0.99504,0.98965,0.99361,0.98713,0.99249,0.99177,0.9948,0.98445,0.99164,0.98812,0.99242,0.99404
0.98526,0.98372,0.98568,0.9826,0.98781,0.98805,0.98822,0.98561,0.98091,0.9816,0.9891,0.98227,0.98327,0.98249,0.98598,0.98444,0.98784,0.9834,0.98086,0.98724,0.98963,0.98537,0.98301,0.98765,0.98553,0.97612,0.98339,0.9885,0.98551,0.98425,0.98478,1,0.99051,0.98843,0.98379,0.98296,0.98648,0.98085,0.98873,0.98155,0.98732,0.98177,0.98574,0.98723,0.98211,0.98416,0.99257,0.98418,0.98884,0.98567,0.98515
0.98585,0.98432,0.98538,0.98385,0.98709,0.98705,0.98693,0.98626,0.9823,0.98386,0.98744,0.98359,0.98405,0.98376,0.98585,0.98553,0.98806,0.98481,0.98224,0.98698,0.98606,0.98675,0.98491,0.98692,0.9836,0.98069,0.9845,0.98833,0.98589,0.98423,0.98514,0.99051,1,0.98851,0.98398,0.9849,0.98693,0.98285,0.99194,0.98251,0.99199,0.98325,0.98473,0.98656,0.98389,0.98593,0.99407,0.98461,0.9887,0.98563,0.98776
0.99202,0.98758,0.98816,0.98767,0.99194,0.99364,0.99024,0.99082,0.9858,0.98794,0.99255,0.9875,0.98671,0.98656,0.99079,0.99095,0.9921,0.9889,0.98578,0.99069,0.99074,0.99117,0.99049,0.98949,0.98658,0.98187,0.9879,0.98844,0.98955,0.99077,0.98997,0.98843,0.98851,1,0.9889,0.9895,0.99128,0.98721,0.98992,0.98756,0.99082,0.98708,0.98692,0.99078,0.98721,0.98931,0.98874,0.98833,0.99149,0.99192,0.99052
0.99253,0.98982,0.98951,0.99048,0.99156,0.9904,0.98924,0.99218,0.98863,0.99035,0.99025,0.98977,0.98877,0.98878,0.99325,0.99154,0.99194,0.98879,0.98878,0.99194,0.98714,0.99251,0.9919,0.9904,0.98265,0.98155,0.98922,0.98582,0.99269,0.98761,0.99249,0.98379,0.98398,0.9889,1,0.99252,0.9882,0.98965,0.98686,0.9915,0.98874,0.9919,0.98751,0.98987,0.98956,0.99077,0.98266,0.98855,0.98776,0.99169,0.99073
0.99152,0.99215,0.99102,0.99334,0.99178,0.98987,0.98963,0.9934,0.99172,0.99476,0.98953,0.99315,0.99119,0.99192,0.99139,0.99481,0.99155,0.99318,0.99174,0.9924,0.9862,0.99472,0.99474,0.99058,0.98183,0.98318,0.99177,0.98656,0.99331,0.9877,0.99372,0.98296,0.9849,0.9895,0.99252,1,0.9897,0.99203,0.98789,0.99365,0.98976,0.99548,0.98847,0.98939,0.99396,0.99366,0.98329,0.99089,0.98819,0.99183,0.99289
0.98862,0.99217,0.99189,0.99166,0.99172,0.9899,0.99058,0.99249,0.99018,0.99096,0.98984,0.9913,0.99171,0.99129,0.98838,0.99194,0.9903,0.98864,0.99049,0.99232,0.98671,0.99236,0.99025,0.99202,0.98249,0.97932,0.99073,0.98729,0.99194,0.9865,0.99158,0.98648,0.98693,0.99128,0.9882,0.9897,1,0.98759,0.99067,0.98933,0.98885,0.98902,0.98568,0.98967,0.99026,0.99251,0.9878,0.99375,0.98711,0.98885,0.99163
0.98999,0.98893,0.98941,0.99067,0.98957,0.98785,0.98971,0.9908,0.98937,0.99124,0.98844,0.98957,0.989,0.98942,0.98903,0.99144,0.9891,0.98873,0.98901,0.98881,0.9847,0.99119,0.99175,0.98944,0.98098,0.98444,0.99102,0.98658,0.9907,0.98875,0.99038,0.98085,0.98285,0.98721,0.98965,0.99203,0.98759,1,0.98586,0.99244,0.98839,0.99053,0.988,0.9891,0.9922,0.99072,0.98193,0.98969,0.98761,0.98943,0.99157
0.98831,0.98924,0.98889,0.98866,0.99035,0.98937,0.98858,0.99073,0.98724,0.98805,0.98923,0.98814,0.98891,0.98839,0.98828,0.98958,0.9916,0.98783,0.98714,0.99174,0.98613,0.99098,0.98816,0.99107,0.98323,0.97925,0.98854,0.98662,0.98958,0.98522,0.98905,0.98873,0.99194,0.98992,0.98686,0.98789,0.99067,0.98586,1,0.9864,0.9926,0.98708,0.98535,0.98855,0.98765,0.99051,0.9902,0.98874,0.98733,0.98803,0.99103
0.99052,0.99279,0.99053,0.99374,0.99146,0.98921,0.98852,0.99373,0.99236,0.9938,0.98896,0.99317,0.99152,0.99206,0.99062,0.9936,0.99054,0.98981,0.99255,0.9918,0.98505,0.99339,0.99393,0.9902,0.98124,0.98099,0.99153,0.98486,0.99328,0.98734,0.99504,0.98155,0.98251,0.98756,0.9915,0.99365,0.98933,0.99244,0.9864,1,0.98745,0.9936,0.98596,0.99009,0.99236,0.99334,0.98156,0.99109,0.98627,0.99037,0.99229
0.99128,0.98758,0.98812,0.98792,0.99135,0.99082,0.98982,0.99077,0.9861,0.98839,0.99126,0.98758,0.98709,0.98719,0.99051,0.99008,0.99251,0.98869,0.98591,0.9906,0.98789,0.99163,0.99039,0.99012,0.98533,0.98472,0.98913,0.98974,0.99007,0.98883,0.98965,0.98732,0.99199,0.99082,0.98874,0.98976,0.98885,0.98839,0.9926,0.98745,1,0.98781,0.98756,0.99091,0.98782,0.99043,0.98935,0.9872,0.99064,0.99009,0.99264
0.9896,0.99275,0.99085,0.99398,0.99096,0.98803,0.98864,0.99281,0.99237,0.9946,0.98817,0.99386,0.99181,0.99272,0.99013,0.99304,0.99035,0.99153,0.99289,0.99198,0.98475,0.99363,0.99328,0.99042,0.98079,0.98131,0.99203,0.98491,0.99302,0.98575,0.99361,0.98177,0.98325,0.98708,0.9919,0.99548,0.98902,0.99053,0.98708,0.9936,0.98781,1,0.98769,0.98847,0.99365,0.99309,0.98182,0.99077,0.98584,0.98999,0.99191
0.98755,0.98534,0.9884,0.98573,0.98916,0.987,0.99259,0.98707,0.98378,0.98554,0.98983,0.98525,0.98529,0.98536,0.98834,0.98707,0.9881,0.98743,0.98386,0.98755,0.98887,0.98766,0.98691,0.9897,0.98256,0.98132,0.98836,0.99011,0.98822,0.98682,0.98713,0.98574,0.98473,0.98692,0.98751,0.98847,0.98568,0.988,0.98535,0.98596,0.98756,0.98769,1,0.98866,0.9878,0.98667,0.98475,0.98654,0.98952,0.98848,0.98804
0.99272,0.98843,0.9893,0.98862,0.9939,0.99363,0.99163,0.99239,0.98647,0.988,0.9948,0.98802,0.98757,0.98744,0.99233,0.99093,0.99257,0.98867,0.98644,0.99111,0.99072,0.99181,0.99121,0.99111,0.98798,0.98188,0.98951,0.99015,0.99202,0.99224,0.99249,0.98723,0.98656,0.99078,0.98987,0.98939,0.98967,0.9891,0.98855,0.99009,0.99091,0.98847,0.98866,1,0.9877,0.99029,0.98702,0.98831,0.99136,0.99145,0.9926
0.98827,0.99361,0.99349,0.99513,0.99024,0.98732,0.99015,0.99235,0.9942,0.99507,0.9876,0.99394,0.99406,0.99464,0.98821,0.99346,0.98909,0.99116,0.99388,0.99142,0.9841,0.9932,0.99199,0.99151,0.97938,0.98117,0.99323,0.98659,0.99302,0.98549,0.99177,0.98211,0.98389,0.98721,0.98956,0.99396,0.99026,0.9922,0.98765,0.99236,0.98782,0.99365,0.9878,0.9877,1,0.99377,0.98309,0.9937,0.98624,0.98849,0.99179
0.99002,0.99539,0.99346,0.99586,0.9924,0.98967,0.99028,0.99573,0.99412,0.99514,0.98948,0.99493,0.99444,0.9948,0.99002,0.99519,0.99189,0.99105,0.99411,0.99468,0.98562,0.99531,0.99335,0.99311,0.98155,0.98041,0.99332,0.98687,0.99506,0.98646,0.9948,0.98416,0.98593,0.98931,0.99077,0.99366,0.99251,0.99072,0.99051,0.99334,0.99043,0.99309,0.98667,0.99029,0.99377,1,0.98492,0.99329,0.98677,0.99005,0.99378
0.98481,0.98384,0.98582,0.98316,0.98701,0.98712,0.98798,0.98557,0.98161,0.98265,0.98784,0.98285,0.98378,0.98326,0.98463,0.98484,0.98685,0.98389,0.98153,0.98625,0.98698,0.98574,0.98367,0.98706,0.98444,0.97862,0.98414,0.99,0.98525,0.98472,0.98445,0.99257,0.99407,0.98874,0.98266,0.98329,0.9878,0.98193,0.9902,0.98156,0.98935,0.98182,0.98475,0.98702,0.98309,0.98492,1,0.9851,0.98907,0.98466,0.98669
0.98743,0.99457,0.99489,0.99437,0.99065,0.98794,0.99112,0.99235,0.99354,0.99294,0.98813,0.99348,0.99515,0.99479,0.98737,0.99271,0.9892,0.98896,0.99368,0.99212,0.98485,0.99228,0.98996,0.99299,0.97951,0.97855,0.99255,0.98703,0.99261,0.98528,0.99164,0.98418,0.98461,0.98833,0.98855,0.99089,0.99375,0.98969,0.98874,0.99109,0.9872,0.99077,0.98654,0.98831,0.9937,0.99329,0.9851,1,0.98631,0.9881,0.99158
0.99091,0.98519,0.98737,0.98547,0.99096,0.99201,0.99145,0.98846,0.9836,0.98556,0.99296,0.98507,0.98485,0.98473,0.99044,0.98845,0.99068,0.98717,0.98336,0.9883,0.9921,0.98894,0.98835,0.98853,0.98695,0.98352,0.98667,0.99225,0.9884,0.99203,0.98812,0.98884,0.9887,0.99149,0.98776,0.98819,0.98711,0.98761,0.98733,0.98627,0.99064,0.98584,0.98952,0.99136,0.98624,0.98677,0.98907,0.98631,1,0.99058,0.98965
0.99461,0.98836,0.98823,0.98889,0.99308,0.99357,0.99022,0.99215,0.98682,0.98904,0.99333,0.98846,0.9871,0.98728,0.994,0.99167,0.99399,0.98962,0.98689,0.99142,0.99001,0.9924,0.99229,0.99005,0.98525,0.98285,0.98861,0.98703,0.99184,0.99091,0.99242,0.98567,0.98563,0.99192,0.99169,0.99183,0.98885,0.98943,0.98803,0.99037,0.99009,0.98999,0.98848,0.99145,0.98849,0.99005,0.98466,0.9881,0.99058,1,0.99152
0.99219,0.99187,0.9913,0.99241,0.99368,0.99182,0.99106,0.99426,0.99043,0.99258,0.99174,0.99196,0.99121,0.99145,0.99162,0.99413,0.9932,0.99129,0.99064,0.99304,0.98723,0.99509,0.99361,0.99256,0.98364,0.98297,0.99247,0.98862,0.99388,0.98945,0.99404,0.98515,0.98776,0.99052,0.99073,0.99289,0.99163,0.99157,0.99103,0.99229,0.99264,0.99191,0.98804,0.9926,0.99179,0.99378,0.98669,0.99158,0.98965,0.99152,1
