1,7.4163e-66,1.646e-100,8.2098e-06,1.5537e-71,1.9503e-08,2.9183e-103,5.086e-111,6.8749e-115,2.176e-127,1.0747e-47,8.0916e-195,8.9276e-60,8.6304e-74,4.9192e-09,8.2693e-68,2.3209e-92,1.8024e-102,7.718e-158,1.6253e-135,1.0197e-140,3.7633e-31,1.3768e-154,6.6649e-128,5.3343e-22,7.531e-149,4.9717e-227,1.0559e-270,1.223e-24,3.837e-10,2.9597e-131,1.1027e-48,9.8891e-42,1.406e-231,1.3327e-234,9.9348e-09,2.1852e-268,1.2119e-71,4.7063e-29,6.9002e-174,1.4739e-94,7.3885e-213,1.1537e-24,2.6607e-147,2.1238e-220,1.5225e-68,6.262e-12,4.4939e-125,1.766e-86,1.6472e-235,9.8364e-246
7.4163e-66,1,1.1716e-36,1.1997e-63,4.819e-11,7.701e-63,2.7926e-39,5.1377e-47,1.3625e-50,4.8426e-63,6.1488e-112,2.5732e-130,4.7537e-11,9.6691e-15,5.6784e-62,2.5654e-09,4.8972e-29,1.8826e-38,2.2431e-93,2.8736e-71,2.6598e-76,1.6266e-36,3.041e-90,1.0873e-63,1.9948e-45,3.6395e-85,2.2218e-162,4.4168e-206,2.9227e-43,1.3216e-62,6.2103e-67,2.8641e-29,3.9434e-27,5.5164e-167,5.2332e-170,2.2613e-63,7.8464e-204,7.9972e-136,4.4325e-57,2.1582e-109,2.478e-31,2.2e-148,1.9428e-43,5.786e-83,7.1264e-156,1.1829e-14,6.255e-63,5.2442e-61,7.338e-31,6.8404e-171,3.9326e-181
1.646e-100,1.1716e-36,1,2.4788e-98,8.3284e-31,2.6111e-97,2.1489e-08,7.9431e-14,4.4436e-17,1.4605e-28,1.0129e-146,1.5771e-95,3.9672e-42,1.9997e-31,1.1284e-96,2.5868e-34,1.466e-12,5.5157e-10,1.1364e-58,9.522e-37,9.8933e-42,7.4226e-71,1.7899e-55,1.8591e-29,7.8084e-80,8.4211e-52,1.1529e-127,3.1827e-171,9.0824e-78,3.1095e-97,7.3845e-33,4.8422e-60,6.3906e-61,3.1859e-132,3.7721e-135,8.7965e-98,4.0191e-169,1.176e-170,3.2881e-90,1.3701e-74,3.8929e-12,1.2168e-113,1.0245e-77,2.0377e-48,2.8293e-121,1.4381e-36,2.9356e-97,6.7721e-27,5.1396e-31,3.9349e-136,2.3316e-146
8.2098e-06,1.1997e-63,2.4788e-98,1,2.7129e-69,1.715e-08,5.65e-101,1.0236e-108,1.1168e-112,3.5334e-125,3.6295e-50,1.4372e-192,1.7347e-57,9.5711e-72,3.0252e-09,1.3241e-65,3.3368e-90,3.2274e-100,1.3512e-155,3.2225e-133,1.8262e-138,3.0164e-29,2.3793e-152,1.0753e-125,5.6359e-20,1.5398e-146,8.2866e-225,1.9373e-268,2.047e-22,7.3975e-09,5.5614e-129,1.0003e-46,7.228e-40,2.4744e-229,2.3251e-232,2.5353e-09,3.9128e-266,4.2674e-74,2.6219e-28,1.3061e-171,2.2717e-92,1.4422e-210,5.1351e-22,5.5657e-145,3.8178e-218,1.9259e-66,3.627e-12,8.9448e-123,2.182e-84,2.8751e-233,1.9262e-243
1.5537e-71,4.819e-11,8.3284e-31,2.7129e-69,1,2.1504e-68,2.8738e-33,5.4818e-41,7.21e-45,3.3801e-57,9.286e-118,1.7656e-124,2.5502e-14,3.5061e-14,8.5119e-68,4.856e-09,2.6579e-23,8.1917e-33,1.5964e-87,2.6849e-65,1.9006e-70,3.9742e-42,2.6199e-84,7.8081e-58,5.8458e-51,1.7211e-79,1.1943e-156,3.0363e-200,6.8047e-49,2.5417e-68,3.4754e-61,3.6463e-34,1.2943e-32,3.3182e-161,3.6337e-164,6.2696e-69,4.5444e-198,1.0299e-141,9.1692e-63,1.6806e-103,1.3894e-25,1.5853e-142,8.479e-49,4.9243e-77,3.7221e-150,2.7987e-15,1.564e-68,5.0911e-55,3.9165e-28,4.0064e-165,2.5334e-175
1.9503e-08,7.701e-63,2.6111e-97,1.715e-08,2.1504e-68,1,4.5647e-100,8.3532e-108,1.054e-111,3.729e-124,2.1473e-51,1.5317e-191,9.5553e-57,8.6737e-71,1.6374e-10,9.9079e-65,3.7175e-89,2.8213e-99,1.3909e-154,2.8418e-132,1.7195e-137,1.5219e-28,2.6428e-151,1.1981e-124,1.0492e-19,1.1634e-145,9.4878e-224,2.138e-267,1.952e-22,1.3442e-11,4.6563e-128,5.4109e-46,6.1588e-39,2.6912e-228,2.6596e-231,5.0685e-10,4.213e-265,2.7312e-75,2.421e-28,1.2918e-170,2.2813e-91,1.4281e-209,2.7906e-22,4.686e-144,3.9456e-217,1.4024e-65,6.348e-13,7.6257e-122,1.9802e-83,3.2656e-232,1.8979e-242
2.9183e-103,2.7926e-39,2.1489e-08,5.65e-101,2.8738e-33,4.5647e-100,1,3.9456e-09,2.4112e-14,1.1736e-25,1.2932e-149,1.7865e-92,1.859e-44,2.2799e-34,1.6102e-99,1.0239e-36,5.2517e-14,1.7436e-09,1.2383e-55,3.4113e-33,1.3784e-38,1.2441e-73,2.0831e-52,2.4666e-26,1.7512e-82,9.458e-49,6.5883e-125,2.8449e-168,1.8513e-80,6.0142e-100,1.0099e-29,8.276e-63,7.7647e-64,2.2425e-129,3.2925e-132,1.5145e-100,2.9343e-166,1.1933e-173,3.7147e-93,1.9055e-71,2.5662e-13,1.4413e-110,3.7018e-80,5.6917e-45,2.0152e-118,1.9459e-39,4.0749e-100,6.0382e-23,7.949e-33,2.9791e-133,2.259e-143
5.086e-111,5.1377e-47,7.9431e-14,1.0236e-108,5.4818e-41,8.3532e-108,3.9456e-09,1,1.9674e-09,1.365e-18,2.1635e-157,9.994e-85,3.6451e-52,8.9521e-42,2.7392e-107,2.2283e-44,4.0592e-21,1.5171e-13,5.5021e-48,1.9401e-25,4.6899e-31,2.058e-81,8.927e-45,3.6761e-19,3.1853e-90,1.3686e-41,2.7857e-117,1.5641e-160,3.3603e-88,1.0884e-107,1.2812e-22,2.6716e-70,1.4555e-71,1.064e-121,1.7322e-124,2.6807e-108,1.4284e-158,1.8779e-181,9.6764e-101,1.06e-63,8.4207e-20,8.3287e-103,7.4011e-88,3.1444e-37,8.5705e-111,6.6595e-47,7.4058e-108,4.237e-15,2.6456e-38,1.4654e-125,1.1958e-135
6.8749e-115,1.3625e-50,4.4436e-17,1.1168e-112,7.21e-45,1.054e-111,2.4112e-14,1.9674e-09,1,6.7861e-15,5.1322e-161,4.3744e-81,2.1886e-56,2.2903e-44,6.4046e-111,2.4827e-48,8.5428e-25,1.3717e-15,2.884e-44,4.5366e-23,1.8725e-27,3.6838e-85,2.2875e-41,6.1072e-16,3.2607e-94,1.234e-38,3.7626e-113,8.6889e-157,4.7968e-92,1.6996e-111,5.5872e-19,1.4939e-73,4.2213e-75,9.1411e-118,1.007e-120,3.5433e-112,1.1337e-154,6.433e-185,8.6523e-104,3.1948e-60,1.5932e-23,2.8449e-99,4.4599e-92,2.5692e-34,6.7942e-107,6.0104e-50,1.3321e-111,1.7417e-14,9.8131e-41,1.2511e-121,6.6664e-132
2.176e-127,4.8426e-63,1.4605e-28,3.5334e-125,3.3801e-57,3.729e-124,1.1736e-25,1.365e-18,6.7861e-15,1,1.4881e-173,1.2318e-68,9.2769e-69,1.1851e-56,1.8021e-123,8.6893e-61,9.6545e-37,4.9767e-27,6.0904e-32,6.8122e-12,1.5339e-15,1.2148e-97,5.4839e-29,1.9903e-08,1.1638e-106,2.2881e-28,1.0269e-100,3.0319e-144,1.5559e-104,5.2656e-124,6.7632e-10,8.9798e-86,1.5009e-87,2.5819e-105,3.5391e-108,1.3022e-124,3.1247e-142,1.7531e-197,3.4192e-116,1.0471e-47,5.0165e-35,8.7031e-87,1.6721e-104,2.9434e-22,1.7495e-94,3.4668e-62,4.8494e-124,1.138e-09,1.8102e-51,3.5291e-109,2.0988e-119
1.0747e-47,6.1488e-112,1.0129e-146,3.6295e-50,9.286e-118,2.1473e-51,1.2932e-149,2.1635e-157,5.1322e-161,1.4881e-173,1,4.9056e-241,3.0252e-106,2.9101e-119,1.3841e-51,4.0448e-114,1.3934e-138,1.5734e-148,4.9889e-204,7.3697e-182,6.4623e-187,2.9289e-77,7.7747e-201,4.3656e-174,1.7599e-68,7.14e-195,5.1628e-273,7.1575e-317,1.4259e-70,9.5468e-52,2.1906e-177,1.086e-92,1.8012e-87,1.1963e-277,9.0661e-281,3.8053e-51,2.0853e-314,2.6795e-26,7.4459e-65,3.8101e-220,9.5326e-141,4.486e-259,4.231e-71,1.334e-193,2.0758e-266,4.2972e-114,4.2648e-52,1.8148e-171,2.5397e-131,1.4067e-281,6.9891e-292
8.0916e-195,2.5732e-130,1.5771e-95,1.4372e-192,1.7656e-124,1.5317e-191,1.7865e-92,9.994e-85,4.3744e-81,1.2318e-68,4.9056e-241,1,5.3379e-136,1.2044e-123,6.7041e-191,5.7333e-128,1.0993e-103,8.0062e-94,2.4904e-38,2.3056e-60,3.077e-55,4.5604e-165,8.2268e-42,3.576e-68,4.987e-174,5.1308e-51,7.303e-35,8.3283e-77,6.5638e-172,2.3052e-191,4.5308e-65,2.1493e-152,6.1637e-155,6.3432e-39,5.4584e-41,5.1472e-192,1.4592e-75,5.0049e-265,6.7891e-183,3.6462e-22,9.0427e-102,8.5266e-21,9.4616e-172,9.5836e-49,4.4953e-30,4.6004e-129,2.0288e-191,8.8051e-71,2.5691e-115,2.2596e-42,2.9046e-52
8.9276e-60,4.7537e-11,3.9672e-42,1.7347e-57,2.5502e-14,9.5553e-57,1.859e-44,3.6451e-52,2.1886e-56,9.2769e-69,3.0252e-106,5.3379e-136,1,3.0049e-20,2.557e-56,1.4602e-10,3.3717e-34,2.7972e-44,4.3655e-99,1.2306e-76,5.5022e-82,1.2001e-30,8.0736e-96,2.7844e-69,4.3828e-39,1.2156e-90,2.2654e-168,7.5559e-212,2.8187e-37,9.782e-57,1.1445e-72,3.2754e-26,4.5423e-22,7.5319e-173,8.9889e-176,2.9773e-57,1.0763e-209,2.5622e-130,5.6837e-53,5.0604e-115,1.7629e-36,4.9588e-154,9.8357e-37,1.9337e-88,8.8812e-162,2.82e-17,4.0823e-57,3.3439e-66,5.9058e-35,9.2059e-177,6.5148e-187
8.6304e-74,9.6691e-15,1.9997e-31,9.5711e-72,3.5061e-14,8.6737e-71,2.2799e-34,8.9521e-42,2.2903e-44,1.1851e-56,2.9101e-119,1.2044e-123,3.0049e-20,1,1.3803e-69,3.0306e-15,1.1225e-24,1.6645e-32,8.4036e-87,2.5098e-65,7.2072e-70,1.0989e-44,6.9809e-84,1.6824e-57,9.3454e-54,4.9365e-79,2.9393e-155,3.5983e-199,2.1434e-51,1.7209e-70,1.5071e-60,1.1157e-35,8.874e-35,5.1246e-160,3.9933e-163,2.7057e-71,8.4871e-197,6.456e-143,1.1601e-63,7.4042e-103,8.9937e-27,1.012e-141,3.8261e-52,8.5132e-77,6.0833e-149,1.0181e-16,1.4443e-70,1.8273e-55,1.9155e-28,6.7196e-164,2.9171e-174
4.9192e-09,5.6784e-62,1.1284e-96,3.0252e-09,8.5119e-68,1.6374e-10,1.6102e-99,2.7392e-107,6.4046e-111,1.8021e-123,1.3841e-51,6.7041e-191,2.557e-56,1.3803e-69,1,4.2526e-64,1.4192e-88,1.7872e-98,6.6183e-154,9.3908e-132,8.724e-137,9.16e-28,1.0073e-150,5.2634e-124,1.1057e-19,5.4709e-145,6.3455e-223,9.7931e-267,1.5817e-21,7.5565e-11,2.6035e-127,9.577e-45,7.6323e-38,1.5049e-227,1.2268e-230,3.7766e-11,2.4108e-264,2.8298e-75,5.0569e-26,5.2578e-170,9.3491e-91,6.1289e-209,1.1888e-22,1.7357e-143,2.1894e-216,1.6721e-64,2.9955e-12,2.3269e-121,1.5263e-82,1.7801e-231,9.0795e-242
8.2693e-68,2.5654e-09,2.5868e-34,1.3241e-65,4.856e-09,9.9079e-65,1.0239e-36,2.2283e-44,2.4827e-48,8.6893e-61,4.0448e-114,5.7333e-128,1.4602e-10,3.0306e-15,4.2526e-64,1,1.9865e-26,2.094e-36,4.6694e-91,8.6003e-69,5.6264e-74,1.8772e-38,7.2532e-88,2.9646e-61,3.3109e-47,7.7384e-83,2.7515e-160,7.8545e-204,3.0351e-45,1.0934e-64,1.043e-64,1.7651e-31,4.4374e-29,8.2549e-165,9.3933e-168,2.8072e-65,1.2017e-201,3.7028e-138,1.1187e-59,4.6801e-107,6.4512e-29,4.6879e-146,4.8811e-45,1.493e-80,9.3413e-154,1.1408e-14,5.8457e-65,2.2224e-58,7.101e-30,1.0983e-168,6.7339e-179
2.3209e-92,4.8972e-29,1.466e-12,3.3368e-90,2.6579e-23,3.7175e-89,5.2517e-14,4.0592e-21,8.5428e-25,9.6545e-37,1.3934e-138,1.0993e-103,3.3717e-34,1.1225e-24,1.4192e-88,1.9865e-26,1,6.2937e-15,7.5252e-67,8.7658e-45,7.3878e-50,8.6531e-63,1.2897e-63,2.5676e-37,1.0119e-71,1.8859e-59,6.512e-136,2.016e-179,1.0568e-69,3.6803e-89,7.8427e-41,1.8556e-52,5.7491e-53,2.062e-140,2.3423e-143,1.1899e-89,2.5956e-177,1.456e-162,1.3222e-82,9.0709e-83,7.5155e-11,8.7406e-122,1.3356e-69,1.6616e-56,1.8803e-129,2.0564e-29,3.0633e-89,1.0289e-34,2.6297e-27,2.5466e-144,1.4901e-154
1.8024e-102,1.8826e-38,5.5157e-10,3.2274e-100,8.1917e-33,2.8213e-99,1.7436e-09,1.5171e-13,1.3717e-15,4.9767e-27,1.5734e-148,8.0062e-94,2.7972e-44,1.6645e-32,1.7872e-98,2.094e-36,6.2937e-15,1,5.7267e-57,1.9464e-35,4.4662e-40,7.944e-73,5.9933e-54,5.1246e-28,7.492e-82,2.6022e-50,9.7046e-126,1.932e-169,1.2728e-79,4.78e-99,4.8884e-31,1.5342e-61,9.5331e-63,2.1883e-130,2.1652e-133,8.8692e-100,2.7028e-167,2.2739e-172,1.395e-91,6.5166e-73,2.1986e-14,5.9182e-112,1.0233e-79,7.9356e-47,2.1029e-119,4.5382e-38,3.639e-99,6.1742e-26,3.8132e-32,2.7636e-134,1.5853e-144
7.718e-158,2.2431e-93,1.1364e-58,1.3512e-155,1.5964e-87,1.3909e-154,1.2383e-55,5.5021e-48,2.884e-44,6.0904e-32,4.9889e-204,2.4904e-38,4.3655e-99,8.4036e-87,6.6183e-154,4.6694e-91,7.5252e-67,5.7267e-57,1,4.2242e-24,4.991e-19,4.4454e-128,2.6166e-09,1.2259e-31,4.3864e-137,3.9286e-21,1.4858e-70,9.0104e-114,6.0002e-135,2.1382e-154,1.0206e-28,1.0558e-115,5.4598e-118,5.1479e-75,8.9579e-78,4.6413e-155,5.5818e-112,5.4975e-228,3.3124e-146,9.7876e-18,5.3712e-65,1.6407e-56,7.7157e-135,1.3198e-13,1.6143e-64,3.0662e-92,1.8553e-154,2.2727e-34,1.6435e-79,8.1387e-79,5.3979e-89
1.6253e-135,2.8736e-71,9.522e-37,3.2225e-133,2.6849e-65,2.8418e-132,3.4113e-33,1.9401e-25,4.5366e-23,6.8122e-12,7.3697e-182,2.3056e-60,1.2306e-76,2.5098e-65,9.3908e-132,8.6003e-69,8.7658e-45,1.9464e-35,4.2242e-24,1,3.1496e-09,7.4677e-106,4.8542e-21,8.3473e-12,1.0326e-114,2.6258e-22,4.8196e-93,4.5554e-136,1.1706e-112,3.9041e-132,8.9801e-11,4.5674e-94,6.4149e-96,2.1882e-97,4.6321e-100,9.5226e-133,2.8049e-134,6.5622e-206,1.289e-124,2.6328e-39,4.7118e-43,1.8863e-78,2.3776e-112,2.4428e-13,1.2115e-86,1.432e-70,2.8689e-132,7.858e-12,5.6752e-59,3.223e-101,3.1773e-111
1.0197e-140,2.6598e-76,9.8933e-42,1.8262e-138,1.9006e-70,1.7195e-137,1.3784e-38,4.6899e-31,1.8725e-27,1.5339e-15,6.4623e-187,3.077e-55,5.5022e-82,7.2072e-70,8.724e-137,5.6264e-74,7.3878e-50,4.4662e-40,4.991e-19,3.1496e-09,1,5.4586e-111,1.7089e-16,1.2709e-15,5.7834e-120,2.7725e-20,1.7569e-87,7.1889e-131,8.0599e-118,2.7251e-137,2.6411e-13,7.3003e-99,7.0634e-101,4.7562e-92,7.7998e-95,5.8191e-138,5.9e-129,7.2523e-211,2.6279e-129,2.4423e-34,4.324e-48,2.0562e-73,9.8433e-118,2.55e-10,2.6407e-81,2.6093e-75,2.326e-137,5.3246e-18,2.1164e-63,7.3391e-96,4.8964e-106
3.7633e-31,1.6266e-36,7.4226e-71,3.0164e-29,3.9742e-42,1.5219e-28,1.2441e-73,2.058e-81,3.6838e-85,1.2148e-97,2.9289e-77,4.5604e-165,1.2001e-30,1.0989e-44,9.16e-28,1.8772e-38,8.6531e-63,7.944e-73,4.4454e-128,7.4677e-106,5.4586e-111,1,7.9505e-125,3.4237e-98,2.2409e-12,2.2482e-119,3.354e-197,6.7878e-241,1.7828e-11,9.0572e-29,1.4275e-101,8.3215e-25,2.7509e-14,9.2871e-202,8.575e-205,5.482e-29,1.3366e-238,3.7262e-101,3.1844e-30,3.8831e-144,5.2728e-65,4.1271e-183,6.5655e-12,1.239e-117,1.2587e-190,1.1309e-39,3.556e-29,1.8057e-95,1.3737e-58,1.0465e-205,5.8965e-216
1.3768e-154,3.041e-90,1.7899e-55,2.3793e-152,2.6199e-84,2.6428e-151,2.0831e-52,8.927e-45,2.2875e-41,5.4839e-29,7.7747e-201,8.2268e-42,8.0736e-96,6.9809e-84,1.0073e-150,7.2532e-88,1.2897e-63,5.9933e-54,2.6166e-09,4.8542e-21,1.7089e-16,7.9505e-125,1,1.5425e-28,8.1925e-134,2.3216e-20,3.9088e-74,3.9056e-117,1.0026e-131,3.3446e-151,3.2578e-26,1.4494e-112,8.9419e-115,1.6569e-78,4.0174e-81,9.585e-152,1.8039e-115,8.0856e-225,2.9005e-143,4.0381e-21,9.3799e-62,8.1269e-60,1.469e-131,1.5426e-11,4.5625e-68,3.6709e-89,3.302e-151,3.4913e-31,1.2723e-76,2.1132e-82,1.9014e-92
6.6649e-128,1.0873e-63,1.8591e-29,1.0753e-125,7.8081e-58,1.1981e-124,2.4666e-26,3.6761e-19,6.1072e-16,1.9903e-08,4.3656e-174,3.576e-68,2.7844e-69,1.6824e-57,5.2634e-124,2.9646e-61,2.5676e-37,5.1246e-28,1.2259e-31,8.3473e-12,1.2709e-15,3.4237e-98,1.5425e-28,1,3.503e-107,2.6439e-28,1.8438e-100,8.0572e-144,4.3086e-105,1.465e-124,7.736e-11,2.1972e-86,3.8132e-88,5.8563e-105,8.8315e-108,3.9223e-125,7.6514e-142,4.4732e-198,7.5025e-117,2.4143e-47,8.1918e-36,2.5925e-86,5.4683e-105,5.2781e-22,3.6129e-94,7.4942e-63,1.2905e-124,1.4369e-09,6.6021e-52,8.7241e-109,5.0562e-119
5.3343e-22,1.9948e-45,7.8084e-80,5.6359e-20,5.8458e-51,1.0492e-19,1.7512e-82,3.1853e-90,3.2607e-94,1.1638e-106,1.7599e-68,4.987e-174,4.3828e-39,9.3454e-54,1.1057e-19,3.3109e-47,1.0119e-71,7.492e-82,4.3864e-137,1.0326e-114,5.7834e-120,2.2409e-12,8.1925e-134,3.503e-107,1,3.0968e-128,2.56e-206,6.6742e-250,2.5424e-08,2.5276e-20,1.4916e-110,2.432e-31,2.8307e-22,7.8931e-211,8.2039e-214,2.2719e-20,1.223e-247,1.7382e-92,1.4332e-27,4.3617e-153,6.0981e-74,4.5993e-192,5.8588e-07,1.6618e-126,1.0474e-199,1.3995e-48,2.3051e-21,2.9135e-104,6.3078e-67,9.3612e-215,6.0422e-225
7.531e-149,3.6395e-85,8.4211e-52,1.5398e-146,1.7211e-79,1.1634e-145,9.458e-49,1.3686e-41,1.234e-38,2.2881e-28,7.14e-195,5.1308e-51,1.2156e-90,4.9365e-79,5.4709e-145,7.7384e-83,1.8859e-59,2.6022e-50,3.9286e-21,2.6258e-22,2.7725e-20,2.2482e-119,2.3216e-20,2.6439e-28,3.0968e-128,1,2.5584e-82,7.3056e-125,4.0634e-126,2.5967e-145,7.3748e-26,3.0376e-107,1.2903e-109,1.8306e-86,2.1666e-89,4.2771e-146,4.6994e-123,8.5477e-219,1.1879e-137,3.1825e-32,1.0653e-57,3.7023e-68,6.3347e-126,2.063e-18,4.1987e-76,6.6319e-84,1.4317e-145,7.2189e-30,5.6553e-72,1.9824e-90,3.0139e-100
4.9717e-227,2.2218e-162,1.1529e-127,8.2866e-225,1.1943e-156,9.4878e-224,6.5883e-125,2.7857e-117,3.7626e-113,1.0269e-100,5.1628e-273,7.303e-35,2.2654e-168,2.9393e-155,6.3455e-223,2.7515e-160,6.512e-136,9.7046e-126,1.4858e-70,4.8196e-93,1.7569e-87,3.354e-197,3.9088e-74,1.8438e-100,2.56e-206,2.5584e-82,1,8.461e-46,4.5281e-204,1.7589e-223,4.1393e-97,4.7555e-184,6.2191e-187,8.4643e-13,1.0703e-13,3.2622e-224,7.5197e-45,8.0925e-297,2.5044e-214,6.7934e-55,5.9134e-134,5.3069e-21,3.7592e-204,2.1591e-81,7.4274e-17,8.0382e-161,1.7965e-223,1.4769e-103,9.0049e-147,3.0076e-14,5.6495e-23
1.0559e-270,4.4168e-206,3.1827e-171,1.9373e-268,3.0363e-200,2.138e-267,2.8449e-168,1.5641e-160,8.6889e-157,3.0319e-144,7.1575e-317,8.3283e-77,7.5559e-212,3.5983e-199,9.7931e-267,7.8545e-204,2.016e-179,1.932e-169,9.0104e-114,4.5554e-136,7.1889e-131,6.7878e-241,3.9056e-117,8.0572e-144,6.6742e-250,7.3056e-125,8.461e-46,1,9.5789e-248,3.5069e-267,1.4079e-140,8.9252e-228,1.0274e-230,3.6233e-41,4.6093e-37,7.5339e-268,1.0081e-15,0,3.1789e-258,1.3803e-97,1.9457e-177,2.5194e-59,1.2914e-247,2.4465e-124,2.5293e-53,1.3177e-204,3.4317e-267,1.4809e-146,4.4797e-190,5.2447e-37,7.7422e-27
1.223e-24,2.9227e-43,9.0824e-78,2.047e-22,6.8047e-49,1.952e-22,1.8513e-80,3.3603e-88,4.7968e-92,1.5559e-104,1.4259e-70,6.5638e-172,2.8187e-37,2.1434e-51,1.5817e-21,3.0351e-45,1.0568e-69,1.2728e-79,6.0002e-135,1.1706e-112,8.0599e-118,1.7828e-11,1.0026e-131,4.3086e-105,2.5424e-08,4.0634e-126,4.5281e-204,9.5789e-248,1,2.9922e-22,2.2463e-108,2.502e-29,2.5856e-20,1.2358e-208,1.1477e-211,5.5597e-23,1.9106e-245,1.9238e-94,7.1506e-27,5.689e-151,6.8683e-72,6.2321e-190,8.7343e-09,2.0596e-124,1.7892e-197,2.0459e-46,2.326e-23,2.9556e-102,6.0582e-65,1.4786e-212,8.9474e-223
3.837e-10,1.3216e-62,3.1095e-97,7.3975e-09,2.5417e-68,1.3442e-11,6.0142e-100,1.0884e-107,1.6996e-111,5.2656e-124,9.5468e-52,2.3052e-191,9.782e-57,1.7209e-70,7.5565e-11,1.0934e-64,3.6803e-89,4.78e-99,2.1382e-154,3.9041e-132,2.7251e-137,9.0572e-29,3.3446e-151,1.465e-124,2.5276e-20,2.5967e-145,1.7589e-223,3.5069e-267,2.9922e-22,1,8.8844e-128,9.2944e-46,5.5431e-39,4.8504e-228,4.0518e-231,3.0116e-12,7.8115e-265,2.2063e-75,2.4797e-27,1.9176e-170,2.4289e-91,2.3494e-209,1.4913e-22,7.5389e-144,7.8092e-217,3.4299e-65,1.2418e-13,9.4241e-122,2.7014e-83,5.6542e-232,3.4999e-242
2.9597e-131,6.2103e-67,7.3845e-33,5.5614e-129,3.4754e-61,4.6563e-128,1.0099e-29,1.2812e-22,5.5872e-19,6.7632e-10,2.1906e-177,4.5308e-65,1.1445e-72,1.5071e-60,2.6035e-127,1.043e-64,7.8427e-41,4.8884e-31,1.0206e-28,8.9801e-11,2.6411e-13,1.4275e-101,3.2578e-26,7.736e-11,1.4916e-110,7.3748e-26,4.1393e-97,1.4079e-140,2.2463e-108,8.8844e-128,1,1.6272e-89,1.522e-91,1.1697e-101,1.3574e-104,1.6027e-128,1.4109e-138,2.618e-201,6.7339e-120,2.9128e-44,3.5596e-39,3.5187e-83,2.5781e-108,3.1496e-19,7.9272e-91,5.1245e-66,6.4281e-128,2.2851e-12,6.1646e-55,1.5825e-105,1.0394e-115
1.1027e-48,2.8641e-29,4.8422e-60,1.0003e-46,3.6463e-34,5.4109e-46,8.276e-63,2.6716e-70,1.4939e-73,8.9798e-86,1.086e-92,2.1493e-152,3.2754e-26,1.1157e-35,9.577e-45,1.7651e-31,1.8556e-52,1.5342e-61,1.0558e-115,4.5674e-94,7.3003e-99,8.3215e-25,1.4494e-112,2.1972e-86,2.432e-31,3.0376e-107,4.7555e-184,8.9252e-228,2.502e-29,9.2944e-46,1.6272e-89,1,3.2372e-21,1.1044e-188,7.7451e-192,1.4408e-46,2.0295e-225,5.1005e-116,1.5083e-42,1.1862e-131,1.508e-54,2.5799e-170,1.6285e-30,1.5869e-105,1.279e-177,4.4685e-32,7.309e-46,5.1677e-84,3.5911e-49,1.1397e-192,7.121e-203
9.8891e-42,3.9434e-27,6.3906e-61,7.228e-40,1.2943e-32,6.1588e-39,7.7647e-64,1.4555e-71,4.2213e-75,1.5009e-87,1.8012e-87,6.1637e-155,4.5423e-22,8.874e-35,7.6323e-38,4.4374e-29,5.7491e-53,9.5331e-63,5.4598e-118,6.4149e-96,7.0634e-101,2.7509e-14,8.9419e-115,3.8132e-88,2.8307e-22,1.2903e-109,6.2191e-187,1.0274e-230,2.5856e-20,5.5431e-39,1.522e-91,3.2372e-21,1,1.3928e-191,1.2801e-194,1.8274e-39,2.2554e-228,3.1175e-111,1.8095e-36,4.7066e-134,3.1547e-55,5.2589e-173,1.5574e-21,1.1626e-107,1.8158e-180,1.3342e-30,3.7681e-39,1.3412e-85,9.0507e-50,1.7486e-195,8.5207e-206
1.406e-231,5.5164e-167,3.1859e-132,2.4744e-229,3.3182e-161,2.6912e-228,2.2425e-129,1.064e-121,9.1411e-118,2.5819e-105,1.1963e-277,6.3432e-39,7.5319e-173,5.1246e-160,1.5049e-227,8.2549e-165,2.062e-140,2.1883e-130,5.1479e-75,2.1882e-97,4.7562e-92,9.2871e-202,1.6569e-78,5.8563e-105,7.8931e-211,1.8306e-86,8.4643e-13,3.6233e-41,1.2358e-208,4.8504e-228,1.1697e-101,1.1044e-188,1.3928e-191,1,2.5956e-11,9.8087e-229,7.9606e-41,1.5621e-301,4.0201e-219,3.4855e-59,1.8905e-138,2.1173e-23,1.3075e-208,9.4066e-86,7.2282e-20,1.8754e-165,4.7151e-228,7.2437e-108,2.6676e-151,1.5075e-12,5.763e-19
1.3327e-234,5.2332e-170,3.7721e-135,2.3251e-232,3.6337e-164,2.6596e-231,3.2925e-132,1.7322e-124,1.007e-120,3.5391e-108,9.0661e-281,5.4584e-41,8.9889e-176,3.9933e-163,1.2268e-230,9.3933e-168,2.3423e-143,2.1652e-133,8.9579e-78,4.6321e-100,7.7998e-95,8.575e-205,4.0174e-81,8.8315e-108,8.2039e-214,2.1666e-89,1.0703e-13,4.6093e-37,1.1477e-211,4.0518e-231,1.3574e-104,7.7451e-192,1.2801e-194,2.5956e-11,1,9.3821e-232,2.2737e-37,1.0084e-304,2.612e-222,1.3674e-61,2.1623e-141,1.3622e-24,1.4937e-211,2.2647e-88,3.5851e-21,1.3447e-168,4.1461e-231,1.5316e-110,2.4897e-154,1.6423e-09,1.1835e-14
9.9348e-09,2.2613e-63,8.7965e-98,2.5353e-09,6.2696e-69,5.0685e-10,1.5145e-100,2.6807e-108,3.5433e-112,1.3022e-124,3.8053e-51,5.1472e-192,2.9773e-57,2.7057e-71,3.7766e-11,2.8072e-65,1.1899e-89,8.8692e-100,4.6413e-155,9.5226e-133,5.8191e-138,5.482e-29,9.585e-152,3.9223e-125,2.2719e-20,4.2771e-146,3.2622e-224,7.5339e-268,5.5597e-23,3.0116e-12,1.6027e-128,1.4408e-46,1.8274e-39,9.8087e-229,9.3821e-232,1,1.448e-265,6.3709e-75,3.5651e-29,4.3746e-171,7.2868e-92,4.9275e-210,5.4912e-23,1.5284e-144,1.3165e-217,5.0655e-66,7.2494e-13,2.4529e-122,7.3448e-84,1.102e-232,6.4489e-243
2.1852e-268,7.8464e-204,4.0191e-169,3.9128e-266,4.5444e-198,4.213e-265,2.9343e-166,1.4284e-158,1.1337e-154,3.1247e-142,2.0853e-314,1.4592e-75,1.0763e-209,8.4871e-197,2.4108e-264,1.2017e-201,2.5956e-177,2.7028e-167,5.5818e-112,2.8049e-134,5.9e-129,1.3366e-238,1.8039e-115,7.6514e-142,1.223e-247,4.6994e-123,7.5197e-45,1.0081e-15,1.9106e-245,7.8115e-265,1.4109e-138,2.0295e-225,2.2554e-228,7.9606e-41,2.2737e-37,1.448e-265,1,0,1.0198e-255,4.4783e-96,2.4302e-175,1.1142e-58,2.0872e-245,1.394e-122,1.9519e-52,2.7426e-202,7.5494e-265,1.0175e-144,7.3873e-188,7.0796e-37,2.7448e-28
1.2119e-71,7.9972e-136,1.176e-170,4.2674e-74,1.0299e-141,2.7312e-75,1.1933e-173,1.8779e-181,6.433e-185,1.7531e-197,2.6795e-26,5.0049e-265,2.5622e-130,6.456e-143,2.8298e-75,3.7028e-138,1.456e-162,2.2739e-172,5.4975e-228,6.5622e-206,7.2523e-211,3.7262e-101,8.0856e-225,4.4732e-198,1.7382e-92,8.5477e-219,8.0925e-297,0,1.9238e-94,2.2063e-75,2.618e-201,5.1005e-116,3.1175e-111,1.5621e-301,1.0084e-304,6.3709e-75,0,1,5.406e-87,3.772e-244,1.0511e-164,4.4517e-283,3.4439e-95,1.2328e-217,2.9361e-290,8.9611e-138,1.2814e-75,1.4671e-195,6.5738e-155,1.7771e-305,8.0385e-316
4.7063e-29,4.4325e-57,3.2881e-90,2.6219e-28,9.1692e-63,2.421e-28,3.7147e-93,9.6764e-101,8.6523e-104,3.4192e-116,7.4459e-65,6.7891e-183,5.6837e-53,1.1601e-63,5.0569e-26,1.1187e-59,1.3222e-82,1.395e-91,3.3124e-146,1.289e-124,2.6279e-129,3.1844e-30,2.9005e-143,7.5025e-117,1.4332e-27,1.1879e-137,2.5044e-214,3.1789e-258,7.1506e-27,2.4797e-27,6.7339e-120,1.5083e-42,1.8095e-36,4.0201e-219,2.612e-222,3.5651e-29,1.0198e-255,5.406e-87,1,3.3548e-162,9.5767e-85,6.4685e-201,2.6745e-29,4.3871e-136,6.2556e-208,3.0884e-59,3.0401e-28,1.3906e-114,3.8563e-77,5.5681e-223,2.6317e-233
6.9002e-174,2.1582e-109,1.3701e-74,1.3061e-171,1.6806e-103,1.2918e-170,1.9055e-71,1.06e-63,3.1948e-60,1.0471e-47,3.8101e-220,3.6462e-22,5.0604e-115,7.4042e-103,5.2578e-170,4.6801e-107,9.0709e-83,6.5166e-73,9.7876e-18,2.6328e-39,2.4423e-34,3.8831e-144,4.0381e-21,2.4143e-47,4.3617e-153,3.1825e-32,6.7934e-55,1.3803e-97,5.689e-151,1.9176e-170,2.9128e-44,1.1862e-131,4.7066e-134,3.4855e-59,1.3674e-61,4.3746e-171,4.4783e-96,3.772e-244,3.3548e-162,1,7.2914e-81,2.0208e-40,9.0058e-151,1.0207e-27,5.1016e-49,2.7563e-108,1.6496e-170,9.1071e-50,5.5689e-95,6.9741e-63,7.2612e-73
1.4739e-94,2.478e-31,3.8929e-12,2.2717e-92,1.3894e-25,2.2813e-91,2.5662e-13,8.4207e-20,1.5932e-23,5.0165e-35,9.5326e-141,9.0427e-102,1.7629e-36,8.9937e-27,9.3491e-91,6.4512e-29,7.5155e-11,2.1986e-14,5.3712e-65,4.7118e-43,4.324e-48,5.2728e-65,9.3799e-62,8.1918e-36,6.0981e-74,1.0653e-57,5.9134e-134,1.9457e-177,6.8683e-72,2.4289e-91,3.5596e-39,1.508e-54,3.1547e-55,1.8905e-138,2.1623e-141,7.2868e-92,2.4302e-175,1.0511e-164,9.5767e-85,7.2914e-81,1,8.6384e-120,8.8803e-72,1.0618e-54,1.6675e-127,9.7543e-32,2.0548e-91,4.4322e-33,2.743e-28,2.2137e-142,1.4105e-152
7.3885e-213,2.2e-148,1.2168e-113,1.4422e-210,1.5853e-142,1.4281e-209,1.4413e-110,8.3287e-103,2.8449e-99,8.7031e-87,4.486e-259,8.5266e-21,4.9588e-154,1.012e-141,6.1289e-209,4.6879e-146,8.7406e-122,5.9182e-112,1.6407e-56,1.8863e-78,2.0562e-73,4.1271e-183,8.1269e-60,2.5925e-86,4.5993e-192,3.7023e-68,5.3069e-21,2.5194e-59,6.2321e-190,2.3494e-209,3.5187e-83,2.5799e-170,5.2589e-173,2.1173e-23,1.3622e-24,4.9275e-210,1.1142e-58,4.4517e-283,6.4685e-201,2.0208e-40,8.6384e-120,1,9.696e-190,7.9286e-67,4.7522e-19,4.5521e-147,2.0809e-209,7.6006e-89,4.3372e-133,1.6699e-26,1.9007e-35
1.1537e-24,1.9428e-43,1.0245e-77,5.1351e-22,8.479e-49,2.7906e-22,3.7018e-80,7.4011e-88,4.4599e-92,1.6721e-104,4.231e-71,9.4616e-172,9.8357e-37,3.8261e-52,1.1888e-22,4.8811e-45,1.3356e-69,1.0233e-79,7.7157e-135,2.3776e-112,9.8433e-118,6.5655e-12,1.469e-131,5.4683e-105,5.8588e-07,6.3347e-126,3.7592e-204,1.2914e-247,8.7343e-09,1.4913e-22,2.5781e-108,1.6285e-30,1.5574e-21,1.3075e-208,1.4937e-211,5.4912e-23,2.0872e-245,3.4439e-95,2.6745e-29,9.0058e-151,8.8803e-72,9.696e-190,1,3.9817e-124,1.8238e-197,5.801e-47,5.872e-24,7.248e-102,3.8416e-65,1.6009e-212,1.2139e-222
2.6607e-147,5.786e-83,2.0377e-48,5.5657e-145,4.9243e-77,4.686e-144,5.6917e-45,3.1444e-37,2.5692e-34,2.9434e-22,1.334e-193,9.5836e-49,1.9337e-88,8.5132e-77,1.7357e-143,1.493e-80,1.6616e-56,7.9356e-47,1.3198e-13,2.4428e-13,2.55e-10,1.239e-117,1.5426e-11,5.2781e-22,1.6618e-126,2.063e-18,2.1591e-81,2.4465e-124,2.0596e-124,7.5389e-144,3.1496e-19,1.5869e-105,1.1626e-107,9.4066e-86,2.2647e-88,1.5284e-144,1.394e-122,1.2328e-217,4.3871e-136,1.0207e-27,1.0618e-54,7.9286e-67,3.9817e-124,1,4.3224e-75,3.9366e-82,5.1906e-144,1.8325e-23,7.5742e-70,1.5365e-89,1.6985e-99
2.1238e-220,7.1264e-156,2.8293e-121,3.8178e-218,3.7221e-150,3.9456e-217,2.0152e-118,8.5705e-111,6.7942e-107,1.7495e-94,2.0758e-266,4.4953e-30,8.8812e-162,6.0833e-149,2.1894e-216,9.3413e-154,1.8803e-129,2.1029e-119,1.6143e-64,1.2115e-86,2.6407e-81,1.2587e-190,4.5625e-68,3.6129e-94,1.0474e-199,4.1987e-76,7.4274e-17,2.5293e-53,1.7892e-197,7.8092e-217,7.9272e-91,1.279e-177,1.8158e-180,7.2282e-20,3.5851e-21,1.3165e-217,1.9519e-52,2.9361e-290,6.2556e-208,5.1016e-49,1.6675e-127,4.7522e-19,1.8238e-197,4.3224e-75,1,2.1628e-154,6.3654e-217,4.3421e-97,1.3372e-140,7.4799e-22,1.625e-30
1.5225e-68,1.1829e-14,1.4381e-36,1.9259e-66,2.7987e-15,1.4024e-65,1.9459e-39,6.6595e-47,6.0104e-50,3.4668e-62,4.2972e-114,4.6004e-129,2.82e-17,1.0181e-16,1.6721e-64,1.1408e-14,2.0564e-29,4.5382e-38,3.0662e-92,1.432e-70,2.6093e-75,1.1309e-39,3.6709e-89,7.4942e-63,1.3995e-48,6.6319e-84,8.0382e-161,1.3177e-204,2.0459e-46,3.4299e-65,5.1245e-66,4.4685e-32,1.3342e-30,1.8754e-165,1.3447e-168,5.0655e-66,2.7426e-202,8.9611e-138,3.0884e-59,2.7563e-108,9.7543e-32,4.5521e-147,5.801e-47,3.9366e-82,2.1628e-154,1,1.7427e-65,1.2283e-60,1.2653e-31,2.0535e-169,1.0379e-179
6.262e-12,6.255e-63,2.9356e-97,3.627e-12,1.564e-68,6.348e-13,4.0749e-100,7.4058e-108,1.3321e-111,4.8494e-124,4.2648e-52,2.0288e-191,4.0823e-57,1.4443e-70,2.9955e-12,5.8457e-65,3.0633e-89,3.639e-99,1.8553e-154,2.8689e-132,2.326e-137,3.556e-29,3.302e-151,1.2905e-124,2.3051e-21,1.4317e-145,1.7965e-223,3.4317e-267,2.326e-23,1.2418e-13,6.4281e-128,7.309e-46,3.7681e-39,4.7151e-228,4.1461e-231,7.2494e-13,7.5494e-265,1.2814e-75,3.0401e-28,1.6496e-170,2.0548e-91,2.0809e-209,5.872e-24,5.1906e-144,6.3654e-217,1.7427e-65,1,6.8473e-122,1.8272e-83,5.2832e-232,3.069e-242
4.4939e-125,5.2442e-61,6.7721e-27,8.9448e-123,5.0911e-55,7.6257e-122,6.0382e-23,4.237e-15,1.7417e-14,1.138e-09,1.8148e-171,8.8051e-71,3.3439e-66,1.8273e-55,2.3269e-121,2.2224e-58,1.0289e-34,6.1742e-26,2.2727e-34,7.858e-12,5.3246e-18,1.8057e-95,3.4913e-31,1.4369e-09,2.9135e-104,7.2189e-30,1.4769e-103,1.4809e-146,2.9556e-102,9.4241e-122,2.2851e-12,5.1677e-84,1.3412e-85,7.2437e-108,1.5316e-110,2.4529e-122,1.0175e-144,1.4671e-195,1.3906e-114,9.1071e-50,4.4322e-33,7.6006e-89,7.248e-102,1.8325e-23,4.3421e-97,1.2283e-60,6.8473e-122,1,5.6585e-50,1.0761e-111,1.0136e-121
1.766e-86,7.338e-31,5.1396e-31,2.182e-84,3.9165e-28,1.9802e-83,7.949e-33,2.6456e-38,9.8131e-41,1.8102e-51,2.5397e-131,2.5691e-115,5.9058e-35,1.9155e-28,1.5263e-82,7.101e-30,2.6297e-27,3.8132e-32,1.6435e-79,5.6752e-59,2.1164e-63,1.3737e-58,1.2723e-76,6.6021e-52,6.3078e-67,5.6553e-72,9.0049e-147,4.4797e-190,6.0582e-65,2.7014e-83,6.1646e-55,3.5911e-49,9.0507e-50,2.6676e-151,2.4897e-154,7.3448e-84,7.3873e-188,6.5738e-155,3.8563e-77,5.5689e-95,2.743e-28,4.3372e-133,3.8416e-65,7.5742e-70,1.3372e-140,1.2653e-31,1.8272e-83,5.6585e-50,1,3.4634e-155,2.2035e-165
1.6472e-235,6.8404e-171,3.9349e-136,2.8751e-233,4.0064e-165,3.2656e-232,2.9791e-133,1.4654e-125,1.2511e-121,3.5291e-109,1.4067e-281,2.2596e-42,9.2059e-177,6.7196e-164,1.7801e-231,1.0983e-168,2.5466e-144,2.7636e-134,8.1387e-79,3.223e-101,7.3391e-96,1.0465e-205,2.1132e-82,8.7241e-109,9.3612e-215,1.9824e-90,3.0076e-14,5.2447e-37,1.4786e-212,5.6542e-232,1.5825e-105,1.1397e-192,1.7486e-195,1.5075e-12,1.6423e-09,1.102e-232,7.0796e-37,1.7771e-305,5.5681e-223,6.9741e-63,2.2137e-142,1.6699e-26,1.6009e-212,1.5365e-89,7.4799e-22,2.0535e-169,5.2832e-232,1.0761e-111,3.4634e-155,1,1.4532e-15
9.8364e-246,3.9326e-181,2.3316e-146,1.9262e-243,2.5334e-175,1.8979e-242,2.259e-143,1.1958e-135,6.6664e-132,2.0988e-119,6.9891e-292,2.9046e-52,6.5148e-187,2.9171e-174,9.0795e-242,6.7339e-179,1.4901e-154,1.5853e-144,5.3979e-89,3.1773e-111,4.8964e-106,5.8965e-216,1.9014e-92,5.0562e-119,6.0422e-225,3.0139e-100,5.6495e-23,7.7422e-27,8.9474e-223,3.4999e-242,1.0394e-115,7.121e-203,8.5207e-206,5.763e-19,1.1835e-14,6.4489e-243,2.7448e-28,8.0385e-316,2.6317e-233,7.2612e-73,1.4105e-152,1.9007e-35,1.2139e-222,1.6985e-99,1.625e-30,1.0379e-179,3.069e-242,1.0136e-121,2.2035e-165,1.4532e-15,1
