1,1.8478e-74,2.0495e-31,1.0556e-30,8.9854e-38,3.8296e-45,1.2906e-56,7.9654e-49,1.1169e-45,1.7116e-31,2.888e-63,6.7311e-39,6.8284e-55,3.5546e-56,8.5427e-37,1.0553e-44,2.217e-37,2.4526e-27,1.1436e-41,1.1625e-33,1.9772e-29,7.4167e-49,1.1072e-53,2.702e-32,9.0335e-55,9.1161e-45,4.0965e-32,4.5555e-37,2.0386e-56,1.8027e-35,3.9928e-38,3.5684e-47,2.3022e-41,1.4369e-84,4.9243e-67,2.2702e-38,7.7638e-42,3.5957e-35,4.3353e-40,1.0262e-40,2.3527e-70,5.1599e-43,1.2029e-49,1.1404e-45,2.762e-39,1.8807e-66,8.0505e-33,8.0541e-53,6.2961e-38,1.0032e-27,6.1949e-51
1.8478e-74,1,6.4662e-58,6.3877e-66,6.7063e-58,2.4038e-48,5.217e-59,9.0872e-78,1.8011e-52,3.5872e-61,4.4403e-69,1.5561e-65,1.0937e-42,5.2568e-54,3.7769e-49,6.0321e-46,2.4855e-63,1.9497e-71,6.7194e-55,3.6625e-61,4.4452e-67,2.8084e-53,1.7197e-55,1.6797e-62,2.8421e-57,3.8249e-78,1.0852e-68,4.6031e-54,1.1839e-96,7.3003e-90,9.6011e-78,1.9321e-60,2.2938e-79,1.3526e-78,4.374e-45,8.3404e-63,1.2221e-65,4.4388e-58,4.1828e-59,4.4435e-48,5.5941e-49,1.7339e-80,4.0459e-46,1.0975e-60,8.1053e-60,1.955e-96,9.2655e-69,5.5004e-55,2.6412e-68,8.924e-72,1.7181e-54
2.0495e-31,6.4662e-58,1,3.7952e-24,2.6748e-28,8.5723e-28,3.8342e-47,5.1972e-46,3.9103e-33,7.824e-21,2.0508e-50,2.6352e-36,4.6675e-38,2.4817e-39,1.415e-18,1.6802e-28,1.5991e-36,1.4222e-22,2.2845e-33,4.4435e-31,4.4994e-29,4.4039e-38,3.7937e-39,6.9692e-25,1.1507e-41,5.6039e-43,2.3289e-38,1.7374e-25,1.0001e-62,2.0618e-45,4.5304e-35,5.2321e-37,4.2723e-43,1.1584e-77,8.3222e-57,1.1702e-38,5.9421e-31,3.2529e-23,1.5425e-32,1.1321e-29,1.0017e-56,2.727e-40,6.0935e-40,1.0601e-33,1.9835e-23,8.087e-72,4.7844e-29,3.1817e-35,2.1296e-37,1.7886e-35,1.718e-39
1.0556e-30,6.3877e-66,3.7952e-24,1,6.0088e-31,2.617e-38,6.9208e-58,7.9112e-60,2.4787e-39,2.4531e-22,2.2079e-69,1.029e-21,4.4411e-46,2.9182e-56,6.5375e-32,3.654e-39,1.1535e-29,7.0133e-26,3.2726e-34,6.6899e-34,3.2719e-30,2.6221e-42,3.0432e-54,4.9408e-18,2.0853e-54,1.2325e-28,2.7542e-43,3.7448e-29,7.5475e-72,1.8477e-38,1.0069e-24,3.7271e-51,4.4504e-52,2.2605e-92,1.086e-63,1.6011e-40,1.5198e-37,2.7884e-27,1.4796e-41,5.3035e-29,3.7424e-72,9.2791e-42,6.8079e-41,1.2615e-49,6.4319e-34,1.1652e-79,8.592e-35,4.9154e-47,7.1703e-24,6.8836e-29,1.0736e-39
8.9854e-38,6.7063e-58,2.6748e-28,6.0088e-31,1,9.9947e-34,3.2909e-49,1.3075e-53,2.5116e-26,9.6381e-27,1.0794e-59,1.1164e-31,6.3739e-37,1.9309e-45,5.9691e-27,1.8944e-29,7.0389e-32,1.5346e-29,6.3344e-28,1.0586e-28,2.1233e-26,1.1271e-33,1.4729e-47,1.3519e-22,4.0462e-42,7.0633e-44,2.666e-39,6.6493e-34,1.3824e-68,9.9992e-50,6.3571e-40,1.1432e-44,2.4651e-54,2.9871e-83,9.8097e-53,3.6578e-42,1.0636e-29,3.7332e-29,2.2312e-28,2.0501e-29,1.8737e-63,5.6633e-51,7.3768e-38,1.9659e-42,1.1026e-26,2.0003e-73,7.3619e-31,7.0533e-40,2.2207e-35,1.2263e-32,8.3367e-43
3.8296e-45,2.4038e-48,8.5723e-28,2.617e-38,9.9947e-34,1,3.7443e-33,1.1771e-49,8.888e-28,7.72e-29,4.4551e-47,1.755e-40,8.6899e-25,1.148e-28,7.898e-25,1.7962e-16,4.748e-40,1.1832e-40,5.9462e-36,1.4402e-27,1.1921e-35,4.0807e-24,3.1738e-29,1.0021e-33,4.2217e-32,7.0249e-52,1.9644e-48,1.9589e-34,3.6742e-73,1.8898e-62,5.5272e-50,7.7525e-41,1.2204e-54,1.0766e-77,1.6912e-55,1.9149e-48,3.0733e-38,8.3249e-31,7.2382e-37,2.3889e-35,9.5606e-54,2.6351e-55,4.6942e-29,2.8276e-35,3.0107e-35,6.1606e-80,6.1372e-38,1.3646e-30,5.7039e-50,1.0281e-43,3.7021e-34
1.2906e-56,5.217e-59,3.8342e-47,6.9208e-58,3.2909e-49,3.7443e-33,1,1.6353e-45,4.9241e-40,5.6098e-43,1.7974e-40,1.2134e-58,1.7131e-38,2.2635e-33,5.7891e-40,2.7406e-33,2.2574e-51,3.6273e-54,2.1992e-45,6.6323e-36,5.0417e-45,6.8699e-33,1.2672e-33,3.0356e-50,5.8698e-30,8.5322e-67,2.2575e-58,1.4865e-54,2.5413e-76,3.5513e-73,1.4277e-66,7.1206e-41,1.0074e-59,1.062e-75,8.1719e-64,4.7925e-55,1.8863e-53,3.289e-44,2.7498e-47,2.4291e-53,1.0875e-57,2.0638e-70,3.5498e-44,3.2779e-42,5.3401e-50,5.38e-82,5.9965e-48,2.8586e-40,1.864e-64,1.9499e-57,2.5084e-47
7.9654e-49,9.0872e-78,5.1972e-46,7.9112e-60,1.3075e-53,1.1771e-49,1.6353e-45,1,1.7896e-58,8.0618e-44,7.0459e-32,4.9179e-69,2.716e-61,1.3291e-40,3.1992e-46,9.2249e-50,2.5678e-62,6.4133e-49,4.3156e-61,2.8711e-46,3.5583e-50,1.5205e-56,7.1131e-46,8.0058e-58,1.9742e-39,3.722e-69,1.3929e-47,7.5999e-55,6.5959e-45,2.6922e-58,1.6707e-62,1.1575e-34,1.0303e-45,2.2728e-68,7.4558e-69,2.1345e-50,4.2682e-47,2.1083e-52,4.5597e-50,5.7097e-61,2.3124e-53,7.2533e-57,2.5323e-64,3.6435e-31,1.686e-42,1.4081e-57,2.0162e-41,2.0139e-58,7.7773e-70,1.9591e-56,4.4336e-58
1.1169e-45,1.8011e-52,3.9103e-33,2.4787e-39,2.5116e-26,8.888e-28,4.9241e-40,1.7896e-58,1,2.2329e-33,9.9416e-57,1.4612e-37,9.9492e-27,2.9043e-41,8.3151e-28,4.8294e-25,3.107e-32,6.4985e-39,1.7067e-22,3.3355e-30,4.7776e-28,1.0276e-24,6.1587e-38,9.7176e-31,1.1633e-43,7.8515e-51,2.2202e-48,3.3082e-41,7.2608e-80,1.2079e-63,9.7355e-52,2.5183e-46,6.2122e-54,8.263e-81,3.1048e-52,8.1814e-46,7.497e-46,7.1849e-34,1.1053e-38,4.0547e-35,2.5178e-64,2.3709e-61,8.2166e-30,1.2818e-44,3.4997e-42,4.1076e-84,3.0489e-42,4.418e-29,1.3786e-41,5.4742e-42,2.7093e-45
1.7116e-31,3.5872e-61,7.824e-21,2.4531e-22,9.6381e-27,7.72e-29,5.6098e-43,8.0618e-44,2.2329e-33,1,1.4403e-53,1.6413e-32,2.5379e-38,1.6493e-41,7.4333e-22,7.8779e-29,7.0639e-29,2.7554e-24,5.6626e-31,6.2987e-23,3.1211e-25,4.1561e-34,3.5342e-41,1.0692e-20,2.8664e-39,4.8565e-37,5.4648e-38,5.8622e-28,1.8546e-63,1.2708e-41,2.7497e-31,5.9562e-36,3.9283e-45,2.6563e-82,1.0638e-57,6.6982e-35,1.8184e-31,7.631e-26,8.9045e-35,4.1734e-29,1.5502e-60,2.5923e-45,3.2349e-38,1.9402e-37,2.7744e-25,4.6611e-71,1.3481e-25,1.3784e-40,2.4638e-33,3.4078e-29,1.0503e-34
2.888e-63,4.4403e-69,2.0508e-50,2.2079e-69,1.0794e-59,4.4551e-47,1.7974e-40,7.0459e-32,9.9416e-57,1.4403e-53,1,1.6129e-77,2.9759e-54,1.1223e-27,3.2552e-46,1.8499e-46,6.4691e-70,1.8187e-58,3.9825e-63,1.3195e-53,1.9904e-59,5.7278e-56,1.3492e-35,4.7662e-65,1.7721e-39,9.6286e-80,1.0064e-58,8.5593e-58,7.1036e-61,5.0895e-76,8.9386e-73,6.9854e-37,3.3606e-55,1.3274e-63,4.3105e-66,3.3243e-61,9.4398e-57,2.9634e-58,1.3233e-51,2.163e-64,7.3104e-42,4.4802e-67,4.0759e-63,2.2059e-34,3.1974e-50,6.3406e-71,1.8824e-53,1.5239e-49,4.0335e-79,2.4569e-68,1.8183e-61
6.7311e-39,1.5561e-65,2.6352e-36,1.029e-21,1.1164e-31,1.755e-40,1.2134e-58,4.9179e-69,1.4612e-37,1.6413e-32,1.6129e-77,1,2.1138e-45,6.1724e-62,2.7062e-40,1.7361e-41,2.1838e-28,9.546e-38,1.8195e-34,2.4456e-36,8.2984e-34,2.6158e-39,4.106e-58,2.7598e-23,1.0019e-56,4.7293e-33,4.7953e-52,2.2873e-40,5.2195e-84,1.1962e-50,2.9956e-38,8.8471e-60,4.671e-63,2.8645e-98,1.3016e-65,8.9146e-49,1.9874e-42,2.4112e-30,2.5546e-47,1.0115e-35,2.2466e-80,4.8809e-55,1.6511e-38,1.5698e-57,2.5658e-43,1.509e-88,1.1129e-42,4.7817e-50,2.1445e-27,4.9854e-35,7.6526e-42
6.8284e-55,1.0937e-42,4.6675e-38,4.4411e-46,6.3739e-37,8.6899e-25,1.7131e-38,2.716e-61,9.9492e-27,2.5379e-38,2.9759e-54,2.1138e-45,1,5.0346e-35,4.7129e-29,9.1561e-21,1.1718e-39,1.6062e-48,7.4393e-34,6.7601e-36,2.1305e-41,1.1906e-27,1.4213e-33,1.7163e-37,9.4249e-42,2.877e-56,6.2486e-56,6.2913e-41,7.534e-85,3.7493e-72,2.6851e-56,4.2204e-47,1.7455e-59,1.3159e-79,7.1013e-54,4.5127e-50,4.1986e-48,2.5685e-40,1.7198e-41,1.0376e-36,8.7129e-58,1.555e-66,2.1472e-27,2.4496e-47,2.4316e-44,2.608e-88,6.2546e-48,3.0492e-30,5.6256e-51,2.4788e-48,1.8165e-43
3.5546e-56,5.2568e-54,2.4817e-39,2.9182e-56,1.9309e-45,1.148e-28,2.2635e-33,1.3291e-40,2.9043e-41,1.6493e-41,1.1223e-27,6.1724e-62,5.0346e-35,1,7.5786e-34,3.5831e-27,1.4618e-55,4.166e-50,6.4083e-50,4.1981e-39,6.4705e-48,2.1262e-38,1.3544e-25,1.7041e-50,2.1605e-28,1.7725e-67,5.8226e-54,3.2354e-44,1.1393e-67,1.4067e-70,6.7475e-62,1.4554e-35,2.5371e-57,4.0016e-69,3.6018e-59,1.1015e-55,8.0998e-46,1.0567e-46,2.1543e-40,5.4599e-49,1.0636e-41,8.8981e-64,5.7895e-44,8.5995e-34,4.0152e-39,6.0691e-75,3.1466e-44,1.6713e-36,2.0374e-66,1.2507e-56,2.0386e-48
8.5427e-37,3.7769e-49,1.415e-18,6.5375e-32,5.9691e-27,7.898e-25,5.7891e-40,3.1992e-46,8.3151e-28,7.4333e-22,3.2552e-46,2.7062e-40,4.7129e-29,7.5786e-34,1,1.4502e-20,6.7552e-34,1.564e-28,4.1405e-27,2.0559e-28,2.7871e-30,1.4992e-33,2.2116e-32,2.8107e-26,5.1095e-38,1.2663e-48,9.0706e-37,2.1242e-26,3.2471e-66,6.4842e-53,4.6875e-42,1.6122e-31,9.7904e-44,8.1772e-74,6.7294e-49,2.3055e-34,8.0044e-36,3.1775e-27,3.5435e-29,3.2512e-26,2.2953e-49,8.153e-49,4.8751e-35,4.3261e-34,1.5715e-26,1.5582e-72,4.3578e-32,2.1628e-31,8.1667e-40,6.3734e-37,7.4669e-39
1.0553e-44,6.0321e-46,1.6802e-28,3.654e-39,1.8944e-29,1.7962e-16,2.7406e-33,9.2249e-50,4.8294e-25,7.8779e-29,1.8499e-46,1.7361e-41,9.1561e-21,3.5831e-27,1.4502e-20,1,3.1837e-35,1.1808e-39,3.4237e-31,6.5091e-26,5.9628e-33,3.948e-26,4.4668e-31,9.8854e-32,1.9538e-33,3.8966e-53,6.114e-46,1.2303e-33,2.3215e-73,8.5107e-63,5.1867e-50,1.2586e-37,3.6227e-53,1.868e-74,1.1099e-48,2.8511e-43,8.48e-39,7.9228e-33,1.6151e-33,7.4748e-32,1.1238e-51,4.0619e-58,1.5667e-26,9.06e-38,5.2238e-33,5.3675e-79,4.6602e-37,1.0085e-28,8.4713e-48,4.154e-42,1.6474e-36
2.217e-37,2.4855e-63,1.5991e-36,1.1535e-29,7.0389e-32,4.748e-40,2.2574e-51,2.5678e-62,3.107e-32,7.0639e-29,6.4691e-70,2.1838e-28,1.1718e-39,1.4618e-55,6.7552e-34,3.1837e-35,1,2.5201e-38,2.1088e-28,1.2049e-28,1.8649e-24,1.9774e-37,1.1666e-50,2.2312e-22,2.1019e-54,6.3551e-39,5.7218e-46,9.0103e-41,3.9992e-80,2.816e-53,6.7452e-42,5.9014e-53,3.6959e-51,3.9794e-89,4.4777e-59,4.1823e-37,6.2879e-47,1.1503e-36,9.8413e-45,5.7772e-34,6.5453e-75,3.013e-62,4.5773e-32,6.2529e-55,8.2257e-44,1.006e-85,3.9513e-42,7.1635e-43,1.9212e-29,6.8281e-30,2.164e-42
2.4526e-27,1.9497e-71,1.4222e-22,7.0133e-26,1.5346e-29,1.1832e-40,3.6273e-54,6.4133e-49,6.4985e-39,2.7554e-24,1.8187e-58,9.546e-38,1.6062e-48,4.166e-50,1.564e-28,1.1808e-39,2.5201e-38,1,2.896e-35,4.2601e-34,2.7661e-27,4.5144e-45,1.7895e-50,3.4614e-25,4.1221e-50,8.6068e-42,2.2857e-37,2.5993e-32,2.9494e-59,1.1067e-35,3.899e-28,8.183e-43,2.8367e-44,1.6695e-86,2.6557e-65,2.1106e-42,2.0441e-35,4.7979e-31,1.2519e-34,1.4118e-35,1.0223e-67,4.4831e-38,2.9795e-50,3.5139e-43,2.3088e-29,4.0056e-69,1.4901e-28,5.154e-46,1.0446e-34,1.9117e-31,3.2362e-49
1.1436e-41,6.7194e-55,2.2845e-33,3.2726e-34,6.3344e-28,5.9462e-36,2.1992e-45,4.3156e-61,1.7067e-22,5.6626e-31,3.9825e-63,1.8195e-34,7.4393e-34,6.4083e-50,4.1405e-27,3.4237e-31,2.1088e-28,2.896e-35,1,1.153e-31,9.2525e-28,4.4043e-31,2.6378e-47,1.2241e-25,1.3722e-47,1.7099e-49,7.9599e-47,6.6892e-40,1.4248e-78,7.0015e-58,1.3847e-46,2.6513e-47,2.2488e-53,7.9409e-87,1.5974e-53,1.5685e-40,1.2004e-47,5.4876e-31,2.113e-37,9.2e-29,2.665e-67,2.9627e-58,2.5299e-35,3.2461e-50,2.9535e-41,1.5945e-83,3.7212e-42,1.4811e-38,1.4788e-32,2.9024e-38,5.9802e-47
1.1625e-33,3.6625e-61,4.4435e-31,6.6899e-34,1.0586e-28,1.4402e-27,6.6323e-36,2.8711e-46,3.3355e-30,6.2987e-23,1.3195e-53,2.4456e-36,6.7601e-36,4.1981e-39,2.0559e-28,6.5091e-26,1.2049e-28,4.2601e-34,1.153e-31,1,8.6157e-22,9.0648e-24,2.5454e-39,4.1555e-25,1.0835e-35,1.7268e-42,1.3204e-40,2.0845e-34,1.2893e-65,2.7581e-50,7.2053e-43,3.3076e-41,1.0827e-49,1.8726e-83,6.8383e-61,5.0821e-43,2.4424e-37,4.0751e-30,3.8437e-31,1.0166e-33,2.6448e-63,7.0231e-55,3.0726e-30,4.6459e-40,5.6971e-35,3.8462e-73,4.2773e-29,3.7906e-37,3.4277e-41,7.7847e-28,5.5597e-35
1.9772e-29,4.4452e-67,4.4994e-29,3.2719e-30,2.1233e-26,1.1921e-35,5.0417e-45,3.5583e-50,4.7776e-28,3.1211e-25,1.9904e-59,8.2984e-34,2.1305e-41,6.4705e-48,2.7871e-30,5.9628e-33,1.8649e-24,2.7661e-27,9.2525e-28,8.6157e-22,1,3.3852e-33,4.4903e-46,1.346e-23,2.711e-45,2.5095e-40,1.09e-38,1.8874e-39,1.2035e-66,1.5582e-48,3.8615e-41,2.7284e-45,8.4265e-44,1.0502e-83,3.188e-60,4.9795e-39,4.0053e-39,6.3269e-31,1.5529e-35,7.4393e-34,8.2552e-71,5.0584e-53,2.8506e-37,4.4161e-43,1.9042e-37,1.9243e-74,5.3887e-32,4.3998e-38,6.4406e-33,1.5622e-26,7.0899e-43
7.4167e-49,2.8084e-53,4.4039e-38,2.6221e-42,1.1271e-33,4.0807e-24,6.8699e-33,1.5205e-56,1.0276e-24,4.1561e-34,5.7278e-56,2.6158e-39,1.1906e-27,2.1262e-38,1.4992e-33,3.948e-26,1.9774e-37,4.5144e-45,4.4043e-31,9.0648e-24,3.3852e-33,1,7.5549e-38,6.8729e-34,1.0066e-33,4.0944e-51,1.0894e-51,9.3077e-42,2.7672e-78,1.6181e-64,3.4578e-53,2.0564e-46,1.5648e-59,2.2306e-85,5.7314e-61,4.8624e-52,3.3813e-44,2.1054e-33,5.0712e-37,1.6035e-37,2.5419e-64,3.2315e-62,2.2871e-25,5.5819e-45,3.8424e-43,1.3956e-82,1.8672e-40,1.2622e-32,2.1799e-47,9.0625e-42,6.1065e-37
1.1072e-53,1.7197e-55,3.7937e-39,3.0432e-54,1.4729e-47,3.1738e-29,1.2672e-33,7.1131e-46,6.1587e-38,3.5342e-41,1.3492e-35,4.106e-58,1.4213e-33,1.3544e-25,2.2116e-32,4.4668e-31,1.1666e-50,1.7895e-50,2.6378e-47,2.5454e-39,4.4903e-46,7.5549e-38,1,9.3562e-49,1.9449e-37,9.5699e-64,3.2349e-54,4.415e-47,2.6439e-75,1.9875e-71,1.4908e-63,1.0831e-39,2.6335e-51,1.0291e-71,1.5765e-61,3.6617e-52,4.3013e-51,1.5931e-44,1.3411e-46,1.2211e-51,3.6963e-51,1.7229e-66,2.8106e-41,3.4997e-36,1.6235e-46,9.7076e-82,6.006e-49,9.1802e-33,5.0052e-63,6.8897e-55,1.5871e-48
2.702e-32,1.6797e-62,6.9692e-25,4.9408e-18,1.3519e-22,1.0021e-33,3.0356e-50,8.0058e-58,9.7176e-31,1.0692e-20,4.7662e-65,2.7598e-23,1.7163e-37,1.7041e-50,2.8107e-26,9.8854e-32,2.2312e-22,3.4614e-25,1.2241e-25,4.1555e-25,1.346e-23,6.8729e-34,9.3562e-49,1,1.3178e-48,1.1813e-32,3.605e-41,3.3833e-30,1.4797e-71,1.7635e-42,1.3814e-28,2.6159e-47,1.6617e-50,1.6881e-89,4.8094e-62,1.4838e-40,1.575e-35,1.0435e-25,5.1646e-33,2.7845e-26,3.4355e-70,1.8542e-48,3.7395e-35,8.0697e-49,1.6254e-31,5.2066e-78,2.1542e-30,2.4012e-39,4.4254e-26,2.3386e-24,1.1464e-39
9.0335e-55,2.8421e-57,1.1507e-41,2.0853e-54,4.0462e-42,4.2217e-32,5.8698e-30,1.9742e-39,1.1633e-43,2.8664e-39,1.7721e-39,1.0019e-56,9.4249e-42,2.1605e-28,5.1095e-38,1.9538e-33,2.1019e-54,4.1221e-50,1.3722e-47,1.0835e-35,2.711e-45,1.0066e-33,1.9449e-37,1.3178e-48,1,6.8304e-65,8.2046e-54,5.1625e-48,1.0663e-65,5.3539e-67,6.5326e-62,3.134e-37,3.6215e-63,1.0662e-76,2.3827e-61,1.9701e-55,6.5942e-37,3.1506e-39,5.2594e-38,3.4375e-48,3.5618e-50,5.5987e-61,1.2043e-46,4.0231e-34,1.4348e-35,6.864e-72,1.5297e-39,1.3019e-44,1.84e-62,5.4788e-55,5.4759e-43
9.1161e-45,3.8249e-78,5.6039e-43,1.2325e-28,7.0633e-44,7.0249e-52,8.5322e-67,3.722e-69,7.8515e-51,4.8565e-37,9.6286e-80,4.7293e-33,2.877e-56,1.7725e-67,1.2663e-48,3.8966e-53,6.3551e-39,8.6068e-42,1.7099e-49,1.7268e-42,2.5095e-40,4.0944e-51,9.5699e-64,1.1813e-32,6.8304e-65,1,5.4854e-54,5.2351e-45,3.5508e-79,8.4792e-46,1.2725e-35,1.7199e-62,1.9898e-61,2.6051e-101,1.9218e-76,3.7146e-53,6.2141e-48,8.9924e-42,5.2347e-53,2.468e-44,1.1331e-84,7.8201e-54,1.2498e-49,2.6022e-60,6.8927e-49,1.3843e-85,5.154e-44,1.1673e-54,2.4162e-34,1.1059e-33,2.2345e-43
4.0965e-32,1.0852e-68,2.3289e-38,2.7542e-43,2.666e-39,1.9644e-48,2.2575e-58,1.3929e-47,2.2202e-48,5.4648e-38,1.0064e-58,4.7953e-52,6.2486e-56,5.8226e-54,9.0706e-37,6.114e-46,5.7218e-46,2.2857e-37,7.9599e-47,1.3204e-40,1.09e-38,1.0894e-51,3.2349e-54,3.605e-41,8.2046e-54,5.4854e-54,1,2.0638e-39,8.3745e-49,6.2107e-45,3.4703e-46,4.756e-37,7.3473e-38,6.211e-68,1.1058e-58,1.135e-35,9.9365e-41,4.5887e-43,1.3419e-36,3.1462e-41,1.9429e-60,4.8456e-47,5.8754e-53,2.5004e-44,3.3112e-39,3.0399e-49,7.1546e-31,5.0389e-51,1.0942e-44,1.5715e-34,3.7686e-51
4.5555e-37,4.6031e-54,1.7374e-25,3.7448e-29,6.6493e-34,1.9589e-34,1.4865e-54,7.5999e-55,3.3082e-41,5.8622e-28,8.5593e-58,2.2873e-40,6.2913e-41,3.2354e-44,2.1242e-26,1.2303e-33,9.0103e-41,2.5993e-32,6.6892e-40,2.0845e-34,1.8874e-39,9.3077e-42,4.415e-47,3.3833e-30,5.1625e-48,5.2351e-45,2.0638e-39,1,8.9285e-64,8.5957e-47,1.0895e-33,4.7389e-42,9.3292e-54,4.3673e-84,8.2496e-56,4.8596e-44,2.512e-36,1.2411e-33,2.4229e-31,1.171e-23,1.7213e-52,7.0721e-43,2.9709e-38,4.175e-43,9.0938e-29,4.0956e-71,1.3423e-33,6.2491e-43,8.079e-40,5.2395e-35,3.9722e-37
2.0386e-56,1.1839e-96,1.0001e-62,7.5475e-72,1.3824e-68,3.6742e-73,2.5413e-76,6.5959e-45,7.2608e-80,1.8546e-63,7.1036e-61,5.2195e-84,7.534e-85,1.1393e-67,3.2471e-66,2.3215e-73,3.9992e-80,2.9494e-59,1.4248e-78,1.2893e-65,1.2035e-66,2.7672e-78,2.6439e-75,1.4797e-71,1.0663e-65,3.5508e-79,8.3745e-49,8.9285e-64,1,6.3159e-55,4.7987e-66,7.0389e-56,1.122e-58,2.5546e-82,3.9118e-86,2.9045e-68,4.4451e-59,2.4091e-69,3.0062e-56,2.1226e-71,7.4446e-68,4.4338e-54,1.6509e-84,1.5993e-55,3.2867e-56,2.6073e-39,1.0445e-51,4.9317e-78,3.937e-79,2.5253e-62,2.8519e-75
1.8027e-35,7.3003e-90,2.0618e-45,1.8477e-38,9.9992e-50,1.8898e-62,3.5513e-73,2.6922e-58,1.2079e-63,1.2708e-41,5.0895e-76,1.1962e-50,3.7493e-72,1.4067e-70,6.4842e-53,8.5107e-63,2.816e-53,1.1067e-35,7.0015e-58,2.7581e-50,1.5582e-48,1.6181e-64,1.9875e-71,1.7635e-42,5.3539e-67,8.4792e-46,6.2107e-45,8.5957e-47,6.3159e-55,1,5.1437e-29,5.0609e-58,5.2481e-55,4.7463e-99,1.204e-83,9.722e-54,1.6996e-48,7.3079e-49,1.3179e-50,1.4959e-53,2.0417e-81,2.7261e-40,2.6647e-67,1.297e-60,8.4618e-44,2.7013e-66,4.7311e-40,9.6097e-70,3.1429e-46,3.769e-39,1.7701e-62
3.9928e-38,9.6011e-78,4.5304e-35,1.0069e-24,6.3571e-40,5.5272e-50,1.4277e-66,1.6707e-62,9.7355e-52,2.7497e-31,8.9386e-73,2.9956e-38,2.6851e-56,6.7475e-62,4.6875e-42,5.1867e-50,6.7452e-42,3.899e-28,1.3847e-46,7.2053e-43,3.8615e-41,3.4578e-53,1.4908e-63,1.3814e-28,6.5326e-62,1.2725e-35,3.4703e-46,1.0895e-33,4.7987e-66,5.1437e-29,1,1.4943e-54,4.2401e-55,6.9283e-98,2.393e-75,1.4354e-50,9.912e-43,5.9414e-42,4.8864e-44,2.4648e-39,1.0714e-76,3.4965e-41,6.2417e-54,4.6077e-58,3.0384e-37,4.862e-75,1.3181e-36,1.6586e-56,2.6512e-34,1.2076e-32,7.5405e-51
3.5684e-47,1.9321e-60,5.2321e-37,3.7271e-51,1.1432e-44,7.7525e-41,7.1206e-41,1.1575e-34,2.5183e-46,5.9562e-36,6.9854e-37,8.8471e-60,4.2204e-47,1.4554e-35,1.6122e-31,1.2586e-37,5.9014e-53,8.183e-43,2.6513e-47,3.3076e-41,2.7284e-45,2.0564e-46,1.0831e-39,2.6159e-47,3.134e-37,1.7199e-62,4.756e-37,4.7389e-42,7.0389e-56,5.0609e-58,1.4943e-54,1,1.3376e-43,1.268e-58,3.513e-55,3.7804e-40,3.7417e-41,3.5611e-42,2.3919e-40,3.7019e-45,1.7047e-44,6.0114e-54,1.8084e-52,1.3924e-34,2.7904e-35,3.7784e-54,1.6998e-31,3.834e-44,3.778e-55,6.0848e-50,8.8873e-48
2.3022e-41,2.2938e-79,4.2723e-43,4.4504e-52,2.4651e-54,1.2204e-54,1.0074e-59,1.0303e-45,6.2122e-54,3.9283e-45,3.3606e-55,4.671e-63,1.7455e-59,2.5371e-57,9.7904e-44,3.6227e-53,3.6959e-51,2.8367e-44,2.2488e-53,1.0827e-49,8.4265e-44,1.5648e-59,2.6335e-51,1.6617e-50,3.6215e-63,1.9898e-61,7.3473e-38,9.3292e-54,1.122e-58,5.2481e-55,4.2401e-55,1.3376e-43,1,2.2467e-67,4.3253e-69,3.368e-39,4.9273e-57,1.0897e-53,1.7104e-54,5.7228e-56,5.891e-70,6.1305e-57,4.949e-61,3.1904e-48,3.5001e-53,5.2223e-65,1.6554e-46,2.9663e-53,2.2306e-55,3.5408e-46,2.2861e-63
1.4369e-84,1.3526e-78,1.1584e-77,2.2605e-92,2.9871e-83,1.0766e-77,1.062e-75,2.2728e-68,8.263e-81,2.6563e-82,1.3274e-63,2.8645e-98,1.3159e-79,4.0016e-69,8.1772e-74,1.868e-74,3.9794e-89,1.6695e-86,7.9409e-87,1.8726e-83,1.0502e-83,2.2306e-85,1.0291e-71,1.6881e-89,1.0662e-76,2.6051e-101,6.211e-68,4.3673e-84,2.5546e-82,4.7463e-99,6.9283e-98,1.268e-58,2.2467e-67,1,1.6476e-71,2.535e-71,1.9243e-79,1.379e-83,1.677e-81,1.1882e-85,6.9506e-66,2.3582e-93,1.1163e-85,1.0935e-67,2.5019e-79,1.0232e-69,2.9576e-76,9.1309e-75,2.3462e-93,2.2572e-89,7.7029e-86
4.9243e-67,4.374e-45,8.3222e-57,1.086e-63,9.8097e-53,1.6912e-55,8.1719e-64,7.4558e-69,3.1048e-52,1.0638e-57,4.3105e-66,1.3016e-65,7.1013e-54,3.6018e-59,6.7294e-49,1.1099e-48,4.4777e-59,2.6557e-65,1.5974e-53,6.8383e-61,3.188e-60,5.7314e-61,1.5765e-61,4.8094e-62,2.3827e-61,1.9218e-76,1.1058e-58,8.2496e-56,3.9118e-86,1.204e-83,2.393e-75,3.513e-55,4.3253e-69,1.6476e-71,1,7.2177e-48,7.4209e-62,2.9038e-59,8.511e-60,1.3388e-49,3.0917e-52,3.7362e-73,3.7709e-54,7.1959e-54,2.0191e-56,5.1989e-88,2.451e-64,7.135e-59,2.1397e-64,8.042e-68,9.4777e-57
2.2702e-38,8.3404e-63,1.1702e-38,1.6011e-40,3.6578e-42,1.9149e-48,4.7925e-55,2.1345e-50,8.1814e-46,6.6982e-35,3.3243e-61,8.9146e-49,4.5127e-50,1.1015e-55,2.3055e-34,2.8511e-43,4.1823e-37,2.1106e-42,1.5685e-40,5.0821e-43,4.9795e-39,4.8624e-52,3.6617e-52,1.4838e-40,1.9701e-55,3.7146e-53,1.135e-35,4.8596e-44,2.9045e-68,9.722e-54,1.4354e-50,3.7804e-40,3.368e-39,2.535e-71,7.2177e-48,1,8.1663e-49,1.2138e-43,1.1261e-49,1.6318e-40,3.4725e-61,1.5954e-54,2.8797e-48,4.568e-46,3.2229e-43,3.0711e-72,4.5769e-43,3.8942e-53,7.1143e-41,2.3718e-41,1.801e-51
7.7638e-42,1.2221e-65,5.9421e-31,1.5198e-37,1.0636e-29,3.0733e-38,1.8863e-53,4.2682e-47,7.497e-46,1.8184e-31,9.4398e-57,1.9874e-42,4.1986e-48,8.0998e-46,8.0044e-36,8.48e-39,6.2879e-47,2.0441e-35,1.2004e-47,2.4424e-37,4.0053e-39,3.3813e-44,4.3013e-51,1.575e-35,6.5942e-37,6.2141e-48,9.9365e-41,2.512e-36,4.4451e-59,1.6996e-48,9.912e-43,3.7417e-41,4.9273e-57,1.9243e-79,7.4209e-62,8.1663e-49,1,2.5132e-31,4.1966e-33,1.8625e-39,1.0599e-61,2.7906e-44,3.5199e-50,6.3411e-40,4.4374e-21,2.4857e-62,6.2136e-24,1.5797e-47,3.1019e-46,4.3048e-41,1.3907e-40
3.5957e-35,4.4388e-58,3.2529e-23,2.7884e-27,3.7332e-29,8.3249e-31,3.289e-44,2.1083e-52,7.1849e-34,7.631e-26,2.9634e-58,2.4112e-30,2.5685e-40,1.0567e-46,3.1775e-27,7.9228e-33,1.1503e-36,4.7979e-31,5.4876e-31,4.0751e-30,6.3269e-31,2.1054e-33,1.5931e-44,1.0435e-25,3.1506e-39,8.9924e-42,4.5887e-43,1.2411e-33,2.4091e-69,7.3079e-49,5.9414e-42,3.5611e-42,1.0897e-53,1.379e-83,2.9038e-59,1.2138e-43,2.5132e-31,1,1.466e-32,2.8572e-32,1.4611e-63,3.9268e-46,2.0944e-39,1.2207e-39,9.6368e-30,5.6089e-75,1.0697e-30,2.035e-37,6.5002e-37,7.0767e-39,6.1333e-36
4.3353e-40,4.1828e-59,1.5425e-32,1.4796e-41,2.2312e-28,7.2382e-37,2.7498e-47,4.5597e-50,1.1053e-38,8.9045e-35,1.3233e-51,2.5546e-47,1.7198e-41,2.1543e-40,3.5435e-29,1.6151e-33,9.8413e-45,1.2519e-34,2.113e-37,3.8437e-31,1.5529e-35,5.0712e-37,1.3411e-46,5.1646e-33,5.2594e-38,5.2347e-53,1.3419e-36,2.4229e-31,3.0062e-56,1.3179e-50,4.8864e-44,2.3919e-40,1.7104e-54,1.677e-81,8.511e-60,1.1261e-49,4.1966e-33,1.466e-32,1,4.2351e-32,5.3023e-54,4.7548e-48,1.2366e-42,7.4205e-41,2.4525e-27,4.3498e-64,7.4648e-30,1.9319e-38,9.0252e-48,3.8583e-37,4.2708e-44
1.0262e-40,4.4435e-48,1.1321e-29,5.3035e-29,2.0501e-29,2.3889e-35,2.4291e-53,5.7097e-61,4.0547e-35,4.1734e-29,2.163e-64,1.0115e-35,1.0376e-36,5.4599e-49,3.2512e-26,7.4748e-32,5.7772e-34,1.4118e-35,9.2e-29,1.0166e-33,7.4393e-34,1.6035e-37,1.2211e-51,2.7845e-26,3.4375e-48,2.468e-44,3.1462e-41,1.171e-23,2.1226e-71,1.4959e-53,2.4648e-39,3.7019e-45,5.7228e-56,1.1882e-85,1.3388e-49,1.6318e-40,1.8625e-39,2.8572e-32,4.2351e-32,1,4.4802e-58,1.7859e-49,7.8756e-34,2.1367e-48,7.2775e-33,7.6441e-76,2.8449e-36,9.5247e-42,1.0749e-31,1.466e-34,1.8583e-36
2.3527e-70,5.5941e-49,1.0017e-56,3.7424e-72,1.8737e-63,9.5606e-54,1.0875e-57,2.3124e-53,2.5178e-64,1.5502e-60,7.3104e-42,2.2466e-80,8.7129e-58,1.0636e-41,2.2953e-49,1.1238e-51,6.5453e-75,1.0223e-67,2.665e-67,2.6448e-63,8.2552e-71,2.5419e-64,3.6963e-51,3.4355e-70,3.5618e-50,1.1331e-84,1.9429e-60,1.7213e-52,7.4446e-68,2.0417e-81,1.0714e-76,1.7047e-44,5.891e-70,6.9506e-66,3.0917e-52,3.4725e-61,1.0599e-61,1.4611e-63,5.3023e-54,4.4802e-58,1,7.0057e-69,2.4183e-63,7.6998e-45,9.7601e-52,3.577e-74,4.8536e-62,1.036e-60,3.8904e-80,1.6226e-73,3.7525e-61
5.1599e-43,1.7339e-80,2.727e-40,9.2791e-42,5.6633e-51,2.6351e-55,2.0638e-70,7.2533e-57,2.3709e-61,2.5923e-45,4.4802e-67,4.8809e-55,1.555e-66,8.8981e-64,8.153e-49,4.0619e-58,3.013e-62,4.4831e-38,2.9627e-58,7.0231e-55,5.0584e-53,3.2315e-62,1.7229e-66,1.8542e-48,5.5987e-61,7.8201e-54,4.8456e-47,7.0721e-43,4.4338e-54,2.7261e-40,3.4965e-41,6.0114e-54,6.1305e-57,2.3582e-93,3.7362e-73,1.5954e-54,2.7906e-44,3.9268e-46,4.7548e-48,1.7859e-49,7.0057e-69,1,6.3365e-66,4.6609e-50,2.603e-41,1.6266e-68,6.5859e-43,2.1645e-63,1.5401e-53,1.0036e-49,2.1584e-57
1.2029e-49,4.0459e-46,6.0935e-40,6.8079e-41,7.3768e-38,4.6942e-29,3.5498e-44,2.5323e-64,8.2166e-30,3.2349e-38,4.0759e-63,1.6511e-38,2.1472e-27,5.7895e-44,4.8751e-35,1.5667e-26,4.5773e-32,2.9795e-50,2.5299e-35,3.0726e-30,2.8506e-37,2.2871e-25,2.8106e-41,3.7395e-35,1.2043e-46,1.2498e-49,5.8754e-53,2.9709e-38,1.6509e-84,2.6647e-67,6.2417e-54,1.8084e-52,4.949e-61,1.1163e-85,3.7709e-54,2.8797e-48,3.5199e-50,2.0944e-39,1.2366e-42,7.8756e-34,2.4183e-63,6.3365e-66,1,6.4389e-51,6.9613e-47,2.3084e-89,1.0137e-47,8.8915e-35,5.2007e-46,8.8994e-42,9.4519e-35
1.1404e-45,1.0975e-60,1.0601e-33,1.2615e-49,1.9659e-42,2.8276e-35,3.2779e-42,3.6435e-31,1.2818e-44,1.9402e-37,2.2059e-34,1.5698e-57,2.4496e-47,8.5995e-34,4.3261e-34,9.06e-38,6.2529e-55,3.5139e-43,3.2461e-50,4.6459e-40,4.4161e-43,5.5819e-45,3.4997e-36,8.0697e-49,4.0231e-34,2.6022e-60,2.5004e-44,4.175e-43,1.5993e-55,1.297e-60,4.6077e-58,1.3924e-34,3.1904e-48,1.0935e-67,7.1959e-54,4.568e-46,6.3411e-40,1.2207e-39,7.4205e-41,2.1367e-48,7.6998e-45,4.6609e-50,6.4389e-51,1,2.8468e-35,7.6119e-67,2.8377e-40,2.7332e-44,1.4378e-60,6.8951e-51,1.1808e-45
2.762e-39,8.1053e-60,1.9835e-23,6.4319e-34,1.1026e-26,3.0107e-35,5.3401e-50,1.686e-42,3.4997e-42,2.7744e-25,3.1974e-50,2.5658e-43,2.4316e-44,4.0152e-39,1.5715e-26,5.2238e-33,8.2257e-44,2.3088e-29,2.9535e-41,5.6971e-35,1.9042e-37,3.8424e-43,1.6235e-46,1.6254e-31,1.4348e-35,6.8927e-49,3.3112e-39,9.0938e-29,3.2867e-56,8.4618e-44,3.0384e-37,2.7904e-35,3.5001e-53,2.5019e-79,2.0191e-56,3.2229e-43,4.4374e-21,9.6368e-30,2.4525e-27,7.2775e-33,9.7601e-52,2.603e-41,6.9613e-47,2.8468e-35,1,1.2151e-64,3.4464e-25,9.0569e-45,3.1918e-45,4.0583e-40,2.9401e-41
1.8807e-66,1.955e-96,8.087e-72,1.1652e-79,2.0003e-73,6.1606e-80,5.38e-82,1.4081e-57,4.1076e-84,4.6611e-71,6.3406e-71,1.509e-88,2.608e-88,6.0691e-75,1.5582e-72,5.3675e-79,1.006e-85,4.0056e-69,1.5945e-83,3.8462e-73,1.9243e-74,1.3956e-82,9.7076e-82,5.2066e-78,6.864e-72,1.3843e-85,3.0399e-49,4.0956e-71,2.6073e-39,2.7013e-66,4.862e-75,3.7784e-54,5.2223e-65,1.0232e-69,5.1989e-88,3.0711e-72,2.4857e-62,5.6089e-75,4.3498e-64,7.6441e-76,3.577e-74,1.6266e-68,2.3084e-89,7.6119e-67,1.2151e-64,1,1.461e-53,2.8884e-82,1.7057e-80,1.7726e-69,1.8757e-80
8.0505e-33,9.2655e-69,4.7844e-29,8.592e-35,7.3619e-31,6.1372e-38,5.9965e-48,2.0162e-41,3.0489e-42,1.3481e-25,1.8824e-53,1.1129e-42,6.2546e-48,3.1466e-44,4.3578e-32,4.6602e-37,3.9513e-42,1.4901e-28,3.7212e-42,4.2773e-29,5.3887e-32,1.8672e-40,6.006e-49,2.1542e-30,1.5297e-39,5.154e-44,7.1546e-31,1.3423e-33,1.0445e-51,4.7311e-40,1.3181e-36,1.6998e-31,1.6554e-46,2.9576e-76,2.451e-64,4.5769e-43,6.2136e-24,1.0697e-30,7.4648e-30,2.8449e-36,4.8536e-62,6.5859e-43,1.0137e-47,2.8377e-40,3.4464e-25,1.461e-53,1,4.385e-44,1.5412e-41,1.8287e-31,3.9506e-41
8.0541e-53,5.5004e-55,3.1817e-35,4.9154e-47,7.0533e-40,1.3646e-30,2.8586e-40,2.0139e-58,4.418e-29,1.3784e-40,1.5239e-49,4.7817e-50,3.0492e-30,1.6713e-36,2.1628e-31,1.0085e-28,7.1635e-43,5.154e-46,1.4811e-38,3.7906e-37,4.3998e-38,1.2622e-32,9.1802e-33,2.4012e-39,1.3019e-44,1.1673e-54,5.0389e-51,6.2491e-43,4.9317e-78,9.6097e-70,1.6586e-56,3.834e-44,2.9663e-53,9.1309e-75,7.135e-59,3.8942e-53,1.5797e-47,2.035e-37,1.9319e-38,9.5247e-42,1.036e-60,2.1645e-63,8.8915e-35,2.7332e-44,9.0569e-45,2.8884e-82,4.385e-44,1,1.5621e-52,1.8766e-49,1.4382e-41
6.2961e-38,2.6412e-68,2.1296e-37,7.1703e-24,2.2207e-35,5.7039e-50,1.864e-64,7.7773e-70,1.3786e-41,2.4638e-33,4.0335e-79,2.1445e-27,5.6256e-51,2.0374e-66,8.1667e-40,8.4713e-48,1.9212e-29,1.0446e-34,1.4788e-32,3.4277e-41,6.4406e-33,2.1799e-47,5.0052e-63,4.4254e-26,1.84e-62,2.4162e-34,1.0942e-44,8.079e-40,3.937e-79,3.1429e-46,2.6512e-34,3.778e-55,2.2306e-55,2.3462e-93,2.1397e-64,7.1143e-41,3.1019e-46,6.5002e-37,9.0252e-48,1.0749e-31,3.8904e-80,1.5401e-53,5.2007e-46,1.4378e-60,3.1918e-45,1.7057e-80,1.5412e-41,1.5621e-52,1,2.1388e-31,2.5128e-48
1.0032e-27,8.924e-72,1.7886e-35,6.8836e-29,1.2263e-32,1.0281e-43,1.9499e-57,1.9591e-56,5.4742e-42,3.4078e-29,2.4569e-68,4.9854e-35,2.4788e-48,1.2507e-56,6.3734e-37,4.154e-42,6.8281e-30,1.9117e-31,2.9024e-38,7.7847e-28,1.5622e-26,9.0625e-42,6.8897e-55,2.3386e-24,5.4788e-55,1.1059e-33,1.5715e-34,5.2395e-35,2.5253e-62,3.769e-39,1.2076e-32,6.0848e-50,3.5408e-46,2.2572e-89,8.042e-68,2.3718e-41,4.3048e-41,7.0767e-39,3.8583e-37,1.466e-34,1.6226e-73,1.0036e-49,8.8994e-42,6.8951e-51,4.0583e-40,1.7726e-69,1.8287e-31,1.8766e-49,2.1388e-31,1,8.4576e-45
6.1949e-51,1.7181e-54,1.718e-39,1.0736e-39,8.3367e-43,3.7021e-34,2.5084e-47,4.4336e-58,2.7093e-45,1.0503e-34,1.8183e-61,7.6526e-42,1.8165e-43,2.0386e-48,7.4669e-39,1.6474e-36,2.164e-42,3.2362e-49,5.9802e-47,5.5597e-35,7.0899e-43,6.1065e-37,1.5871e-48,1.1464e-39,5.4759e-43,2.2345e-43,3.7686e-51,3.9722e-37,2.8519e-75,1.7701e-62,7.5405e-51,8.8873e-48,2.2861e-63,7.7029e-86,9.4777e-57,1.801e-51,1.3907e-40,6.1333e-36,4.2708e-44,1.8583e-36,3.7525e-61,2.1584e-57,9.4519e-35,1.1808e-45,2.9401e-41,1.8757e-80,3.9506e-41,1.4382e-41,2.5128e-48,8.4576e-45,1
