1,1.1636e-34,1.0179e-55,6.0581e-201,4.862e-158,3.0034e-242,2.8237e-56,1.7939e-59,4.6529e-70,9.4005e-80,3.4555e-208,3.0162e-96,2.1345e-94,3.2937e-72,1.1708e-84,1.1916e-24,3.0926e-70,4.5696e-57,4.6121e-63,9.0996e-54,6.692e-19,1.9071e-105,1.0375e-138,1.1605e-119,2.0054e-54,3.2721e-141,1.8311e-215,7.4423e-70,1.3224e-45,1.0875e-160,2.4338e-70,6.616e-63,1.4525e-11,7.0369e-153,2.5316e-33,1.8311e-31,1.4867e-99,3.6274e-19,9.1304e-93,1.7919e-44,3.6023e-29,1.9805e-83,2.2439e-50,3.479e-158,3.7181e-81,8.53e-30,7.3452e-124,3.9789e-152,8.916e-41,4.9147e-83,2.4044e-27
1.1636e-34,1,1.8911e-88,1.2321e-233,8.6047e-191,5.7448e-275,3.6831e-24,3.3199e-27,1.2297e-37,2.186e-112,6.002e-241,5.7769e-129,5.0184e-127,8.9024e-105,1.727e-117,1.3839e-19,8.1641e-38,4.9492e-25,9.9131e-31,2.5635e-86,2.8738e-19,4.6013e-138,2.4117e-171,1.8184e-152,1.4568e-22,7.9436e-174,3.9099e-248,3.4718e-38,2.2537e-14,2.8493e-193,8.1268e-103,2.6557e-95,9.1748e-42,1.3353e-185,1.4744e-14,1.0808e-63,3.2133e-132,1.4226e-18,1.904e-125,7.2701e-77,3.6698e-61,3.0067e-51,9.7235e-21,5.5877e-191,1.0234e-48,7.0866e-10,1.7679e-156,8.7593e-185,5.9487e-69,2.0804e-115,8.7111e-59
1.0179e-55,1.8911e-88,1,9.2122e-147,8.7038e-104,5.1378e-188,1.42e-110,8.2585e-114,2.09e-124,4.6155e-27,6.6738e-154,2.0199e-42,3.8201e-41,1.9661e-20,2.3214e-30,4.139e-76,1.4508e-124,2.2166e-111,2.0868e-117,3.9568e-10,3.3119e-72,6.925e-52,6.9384e-85,2.5352e-65,1.3584e-108,1.8074e-87,2.4273e-161,6.901e-124,6.9893e-100,5.1786e-107,1.3925e-19,2.3345e-15,9.4097e-49,9.6702e-99,4.3756e-86,5.722e-27,5.1243e-46,1.727e-72,5.282e-39,2.0717e-16,4.8895e-30,1.2058e-137,5.7951e-104,5.8828e-104,1.9974e-135,1.1576e-83,2.9738e-70,2.7441e-98,3.3401e-37,1.0407e-31,3.5303e-33
6.0581e-201,1.2321e-233,9.2122e-147,1,2.6094e-44,1.4311e-43,6.0855e-256,3.9108e-259,7.907e-270,2.0781e-122,4.409e-13,5.6047e-106,1.2606e-107,6.4945e-130,1.0701e-117,8.664e-221,5.617e-270,1.0361e-256,8.5178e-263,1.6196e-148,1.5212e-217,1.3116e-96,8.0549e-64,1.3186e-82,5.6759e-254,1.1657e-61,2.324e-18,3.0654e-269,4.3452e-245,2.8407e-42,6.8705e-133,1.7203e-139,1.1135e-193,1.7988e-49,2.6373e-231,2.3401e-171,2.2792e-102,1.0425e-217,9.6223e-110,7.9568e-159,5.2078e-174,5.2603e-283,1.851e-249,3.3967e-44,5.2719e-281,5.6465e-229,1.9813e-78,2.8511e-50,1.5772e-173,6.7192e-121,2.5646e-177
4.862e-158,8.6047e-191,8.7038e-104,2.6094e-44,1,1.6999e-85,4.5075e-213,2.7652e-216,5.9905e-227,1.154e-79,1.5465e-51,3.9436e-63,6.3135e-65,3.948e-87,9.8532e-75,5.7051e-178,4.2014e-227,7.4398e-214,6.2993e-220,1.1088e-105,1.1728e-174,5.8644e-54,2.1289e-22,9.4588e-40,4.3425e-211,4.718e-21,6.6144e-59,2.2646e-226,3.0372e-202,3.5419e-12,3.507e-90,7.7807e-97,8.2781e-151,9.1874e-10,1.9796e-188,1.8103e-128,1.1863e-59,7.9442e-175,5.8972e-67,5.8298e-116,3.4111e-131,3.74e-240,1.507e-206,3.4563e-07,4.3386e-238,4.1986e-186,2.6256e-36,1.4408e-11,3.5714e-131,1.8625e-78,1.8334e-134
3.0034e-242,5.7448e-275,5.1378e-188,1.4311e-43,1.6999e-85,1,2.9093e-297,1.818e-300,3.8161e-311,8.9894e-164,8.4363e-37,2.9121e-147,4.9485e-149,2.7404e-171,6.471e-159,5.1203e-262,2.7434e-311,4.9273e-298,4.0297e-304,7.1061e-190,7.3119e-259,5.4354e-138,4.5151e-105,7.568e-124,2.7961e-295,7.7895e-103,1.7407e-30,1.6516e-310,2.0167e-286,1.6083e-83,4.5392e-174,6.7098e-181,5.5619e-235,8.9183e-91,1.414e-272,1.1536e-212,8.8636e-144,5.0473e-259,6.2751e-151,4.5608e-200,2.5661e-215,4.9407e-324,1.0645e-290,2.2135e-85,2.7174e-322,2.7292e-270,7.9611e-120,1.2205e-91,2.1442e-214,4.9659e-162,1.4703e-218
2.8237e-56,3.6831e-24,1.42e-110,6.0855e-256,4.5075e-213,2.9093e-297,1,1.8752e-06,2.2823e-15,1.3841e-134,3.0442e-263,3.3724e-151,2.9348e-149,5.724e-127,1.1264e-139,2.6109e-38,1.5208e-15,2.399e-06,6.2851e-09,1.8854e-108,6.7241e-40,2.5105e-160,1.3643e-193,1.0286e-174,2.517e-07,4.5585e-196,1.9881e-270,1.011e-17,8.9667e-13,1.5289e-215,6.0753e-125,1.7571e-117,1.588e-63,7.0765e-208,1.1666e-28,9.7305e-86,1.813e-154,1.7635e-39,1.1781e-147,7.6227e-99,3.4353e-83,2.7036e-29,1.0065e-13,3.0167e-213,2.4033e-26,1.9458e-28,9.8289e-179,4.6825e-207,1.2353e-89,1.6629e-137,1.3597e-80
1.7939e-59,3.3199e-27,8.2585e-114,3.9108e-259,2.7652e-216,1.818e-300,1.8752e-06,1,2.8454e-12,8.9937e-138,1.9891e-266,1.978e-154,1.9966e-152,3.7304e-130,6.7935e-143,1.8685e-41,1.1111e-12,3.4915e-06,3.0558e-06,1.166e-111,4.3016e-43,1.7068e-163,8.7811e-197,6.3252e-178,2.7679e-09,3.1476e-199,1.2889e-273,1.5899e-15,1.5888e-15,1.1066e-218,4.451e-128,1.384e-120,1.312e-66,4.7095e-211,1.5847e-31,6.3911e-89,1.26e-157,1.1898e-42,7.778e-151,4.6772e-102,3.3931e-86,4.1583e-26,2.1205e-15,1.9139e-216,1.8871e-23,2.9113e-31,7.1999e-182,3.334e-210,9.9479e-93,1.2126e-140,1.015e-83
4.6529e-70,1.2297e-37,2.09e-124,7.907e-270,5.9905e-227,3.8161e-311,2.2823e-15,2.8454e-12,1,1.851e-148,4.0941e-277,4.5143e-165,3.8515e-163,7.5323e-141,1.633e-153,1.1897e-51,1.8101e-05,7.4024e-15,6.6782e-09,2.5523e-122,1.3437e-53,3.2906e-174,1.7606e-207,1.416e-188,9.188e-18,6.0065e-210,2.5691e-284,1.8728e-11,5.3556e-26,1.9842e-229,9.5411e-139,2.3632e-131,2.5482e-77,9.5174e-222,1.8629e-41,1.4323e-99,2.3877e-168,3.1865e-53,1.6463e-161,1.2088e-112,5.4529e-97,8.9443e-17,5.4468e-24,3.963e-227,5.7934e-13,5.3424e-42,1.2959e-192,6.0882e-221,7.4276e-103,2.5978e-151,2.6293e-94
9.4005e-80,2.186e-112,4.6155e-27,2.0781e-122,1.154e-79,8.9894e-164,1.3841e-134,8.9937e-138,1.851e-148,1,9.1914e-130,1.5549e-19,6.8065e-17,4.7919e-11,4.1628e-12,6.9754e-100,1.296e-148,2.337e-135,1.9443e-141,5.0066e-28,2.6292e-96,2.0179e-27,2.1351e-60,7.2045e-42,1.1303e-132,5.2812e-63,5.999e-137,5.0809e-148,9.4617e-124,3.3441e-82,3.5739e-17,2.091e-19,1.6067e-72,1.6751e-74,2.7725e-110,2.144e-50,1.4176e-21,1.8963e-96,2.5878e-17,7.283e-39,4.5974e-53,9.9639e-162,2.7591e-128,8.1349e-80,1.1968e-159,1.1337e-107,1.3718e-45,1.2091e-73,4.5284e-57,4.1652e-16,7.7964e-57
3.4555e-208,6.002e-241,6.6738e-154,4.409e-13,1.5465e-51,8.4363e-37,3.0442e-263,1.9891e-266,4.0941e-277,9.1914e-130,1,3.0987e-113,4.9328e-115,2.7727e-137,8.6331e-125,4.6645e-228,2.8967e-277,5.2786e-264,4.2916e-270,7.9555e-156,8.3305e-225,5.2684e-104,2.885e-71,9.7783e-90,2.9458e-261,4.036e-69,1.4517e-14,1.7443e-276,2.0969e-252,4.1397e-50,4.4424e-140,6.5483e-147,6.2449e-201,8.1666e-57,1.5843e-238,1.2878e-178,9.5186e-110,5.4343e-225,6.6731e-117,5.1638e-166,2.9471e-181,2.7878e-290,1.1885e-256,1.9847e-51,2.9361e-288,3.1551e-236,7.0538e-86,7.4791e-58,1.3116e-180,3.9547e-128,1.6123e-184
3.0162e-96,5.7769e-129,2.0199e-42,5.6047e-106,3.9436e-63,2.9121e-147,3.3724e-151,1.978e-154,4.5143e-165,1.5549e-19,3.0987e-113,1,1.2594e-09,2.4144e-26,3.71e-15,2.3908e-116,3.242e-165,5.6593e-152,4.7582e-158,3.3021e-44,8.8019e-113,2.1942e-13,2.2281e-44,1.6984e-25,3.132e-149,3.4092e-47,1.5058e-120,1.5228e-164,2.1595e-140,3.0646e-66,2.7001e-30,6.2986e-36,4.3556e-89,3.7176e-58,1.0845e-126,7.5034e-67,2.6532e-09,4.9965e-113,7.237e-12,1.0646e-54,1.0337e-69,2.6142e-178,8.8208e-145,2.674e-63,3.3354e-176,2.6923e-124,3.9529e-30,1.4717e-57,8.7157e-72,6.7146e-22,4.6304e-73
2.1345e-94,5.0184e-127,3.8201e-41,1.2606e-107,6.3135e-65,4.9485e-149,2.9348e-149,1.9966e-152,3.8515e-163,6.8065e-17,4.9328e-115,1.2594e-09,1,1.432e-23,2.3049e-15,2.0662e-114,2.7111e-163,5.0951e-150,4.1803e-156,3.5379e-42,5.571e-111,1.2477e-12,1.4068e-45,9.1904e-28,2.4157e-147,3.5429e-48,4.0025e-122,1.0774e-162,2.1933e-138,3.3312e-67,1.9037e-28,7.0917e-33,4.222e-87,1.0857e-59,6.1486e-125,6.4428e-65,7.9236e-07,4.556e-111,7.4285e-11,4.3323e-53,1.8414e-67,2.1326e-176,5.4615e-143,4.3593e-65,2.3005e-174,2.5851e-122,1.2818e-30,1.0887e-58,2.4433e-70,4.1786e-20,3.1736e-71
3.2937e-72,8.9024e-105,1.9661e-20,6.4945e-130,3.948e-87,2.7404e-171,5.724e-127,3.7304e-130,7.5323e-141,4.7919e-11,2.7727e-137,2.4144e-26,1.432e-23,1,4.0573e-17,2.9439e-92,5.3178e-141,9.2847e-128,8.0995e-134,1.5104e-20,9.1304e-89,1.684e-34,9.7275e-68,2.9216e-49,4.787e-125,2.4895e-70,2.072e-144,1.8997e-140,4.104e-116,1.4864e-89,1.1876e-13,6.5533e-12,5.9421e-65,5.8923e-82,8.8367e-103,7.1458e-43,1.2767e-28,8.1727e-89,1.5941e-23,1.0423e-31,1.7572e-45,3.8285e-154,9.2576e-121,2.4576e-87,4.7281e-152,4.5102e-100,6.8961e-53,4.7597e-81,1.3193e-50,1.547e-18,1.901e-49
1.1708e-84,1.727e-117,2.3214e-30,1.0701e-117,9.8532e-75,6.471e-159,1.1264e-139,6.7935e-143,1.633e-153,4.1628e-12,8.6331e-125,3.71e-15,2.3049e-15,4.0573e-17,1,6.9672e-105,1.1457e-153,1.8053e-140,1.6262e-146,3.5561e-33,3.0432e-101,3.2713e-24,3.3243e-56,2.3004e-36,1.1437e-137,7.1845e-59,2.7212e-132,6.1271e-153,6.2461e-129,2.7206e-78,3.1794e-20,2.7522e-26,1.4774e-77,8.9719e-70,4.7648e-115,2.4181e-55,9.7839e-19,1.772e-101,8.7457e-13,4.4695e-43,3.2153e-58,9.9024e-167,5.3566e-133,6.7525e-75,1.4619e-164,1.06e-112,6.4194e-42,1.7287e-69,6.0215e-61,4.2002e-17,2.0305e-61
1.1916e-24,1.3839e-19,4.139e-76,8.664e-221,5.7051e-178,5.1203e-262,2.6109e-38,1.8685e-41,1.1897e-51,6.9754e-100,4.6645e-228,2.3908e-116,2.0662e-114,2.9439e-92,6.9672e-105,1,8.1773e-52,3.6621e-39,7.2176e-45,5.6599e-74,3.3919e-15,2.0679e-125,1.5708e-158,1.0059e-139,1.6293e-36,5.0408e-161,3.1955e-235,9.7794e-52,1.6905e-28,1.6821e-180,1.9576e-90,5.7856e-83,5.5434e-31,8.3795e-173,9.6504e-21,8.8014e-52,1.3964e-119,4.3579e-14,8.6037e-113,9.7104e-65,2.1618e-49,4.9067e-65,1.5204e-33,3.6856e-178,1.5526e-62,2.1306e-16,8.9278e-144,5.138e-172,7.4243e-58,5.6884e-103,3.0198e-47
3.0926e-70,8.1641e-38,1.4508e-124,5.617e-270,4.2014e-227,2.7434e-311,1.5208e-15,1.1111e-12,1.8101e-05,1.296e-148,2.8967e-277,3.242e-165,2.7111e-163,5.3178e-141,1.1457e-153,8.1773e-52,1,4.0632e-15,2.9088e-09,1.8201e-122,8.5451e-54,2.3312e-174,1.2666e-207,1.0021e-188,5.9775e-18,4.2832e-210,1.8663e-284,1.5114e-11,3.2953e-26,1.3929e-229,6.5458e-139,1.6032e-131,1.661e-77,6.6315e-222,1.1571e-41,1.0162e-99,1.6599e-168,2.1817e-53,1.1409e-161,8.6644e-113,3.4839e-97,8.4378e-17,2.6948e-24,2.791e-227,7.565e-13,2.9353e-42,9.0354e-193,4.2437e-221,4.9045e-103,1.7963e-151,1.7311e-94
4.5696e-57,4.9492e-25,2.2166e-111,1.0361e-256,7.4398e-214,4.9273e-298,2.399e-06,3.4915e-06,7.4024e-15,2.337e-135,5.2786e-264,5.6593e-152,5.0951e-150,9.2847e-128,1.8053e-140,3.6621e-39,4.0632e-15,1,1.6257e-08,3.0715e-109,1.2516e-40,4.3283e-161,2.322e-194,1.6918e-175,2.6126e-08,7.6589e-197,3.3739e-271,2.4685e-17,1.627e-13,2.7673e-216,1.0657e-125,3.2461e-118,2.5618e-64,1.2622e-208,2.0714e-29,1.4903e-86,3.1792e-155,2.6697e-40,1.9217e-148,1.1706e-99,6.3643e-84,1.3041e-28,1.5877e-14,5.2802e-214,6.802e-26,3.6584e-29,1.7992e-179,8.423e-208,2.543e-90,3.0319e-138,2.5088e-81
4.6121e-63,9.9131e-31,2.0868e-117,8.5178e-263,6.2993e-220,4.0297e-304,6.2851e-09,3.0558e-06,6.6782e-09,1.9443e-141,4.2916e-270,4.7582e-158,4.1803e-156,8.0995e-134,1.6262e-146,7.2176e-45,2.9088e-09,1.6257e-08,1,2.6421e-115,1.4119e-46,3.562e-167,1.8659e-200,1.4769e-181,1.4153e-11,6.5042e-203,2.7642e-277,4.5447e-13,4.8286e-19,2.194e-222,9.6605e-132,2.6337e-124,2.6527e-70,1.0066e-214,8.2723e-35,1.434e-92,2.6041e-161,2.9712e-46,1.6999e-154,1.1588e-105,5.725e-90,7.9201e-23,3.6684e-18,4.3117e-220,1.1286e-19,4.5246e-35,1.4389e-185,6.7205e-214,3.8568e-96,2.6042e-144,2.4602e-87
9.0996e-54,2.5635e-86,3.9568e-10,1.6196e-148,1.1088e-105,7.1061e-190,1.8854e-108,1.166e-111,2.5523e-122,5.0066e-28,7.9555e-156,3.3021e-44,3.5379e-42,1.5104e-20,3.5561e-33,5.6599e-74,1.8201e-122,3.0715e-109,2.6421e-115,1,3.3936e-70,3.7278e-53,2.2755e-86,1.6602e-67,1.5741e-106,6.1163e-89,4.8128e-163,6.1095e-122,1.2229e-97,2.714e-108,5.1137e-21,7.8683e-13,1.252e-46,1.6364e-100,2.6838e-84,7.3575e-25,2.917e-47,2.463e-70,4.3632e-41,8.2226e-16,9.3143e-28,1.2829e-135,2.9271e-102,7.6932e-106,1.7407e-133,1.3408e-81,1.5092e-71,9.6169e-100,2.1062e-36,6.3328e-33,8.9864e-32
6.692e-19,2.8738e-19,3.3119e-72,1.5212e-217,1.1728e-174,7.3119e-259,6.7241e-40,4.3016e-43,1.3437e-53,2.6292e-96,8.3305e-225,8.8019e-113,5.571e-111,9.1304e-89,3.0432e-101,3.3919e-15,8.5451e-54,1.2516e-40,1.4119e-46,3.3936e-70,1,5.0294e-122,2.6628e-155,2.9898e-136,3.7308e-38,8.5537e-158,4.4715e-232,1.4613e-53,2.4426e-29,2.9462e-177,9.6452e-87,2.371e-79,4.7221e-26,1.7999e-169,4.9438e-19,1.0335e-47,3.8922e-116,1.3467e-08,2.2801e-109,9.3132e-61,2.2657e-45,5.7528e-67,1.2235e-34,9.2527e-175,1.0219e-64,1.046e-14,2.062e-140,1.0424e-168,3.0889e-54,2.088e-99,7.3035e-43
1.9071e-105,4.6013e-138,6.925e-52,1.3116e-96,5.8644e-54,5.4354e-138,2.5105e-160,1.7068e-163,3.2906e-174,2.0179e-27,5.2684e-104,2.1942e-13,1.2477e-12,1.684e-34,3.2713e-24,2.0679e-125,2.3312e-174,4.3283e-161,3.562e-167,3.7278e-53,5.0294e-122,1,9.201e-35,8.2113e-18,2.109e-158,2.2746e-37,4.3039e-111,9.8183e-174,1.8637e-149,2.9674e-56,1.1214e-38,6.2672e-44,3.7694e-98,9.729e-49,6.0719e-136,6.4691e-76,1.524e-07,3.9419e-122,6.423e-17,6.6497e-64,1.7746e-78,1.8842e-187,5.2914e-154,4.0378e-54,2.0303e-185,2.2719e-133,6.3145e-20,1.0118e-47,1.3655e-80,1.6428e-28,3.7387e-82
1.0375e-138,2.4117e-171,6.9384e-85,8.0549e-64,2.1289e-22,4.5151e-105,1.3643e-193,8.7811e-197,1.7606e-207,2.1351e-60,2.885e-71,2.2281e-44,1.4068e-45,9.7275e-68,3.3243e-56,1.5708e-158,1.2666e-207,2.322e-194,1.8659e-200,2.2755e-86,2.6628e-155,9.201e-35,1,1.0111e-22,1.2049e-191,1.3053e-11,3.2238e-78,5.8771e-207,9.851e-183,2.387e-24,3.2573e-71,2.9879e-77,2.0084e-131,9.8755e-18,3.7563e-169,3.5783e-109,2.2017e-40,2.0847e-155,3.016e-48,7.3113e-97,9.1315e-112,1.0507e-220,3.1425e-187,1.2754e-22,1.1268e-218,1.1501e-166,8.6539e-18,2.1154e-16,1.5662e-112,8.9738e-60,2.7833e-115
1.1605e-119,1.8184e-152,2.5352e-65,1.3186e-82,9.4588e-40,7.568e-124,1.0286e-174,6.3252e-178,1.416e-188,7.2045e-42,9.7783e-90,1.6984e-25,9.1904e-28,2.9216e-49,2.3004e-36,1.0059e-139,1.0021e-188,1.6918e-175,1.4769e-181,1.6602e-67,2.9898e-136,8.2113e-18,1.0111e-22,1,1.0148e-172,1.5619e-25,3.1741e-97,5.5055e-188,6.552e-164,7.9337e-44,2.4509e-52,4.6605e-59,1.777e-112,4.9347e-35,4.8671e-150,3.6828e-90,1.4864e-22,1.7698e-136,2.4339e-29,1.1439e-77,6.3722e-93,9.224e-202,4.2387e-168,6.0695e-40,1.1318e-199,1.003e-147,1.2978e-12,5.2539e-35,7.9999e-94,1.3154e-41,3.4598e-96
2.0054e-54,1.4568e-22,1.3584e-108,5.6759e-254,4.3425e-211,2.7961e-295,2.517e-07,2.7679e-09,9.188e-18,1.1303e-132,2.9458e-261,3.132e-149,2.4157e-147,4.787e-125,1.1437e-137,1.6293e-36,5.9775e-18,2.6126e-08,1.4153e-11,1.5741e-106,3.7308e-38,2.109e-158,1.2049e-191,1.0148e-172,1,3.856e-194,1.8188e-268,1.3686e-19,4.7101e-12,1.235e-213,5.2286e-123,1.2505e-115,1.0761e-61,6.3693e-206,4.8828e-27,8.0195e-84,1.5149e-152,1.0564e-37,1.1032e-145,6.9993e-97,2.4141e-81,1.2389e-31,2.8176e-13,2.7796e-211,1.9858e-28,7.0232e-27,8.0803e-177,3.8968e-205,1.2727e-87,1.3641e-135,1.1268e-78
3.2721e-141,7.9436e-174,1.8074e-87,1.1657e-61,4.718e-21,7.7895e-103,4.5585e-196,3.1476e-199,6.0065e-210,5.2812e-63,4.036e-69,3.4092e-47,3.5429e-48,2.4895e-70,7.1845e-59,5.0408e-161,4.2832e-210,7.6589e-197,6.5042e-203,6.1163e-89,8.5537e-158,2.2746e-37,1.3053e-11,1.5619e-25,3.856e-194,1,5.9424e-76,2.0809e-209,3.3821e-185,2.0334e-22,1.2111e-73,9.6965e-80,7.7518e-134,4.7842e-17,1.3224e-171,1.2777e-111,5.3978e-43,6.95e-158,8.5489e-51,2.2538e-99,3.6355e-114,3.7016e-223,1.1138e-189,5.5043e-21,3.6172e-221,4.0673e-169,3.7344e-20,1.0755e-14,4.1103e-115,4.9313e-62,9.2558e-118
1.8311e-215,3.9099e-248,2.4273e-161,2.324e-18,6.6144e-59,1.7407e-30,1.9881e-270,1.2889e-273,2.5691e-284,5.999e-137,1.4517e-14,1.5058e-120,4.0025e-122,2.072e-144,2.7212e-132,3.1955e-235,1.8663e-284,3.3739e-271,2.7642e-277,4.8128e-163,4.4715e-232,4.3039e-111,3.2238e-78,3.1741e-97,1.8188e-268,5.9424e-76,1,1.0206e-283,1.4495e-259,1.7992e-56,2.2167e-147,5.8871e-154,3.6557e-208,4.5848e-64,8.3722e-246,7.6039e-186,6.9152e-117,3.3794e-232,3.0534e-124,2.3389e-173,1.7709e-188,1.7019e-297,5.8417e-264,8.4219e-59,1.6772e-295,1.8168e-243,7.1007e-93,1.1061e-64,6.3025e-188,2.45e-135,8.0063e-192
7.4423e-70,3.4718e-38,6.901e-124,3.0654e-269,2.2646e-226,1.6516e-310,1.011e-17,1.5899e-15,1.8728e-11,5.0809e-148,1.7443e-276,1.5228e-164,1.0774e-162,1.8997e-140,6.1271e-153,9.7794e-52,1.5114e-11,2.4685e-17,4.5447e-13,6.1095e-122,1.4613e-53,9.8183e-174,5.8771e-207,5.5055e-188,1.3686e-19,2.0809e-209,1.0206e-283,1,3.7984e-27,6.1336e-229,2.984e-138,4.9908e-131,4.1894e-77,3.3858e-221,1.4943e-41,3.1057e-99,6.996e-168,2.3644e-53,5.8631e-161,3.4969e-112,1.115e-96,5.8416e-20,6.2505e-25,1.6292e-226,1.3453e-16,2.0448e-42,4.0089e-192,2.0265e-220,1.7166e-102,7.7669e-151,5.9721e-94
1.3224e-45,2.2537e-14,6.9893e-100,4.3452e-245,3.0372e-202,2.0167e-286,8.9667e-13,1.5888e-15,5.3556e-26,9.4617e-124,2.0969e-252,2.1595e-140,2.1933e-138,4.104e-116,6.2461e-129,1.6905e-28,3.2953e-26,1.627e-13,4.8286e-19,1.2229e-97,2.4426e-29,1.8637e-149,9.851e-183,6.552e-164,4.7101e-12,3.3821e-185,1.4495e-259,3.7984e-27,1,1.2601e-204,3.6645e-114,1.4828e-106,8.7183e-53,4.9913e-197,6.2995e-20,5.4932e-75,1.3801e-143,6.2652e-29,7.1232e-137,3.447e-88,2.6876e-72,9.1501e-40,1.3357e-13,2.139e-202,3.3303e-37,4.1609e-18,7.8129e-168,3.6855e-196,1.4526e-79,1.0062e-126,5.9692e-70
1.0875e-160,2.8493e-193,5.1786e-107,2.8407e-42,3.5419e-12,1.6083e-83,1.5289e-215,1.1066e-218,1.9842e-229,3.3441e-82,4.1397e-50,3.0646e-66,3.3312e-67,1.4864e-89,2.7206e-78,1.6821e-180,1.3929e-229,2.7673e-216,2.194e-222,2.714e-108,2.9462e-177,2.9674e-56,2.387e-24,7.9337e-44,1.235e-213,2.0334e-22,1.7992e-56,6.1336e-229,1.2601e-204,1,5.8218e-93,7.6823e-99,2.4026e-153,4.7263e-13,3.9859e-191,3.9273e-131,5.6466e-62,2.2992e-177,4.5175e-70,6.2928e-119,1.3406e-133,1.2582e-242,2.9114e-209,1.1114e-11,1.0728e-240,1.3805e-188,7.0935e-38,3.9851e-10,3.8299e-134,4.7107e-81,3.2071e-137
2.4338e-70,8.1268e-103,1.3925e-19,6.8705e-133,3.507e-90,4.5392e-174,6.0753e-125,4.451e-128,9.5411e-139,3.5739e-17,4.4424e-140,2.7001e-30,1.9037e-28,1.1876e-13,3.1794e-20,1.9576e-90,6.5458e-139,1.0657e-125,9.6605e-132,5.1137e-21,9.6452e-87,1.1214e-38,3.2573e-71,2.4509e-52,5.2286e-123,1.2111e-73,2.2167e-147,2.984e-138,3.6645e-114,5.8218e-93,1,1.3155e-15,3.3347e-63,4.8731e-85,1.1489e-100,1.4001e-41,5.5668e-33,6.2778e-87,3.2138e-27,1.9587e-30,6.0129e-44,5.865e-152,1.807e-118,2.6596e-90,6.837e-150,5.3016e-98,1.583e-56,2.3924e-84,3.7953e-49,2.9929e-22,1.0675e-47
6.616e-63,2.6557e-95,2.3345e-15,1.7203e-139,7.7807e-97,6.7098e-181,1.7571e-117,1.384e-120,2.3632e-131,2.091e-19,6.5483e-147,6.2986e-36,7.0917e-33,6.5533e-12,2.7522e-26,5.7856e-83,1.6032e-131,3.2461e-118,2.6337e-124,7.8683e-13,2.371e-79,6.2672e-44,2.9879e-77,4.6605e-59,1.2505e-115,9.6965e-80,5.8871e-154,4.9908e-131,1.4828e-106,7.6823e-99,1.3155e-15,1,1.5206e-55,1.6481e-91,1.75e-93,7.4443e-34,5.572e-38,2.0583e-79,6.5435e-33,3.3848e-24,6.4196e-36,1.2769e-144,2.008e-111,6.1625e-97,1.1903e-142,1.5149e-90,3.8809e-62,2.0609e-90,1.2293e-43,2.6731e-25,1.435e-40
1.4525e-11,9.1748e-42,9.4097e-49,1.1135e-193,8.2781e-151,5.5619e-235,1.588e-63,1.312e-66,2.5482e-77,1.6067e-72,6.2449e-201,4.3556e-89,4.222e-87,5.9421e-65,1.4774e-77,5.5434e-31,1.661e-77,2.5618e-64,2.6527e-70,1.252e-46,4.7221e-26,3.7694e-98,2.0084e-131,1.777e-112,1.0761e-61,7.7518e-134,3.6557e-208,4.1894e-77,8.7183e-53,2.4026e-153,3.3347e-63,1.5206e-55,1,1.2636e-145,3.6413e-40,1.9604e-24,3.017e-92,5.3335e-26,1.6256e-85,1.4344e-37,7.4808e-22,1.237e-90,2.1042e-57,6.3034e-151,1.7606e-88,8.6673e-37,1.6592e-116,8.4731e-145,3.0535e-36,8.0155e-76,3.4721e-21
7.0369e-153,1.3353e-185,9.6702e-99,1.7988e-49,9.1874e-10,8.9183e-91,7.0765e-208,4.7095e-211,9.5174e-222,1.6751e-74,8.1666e-57,3.7176e-58,1.0857e-59,5.8923e-82,8.9719e-70,8.3795e-173,6.6315e-222,1.2622e-208,1.0066e-214,1.6364e-100,1.7999e-169,9.729e-49,9.8755e-18,4.9347e-35,6.3693e-206,4.7842e-17,4.5848e-64,3.3858e-221,4.9913e-197,4.7263e-13,4.8731e-85,1.6481e-91,1.2636e-145,1,2.8116e-183,2.5478e-123,2.085e-54,1.2297e-169,6.9043e-62,7.5169e-111,6.4531e-126,6.092e-235,2.2276e-201,8.8287e-10,6.2567e-233,7.2226e-181,5.8681e-31,2.0043e-08,3.5859e-126,2.0695e-73,2.7839e-129
2.5316e-33,1.4744e-14,4.3756e-86,2.6373e-231,1.9796e-188,1.414e-272,1.1666e-28,1.5847e-31,1.8629e-41,2.7725e-110,1.5843e-238,1.0845e-126,6.1486e-125,8.8367e-103,4.7648e-115,9.6504e-21,1.1571e-41,2.0714e-29,8.2723e-35,2.6838e-84,4.9438e-19,6.0719e-136,3.7563e-169,4.8671e-150,4.8828e-27,1.3224e-171,8.3722e-246,1.4943e-41,6.2995e-20,3.9859e-191,1.1489e-100,1.75e-93,3.6413e-40,2.8116e-183,1,8.6926e-62,4.4426e-130,4.361e-19,3.6995e-123,1.1897e-74,2.0079e-59,1.689e-54,1.5771e-23,1.4183e-188,4.3499e-52,2.3983e-13,2.5241e-154,1.4406e-182,6.2469e-67,2.8888e-113,9.8506e-57
1.8311e-31,1.0808e-63,5.722e-27,2.3401e-171,1.8103e-128,1.1536e-212,9.7305e-86,6.3911e-89,1.4323e-99,2.144e-50,1.2878e-178,7.5034e-67,6.4428e-65,7.1458e-43,2.4181e-55,8.8014e-52,1.0162e-99,1.4903e-86,1.434e-92,7.3575e-25,1.0335e-47,6.4691e-76,3.5783e-109,3.6828e-90,8.0195e-84,1.2777e-111,7.6039e-186,3.1057e-99,5.4932e-75,3.9273e-131,1.4001e-41,7.4443e-34,1.9604e-24,2.5478e-123,8.6926e-62,1,4.9876e-70,9.9824e-48,2.2184e-63,1.7399e-17,1.8726e-09,7.2904e-113,1.7829e-79,1.2264e-128,1.0565e-110,6.9629e-59,2.5738e-94,1.4532e-122,4.3774e-28,3.0205e-54,8.4594e-14
1.4867e-99,3.2133e-132,5.1243e-46,2.2792e-102,1.1863e-59,8.8636e-144,1.813e-154,1.26e-157,2.3877e-168,1.4176e-21,9.5186e-110,2.6532e-09,7.9236e-07,1.2767e-28,9.7839e-19,1.3964e-119,1.6599e-168,3.1792e-155,2.6041e-161,2.917e-47,3.8922e-116,1.524e-07,2.2017e-40,1.4864e-22,1.5149e-152,5.3978e-43,6.9152e-117,6.996e-168,1.3801e-143,5.6466e-62,5.5668e-33,5.572e-38,3.017e-92,2.085e-54,4.4426e-130,4.9876e-70,1,2.8962e-116,2.2749e-12,4.5695e-58,1.4976e-72,1.3845e-181,3.9077e-148,9.0273e-60,1.445e-179,1.7491e-127,2.6147e-25,2.0926e-53,4.1484e-75,1.7662e-23,2.7796e-76
3.6274e-19,1.4226e-18,1.727e-72,1.0425e-217,7.9442e-175,5.0473e-259,1.7635e-39,1.1898e-42,3.1865e-53,1.8963e-96,5.4343e-225,4.9965e-113,4.556e-111,8.1727e-89,1.772e-101,4.3579e-14,2.1817e-53,2.6697e-40,2.9712e-46,2.463e-70,1.3467e-08,3.9419e-122,2.0847e-155,1.7698e-136,1.0564e-37,6.95e-158,3.3794e-232,2.3644e-53,6.2652e-29,2.2992e-177,6.2778e-87,2.0583e-79,5.3335e-26,1.2297e-169,4.361e-19,9.9824e-48,2.8962e-116,1,1.862e-109,6.429e-61,2.7602e-45,9.7758e-67,3.2364e-34,5.3201e-175,2.3016e-64,7.1892e-14,1.5208e-140,7.5527e-169,1.8477e-54,1.4513e-99,4.0956e-43
9.1304e-93,1.904e-125,5.282e-39,9.6223e-110,5.8972e-67,6.2751e-151,1.1781e-147,7.778e-151,1.6463e-161,2.5878e-17,6.6731e-117,7.237e-12,7.4285e-11,1.5941e-23,8.7457e-13,8.6037e-113,1.1409e-161,1.9217e-148,1.6999e-154,4.3632e-41,2.2801e-109,6.423e-17,3.016e-48,2.4339e-29,1.1032e-145,8.5489e-51,3.0534e-124,5.8631e-161,7.1232e-137,4.5175e-70,3.2138e-27,6.5435e-33,1.6256e-85,6.9043e-62,3.6995e-123,2.2184e-63,2.2749e-12,1.862e-109,1,3.4049e-51,6.2849e-66,1.0051e-174,4.2431e-141,3.7861e-67,1.2777e-172,1.1416e-120,6.0266e-34,2.2756e-61,1.1677e-68,7.2062e-20,1.702e-69
1.7919e-44,7.2701e-77,2.0717e-16,7.9568e-159,5.8298e-116,4.5608e-200,7.6227e-99,4.6772e-102,1.2088e-112,7.283e-39,5.1638e-166,1.0646e-54,4.3323e-53,1.0423e-31,4.4695e-43,9.7104e-65,8.6644e-113,1.1706e-99,1.1588e-105,8.2226e-16,9.3132e-61,6.6497e-64,7.3113e-97,1.1439e-77,6.9993e-97,2.2538e-99,2.3389e-173,3.4969e-112,3.447e-88,6.2928e-119,1.9587e-30,3.3848e-24,1.4344e-37,7.5169e-111,1.1897e-74,1.7399e-17,4.5695e-58,6.429e-61,3.4049e-51,1,3.4758e-20,7.6403e-126,2.3111e-92,4.0223e-116,1.064e-123,5.093e-72,3.3354e-82,2.8274e-110,1.6107e-31,6.1831e-43,1.5278e-23
3.6023e-29,3.6698e-61,4.8895e-30,5.2078e-174,3.4111e-131,2.5661e-215,3.4353e-83,3.3931e-86,5.4529e-97,4.5974e-53,2.9471e-181,1.0337e-69,1.8414e-67,1.7572e-45,3.2153e-58,2.1618e-49,3.4839e-97,6.3643e-84,5.725e-90,9.3143e-28,2.2657e-45,1.7746e-78,9.1315e-112,6.3722e-93,2.4141e-81,3.6355e-114,1.7709e-188,1.115e-96,2.6876e-72,1.3406e-133,6.0129e-44,6.4196e-36,7.4808e-22,6.4531e-126,2.0079e-59,1.8726e-09,1.4976e-72,2.7602e-45,6.2849e-66,3.4758e-20,1,3.1351e-110,7.4405e-77,2.5182e-131,3.1625e-108,4.8501e-56,9.0623e-97,4.7241e-125,4.4749e-29,1.2453e-56,8.6054e-13
1.9805e-83,3.0067e-51,1.2058e-137,5.2603e-283,3.74e-240,4.9407e-324,2.7036e-29,4.1583e-26,8.9443e-17,9.9639e-162,2.7878e-290,2.6142e-178,2.1326e-176,3.8285e-154,9.9024e-167,4.9067e-65,8.4378e-17,1.3041e-28,7.9201e-23,1.2829e-135,5.7528e-67,1.8842e-187,1.0507e-220,9.224e-202,1.2389e-31,3.7016e-223,1.7019e-297,5.8416e-20,9.1501e-40,1.2582e-242,5.865e-152,1.2769e-144,1.237e-90,6.092e-235,1.689e-54,7.2904e-113,1.3845e-181,9.7758e-67,1.0051e-174,7.6403e-126,3.1351e-110,1,7.7861e-37,2.6456e-240,5.9111e-11,1.8265e-55,8.1824e-206,3.9348e-234,8.6448e-116,1.7503e-164,1.6987e-107
2.2439e-50,9.7235e-21,5.7951e-104,1.851e-249,1.507e-206,1.0645e-290,1.0065e-13,2.1205e-15,5.4468e-24,2.7591e-128,1.1885e-256,8.8208e-145,5.4615e-143,9.2576e-121,5.3566e-133,1.5204e-33,2.6948e-24,1.5877e-14,3.6684e-18,2.9271e-102,1.2235e-34,5.2914e-154,3.1425e-187,4.2387e-168,2.8176e-13,1.1138e-189,5.8417e-264,6.2505e-25,1.3357e-13,2.9114e-209,1.807e-118,2.008e-111,2.1042e-57,2.2276e-201,1.5771e-23,1.7829e-79,3.9077e-148,3.2364e-34,4.2431e-141,2.3111e-92,7.4405e-77,7.7861e-37,1,9.8501e-207,5.6234e-34,2.4287e-23,2.1098e-172,1.0928e-200,1.8497e-83,3.8061e-131,3.0433e-74
3.479e-158,5.5877e-191,5.8828e-104,3.3967e-44,3.4563e-07,2.2135e-85,3.0167e-213,1.9139e-216,3.963e-227,8.1349e-80,1.9847e-51,2.674e-63,4.3593e-65,2.4576e-87,6.7525e-75,3.6856e-178,2.791e-227,5.2802e-214,4.3117e-220,7.6932e-106,9.2527e-175,4.0378e-54,1.2754e-22,6.0695e-40,2.7796e-211,5.5043e-21,8.4219e-59,1.6292e-226,2.139e-202,1.1114e-11,2.6596e-90,6.1625e-97,6.3034e-151,8.8287e-10,1.4183e-188,1.2264e-128,9.0273e-60,5.3201e-175,3.7861e-67,4.0223e-116,2.5182e-131,2.6456e-240,9.8501e-207,1,2.7228e-238,2.8164e-186,2.8664e-36,5.6841e-11,2.2303e-131,1.4899e-78,1.3789e-134
3.7181e-81,1.0234e-48,1.9974e-135,5.2719e-281,4.3386e-238,2.7174e-322,2.4033e-26,1.8871e-23,5.7934e-13,1.1968e-159,2.9361e-288,3.3354e-176,2.3005e-174,4.7281e-152,1.4619e-164,1.5526e-62,7.565e-13,6.802e-26,1.1286e-19,1.7407e-133,1.0219e-64,2.0303e-185,1.1268e-218,1.1318e-199,1.9858e-28,3.6172e-221,1.6772e-295,1.3453e-16,3.3303e-37,1.0728e-240,6.837e-150,1.1903e-142,1.7606e-88,6.2567e-233,4.3499e-52,1.0565e-110,1.445e-179,2.3016e-64,1.2777e-172,1.064e-123,3.1625e-108,5.9111e-11,5.6234e-34,2.7228e-238,1,3.0198e-53,7.302e-204,3.4575e-232,1.316e-113,1.7512e-162,2.1637e-105
8.53e-30,7.0866e-10,1.1576e-83,5.6465e-229,4.1986e-186,2.7292e-270,1.9458e-28,2.9113e-31,5.3424e-42,1.1337e-107,3.1551e-236,2.6923e-124,2.5851e-122,4.5102e-100,1.06e-112,2.1306e-16,2.9353e-42,3.6584e-29,4.5246e-35,1.3408e-81,1.046e-14,2.2719e-133,1.1501e-166,1.003e-147,7.0232e-27,4.0673e-169,1.8168e-243,2.0448e-42,4.1609e-18,1.3805e-188,5.3016e-98,1.5149e-90,8.6673e-37,7.2226e-181,2.3983e-13,6.9629e-59,1.7491e-127,7.1892e-14,1.1416e-120,5.093e-72,4.8501e-56,1.8265e-55,2.4287e-23,2.8164e-186,3.0198e-53,1,9.5227e-152,4.5438e-180,1.913e-64,1.2248e-110,6.6278e-54
7.3452e-124,1.7679e-156,2.9738e-70,1.9813e-78,2.6256e-36,7.9611e-120,9.8289e-179,7.1999e-182,1.2959e-192,1.3718e-45,7.0538e-86,3.9529e-30,1.2818e-30,6.8961e-53,6.4194e-42,8.9278e-144,9.0354e-193,1.7992e-179,1.4389e-185,1.5092e-71,2.062e-140,6.3145e-20,8.6539e-18,1.2978e-12,8.0803e-177,3.7344e-20,7.1007e-93,4.0089e-192,7.8129e-168,7.0935e-38,1.583e-56,3.8809e-62,1.6592e-116,5.8681e-31,2.5241e-154,2.5738e-94,2.6147e-25,1.5208e-140,6.0266e-34,3.3354e-82,9.0623e-97,8.1824e-206,2.1098e-172,2.8664e-36,7.302e-204,9.5227e-152,1,2.0615e-29,3.0381e-98,3.1586e-45,1.8805e-100
3.9789e-152,8.7593e-185,2.7441e-98,2.8511e-50,1.4408e-11,1.2205e-91,4.6825e-207,3.334e-210,6.0882e-221,1.2091e-73,7.4791e-58,1.4717e-57,1.0887e-58,4.7597e-81,1.7287e-69,5.138e-172,4.2437e-221,8.423e-208,6.7205e-214,9.6169e-100,1.0424e-168,1.0118e-47,2.1154e-16,5.2539e-35,3.8968e-205,1.0755e-14,1.1061e-64,2.0265e-220,3.6855e-196,3.9851e-10,2.3924e-84,2.0609e-90,8.4731e-145,2.0043e-08,1.4406e-182,1.4532e-122,2.0926e-53,7.5527e-169,2.2756e-61,2.8274e-110,4.7241e-125,3.9348e-234,1.0928e-200,5.6841e-11,3.4575e-232,4.5438e-180,2.0615e-29,1,1.1508e-125,1.5002e-72,1.2795e-128
8.916e-41,5.9487e-69,3.3401e-37,1.5772e-173,3.5714e-131,2.1442e-214,1.2353e-89,9.9479e-93,7.4276e-103,4.5284e-57,1.3116e-180,8.7157e-72,2.4433e-70,1.3193e-50,6.0215e-61,7.4243e-58,4.9045e-103,2.543e-90,3.8568e-96,2.1062e-36,3.0889e-54,1.3655e-80,1.5662e-112,7.9999e-94,1.2727e-87,4.1103e-115,6.3025e-188,1.7166e-102,1.4526e-79,3.8299e-134,3.7953e-49,1.2293e-43,3.0535e-36,3.5859e-126,6.2469e-67,4.3774e-28,4.1484e-75,1.8477e-54,1.1677e-68,1.6107e-31,4.4749e-29,8.6448e-116,1.8497e-83,2.2303e-131,1.316e-113,1.913e-64,3.0381e-98,1.1508e-125,1,2.1619e-60,1.0582e-29
4.9147e-83,2.0804e-115,1.0407e-31,6.7192e-121,1.8625e-78,4.9659e-162,1.6629e-137,1.2126e-140,2.5978e-151,4.1652e-16,3.9547e-128,6.7146e-22,4.1786e-20,1.547e-18,4.2002e-17,5.6884e-103,1.7963e-151,3.0319e-138,2.6042e-144,6.3328e-33,2.088e-99,1.6428e-28,8.9738e-60,1.3154e-41,1.3641e-135,4.9313e-62,2.45e-135,7.7669e-151,1.0062e-126,4.7107e-81,2.9929e-22,2.6731e-25,8.0155e-76,2.0695e-73,2.8888e-113,3.0205e-54,1.7662e-23,1.4513e-99,7.2062e-20,6.1831e-43,1.2453e-56,1.7503e-164,3.8061e-131,1.4899e-78,1.7512e-162,1.2248e-110,3.1586e-45,1.5002e-72,2.1619e-60,1,2.9078e-60
2.4044e-27,8.7111e-59,3.5303e-33,2.5646e-177,1.8334e-134,1.4703e-218,1.3597e-80,1.015e-83,2.6293e-94,7.7964e-57,1.6123e-184,4.6304e-73,3.1736e-71,1.901e-49,2.0305e-61,3.0198e-47,1.7311e-94,2.5088e-81,2.4602e-87,8.9864e-32,7.3035e-43,3.7387e-82,2.7833e-115,3.4598e-96,1.1268e-78,9.2558e-118,8.0063e-192,5.9721e-94,5.9692e-70,3.2071e-137,1.0675e-47,1.435e-40,3.4721e-21,2.7839e-129,9.8506e-57,8.4594e-14,2.7796e-76,4.0956e-43,1.702e-69,1.5278e-23,8.6054e-13,1.6987e-107,3.0433e-74,1.3789e-134,2.1637e-105,6.6278e-54,1.8805e-100,1.2795e-128,1.0582e-29,2.9078e-60,1
