1,1.3611e-22,1.4336e-22,7.1607e-34,5.5733e-28,1.5458e-29,2.9147e-44,3.5359e-51,1.2469e-22,6.1065e-21,1.2156e-17,7.1932e-20,3.6334e-25,3.2407e-17,2.9846e-24,1.5579e-18,6.0267e-14,1.5697e-16,2.5147e-18,2.2926e-24,2.7295e-50,2.6115e-18,3.7682e-36,8.5149e-50,6.7813e-15,2.2661e-18,3.8237e-16,3.6649e-27,4.9759e-17,4.8078e-30,2.2855e-28,5.7312e-27,4.2191e-19,6.6449e-14,2.215e-31,3.9102e-30,3.2734e-21,8.0105e-16,7.9608e-37,5.4619e-21,1.4407e-52,9.7606e-23,1.9684e-51,4.3483e-34,1.5558e-20,1.139e-36,3.1512e-13,4.0815e-25,1.8942e-23,3.8223e-20,9.8675e-38,3.4949e-32,1.9168e-35,6.6868e-15,3.3624e-16,2.0573e-37,5.1867e-23,4.7221e-20,4.685e-22,9.8014e-34,1.3179e-30,1.9457e-27,2.9357e-49,4.9701e-67,1.0345e-39,2.185e-53,6.5991e-71,8.8263e-30,1.9428e-49,7.4076e-45,1.0506e-23,6.2388e-23,4.4109e-33,1.7301e-32,6.3647e-48,7.9221e-43,7.5562e-48,2.4498e-28,6.7552e-30,1.2993e-34,2.3916e-37,5.6253e-35,2.8338e-25,2.2209e-44,3.622e-48,5.1615e-26,7.5375e-57,8.9809e-55,8.1999e-61,3.7582e-57,2.6067e-50,1.2138e-50,2.8799e-22,7.2402e-46,4.7221e-30,1.8742e-43,1.5522e-66,6.2486e-69,6.5918e-56,5.3211e-23,2.7208e-45,1.226e-52,1.3455e-42,1.6544e-20,4.3676e-36,2.1849e-48,4.835e-28,8.7707e-43,2.4305e-24,2.0387e-34,5.9391e-42,5.0206e-19,2.536e-33,1.7347e-36,2.7266e-27,6.9207e-26,4.5883e-33,8.8714e-39,1.9719e-58,8.2082e-67
1.3611e-22,1,6.3743e-28,1.7431e-39,9.4931e-32,9.4593e-36,4.4685e-45,8.329e-46,9.4298e-34,5.2553e-26,5.8437e-27,1.5539e-27,6.0934e-30,7.6325e-25,8.2024e-32,4.0896e-24,7.5961e-25,5.9659e-26,3.5816e-23,3.6263e-32,2.2763e-46,2.7624e-26,8.7582e-34,7.3605e-45,3.032e-29,1.0229e-23,3.8166e-25,3.1922e-34,7.0127e-25,1.0077e-38,1.0413e-28,6.0183e-29,1.0868e-23,4.98e-20,1.9258e-38,1.2578e-33,3.582e-27,3.1646e-25,1.6362e-34,5.1484e-29,2.4932e-49,1.0671e-35,4.8114e-48,2.1634e-27,3.2514e-22,2.7193e-40,4.9889e-25,5.5755e-35,2.7085e-26,8.3121e-31,1.9573e-42,4.3655e-31,1.8405e-32,3.7229e-27,1.6331e-27,7.0314e-35,1.5473e-22,1.2831e-25,9.0843e-33,5.4425e-31,4.3091e-29,2.7606e-37,9.8642e-52,7.1149e-66,5.9503e-43,1.2015e-57,4.044e-73,8.1196e-36,9.8166e-45,8.6214e-46,2.0588e-23,4.6238e-33,2.5604e-42,1.3506e-30,1.9953e-47,1.0487e-41,6.5347e-45,2.9804e-26,1.5068e-23,4.2244e-34,2.4797e-39,7.3461e-42,5.66e-32,3.4071e-48,4.0987e-49,7.7488e-30,4.6274e-54,2.9225e-55,1.0121e-66,4.9004e-54,4.4444e-51,1.5928e-49,6.9182e-32,6.0044e-48,4.6252e-36,3.4115e-43,1.7523e-66,1.3253e-65,1.1598e-55,9.1818e-34,6.9768e-45,7.8751e-55,3.2806e-43,1.1497e-29,5.2845e-38,4.4606e-50,5.4718e-31,1.1457e-48,1.5497e-28,4.5473e-34,4.3374e-42,4.4691e-27,1.9559e-42,2.9762e-39,1.249e-32,1.3623e-33,2.8457e-29,2.8997e-46,1.8634e-58,1.4707e-63
1.4336e-22,6.3743e-28,1,1.0748e-32,7.0998e-24,2.0862e-25,7.1675e-35,4.7307e-42,1.1602e-24,3.642e-20,1.9549e-22,2.9274e-20,8.3065e-24,7.8337e-24,1.1391e-31,1.5991e-15,3.7995e-24,5.1014e-20,1.1386e-16,4.7835e-19,4.0442e-45,7.0604e-19,1.1959e-30,2.5007e-44,6.2745e-26,1.3504e-14,3.298e-20,4.686e-22,1.5345e-20,1.3209e-30,1.3643e-27,6.4484e-24,1.4064e-26,7.6671e-22,6.132e-28,4.5028e-32,1.4602e-22,4.2685e-19,5.8592e-33,1.7561e-25,2.98e-50,1.9198e-28,1.8989e-44,2.4207e-28,8.239e-23,1.7437e-37,2.355e-17,2.8153e-32,5.9856e-24,1.6627e-20,1.6012e-36,1.3681e-28,1.3354e-34,3.6025e-25,1.7451e-22,9.8521e-32,3.9182e-24,3.2158e-19,1.2704e-25,5.257e-26,6.6168e-26,2.6238e-29,2.1621e-39,6.3442e-56,1.8848e-29,3.0039e-46,7.1562e-62,1.5588e-26,1.1221e-38,1.2428e-39,1.4887e-21,9.8195e-33,1.2816e-33,9.5912e-28,7.4775e-39,3.6191e-37,3.8451e-40,5.8927e-27,9.0698e-30,5.8411e-32,1.6408e-29,1.249e-31,7.9148e-27,1.2133e-35,2.6237e-38,9.855e-19,4.0724e-50,3.0972e-50,1.1582e-53,3.2828e-45,5.1599e-44,1.1324e-43,5.3798e-30,6.5459e-39,2.8699e-26,3.9069e-35,6.244e-58,8.0855e-62,1.6159e-46,8.5003e-29,1.4015e-31,2.3679e-43,2.7683e-40,4.2918e-23,5.4953e-33,4.9584e-40,1.2719e-19,7.9296e-35,1.7627e-18,3.7179e-24,8.8778e-32,3.316e-24,2.894e-38,1.205e-35,3.825e-27,3.6559e-26,4.7334e-33,8.9099e-38,4.8803e-54,2.241e-55
7.1607e-34,1.7431e-39,1.0748e-32,1,3.867e-39,6.7218e-46,1.1521e-35,2.3103e-54,2.3694e-38,2.065e-23,6.908e-36,8.7605e-40,2.976e-43,4.6516e-39,1.8558e-24,1.5485e-35,1.1534e-38,1.891e-31,2.0549e-37,9.2041e-40,5.5045e-52,9.9295e-39,1.24e-40,1.1135e-51,4.7523e-36,1.5161e-32,5.949e-33,4.3266e-24,7.947e-39,3.5422e-39,9.9736e-39,4.9976e-40,4.0115e-40,7.9467e-37,1.8571e-14,3.4261e-36,7.6664e-29,4.383e-34,6.4814e-47,1.5791e-31,4.2782e-61,9.2519e-30,2.364e-49,4.6641e-41,4.5171e-33,2.3071e-24,1.2352e-31,1.9242e-24,2.0182e-41,3.3512e-30,2.3509e-40,7.9771e-44,2.1081e-42,5.6384e-35,1.3841e-34,7.4188e-43,4.6116e-37,9.804e-33,1.9767e-34,5.142e-46,8.7547e-42,2.2717e-32,3.2239e-52,8.7841e-71,1.4165e-34,8.5488e-34,4.0213e-53,4.7924e-18,5.9278e-42,1.0955e-61,4.9634e-32,1.0629e-35,5.2152e-46,1.5753e-39,7.006e-51,1.9842e-53,8.3619e-48,1.0079e-26,2.4777e-43,8.8369e-46,5.5653e-27,8.5863e-26,9.3945e-24,1.9563e-32,1.8686e-31,1.7575e-35,1.0989e-62,4.3546e-66,4.3499e-57,2.5245e-53,1.0875e-49,5.0155e-38,6.1755e-27,7.1339e-56,3.7048e-26,2.5192e-49,5.6972e-65,4.7489e-73,1.083e-52,3.3719e-44,6.7843e-43,4.3855e-46,2.3231e-58,1.0532e-39,3.0478e-30,3.6747e-32,4.1572e-33,3.4438e-26,8.119e-30,1.2414e-35,1.1961e-39,3.2221e-31,1.3943e-22,6.5839e-25,4.8868e-25,6.6162e-29,1.3598e-49,2.3903e-20,4.4833e-35,5.8855e-53
5.5733e-28,9.4931e-32,7.0998e-24,3.867e-39,1,2.9101e-24,8.1973e-35,9.8334e-38,1.6647e-25,1.9421e-23,3.0419e-20,5.1691e-18,3.1023e-19,2.9323e-30,2.4028e-38,2.3826e-18,2.5151e-22,3.6689e-26,8.4256e-21,1.2709e-24,5.1561e-41,7.1277e-20,2.1348e-34,9.4523e-41,1.7869e-31,3.5625e-28,6.7408e-21,1.8085e-29,3.1049e-23,1.7868e-35,1.8486e-23,1.1059e-13,2.0292e-28,4.1694e-29,9.6683e-36,5.8257e-31,8.1656e-23,7.6307e-21,8.1066e-25,1.8215e-28,1.3799e-40,1.3786e-33,6.9948e-43,2.74e-30,1.5704e-31,1.6613e-42,2.5733e-26,1.5199e-39,4.7784e-23,6.9395e-25,1.2954e-34,4.1885e-20,1.3788e-28,1.8414e-32,6.5429e-25,6.3344e-31,3.7872e-20,1.1111e-18,6.5213e-30,7.3014e-25,6.6067e-21,1.4724e-28,9.7317e-32,5.1703e-45,3.6385e-26,1.0444e-57,1.1806e-61,6.7659e-37,8.6799e-41,7.8139e-29,4.667e-25,1.0374e-41,1.0494e-31,1.0409e-22,3.5889e-35,1.7259e-33,1.6711e-35,3.0552e-27,1.788e-31,8.5897e-31,4.5086e-33,8.3308e-37,3.7497e-34,4.8134e-36,4.1678e-43,2.2428e-14,1.4233e-39,2.5679e-36,9.7277e-47,2.2779e-42,6.9016e-41,2.6355e-45,8.0521e-36,1.386e-31,5.5964e-33,5.077e-33,1.0167e-46,4.8515e-49,7.4715e-46,4.0743e-28,8.1032e-31,6.1625e-39,2.3284e-24,1.7864e-31,2.287e-45,1.3349e-48,5.7081e-27,2.9213e-37,1.9168e-18,9.5757e-25,7.1466e-26,6.8124e-22,2.3559e-44,1.0424e-37,3.6018e-37,2.2473e-25,1.904e-38,8.5015e-42,4.0729e-58,5.4229e-55
1.5458e-29,9.4593e-36,2.0862e-25,6.7218e-46,2.9101e-24,1,9.5647e-45,2.7992e-49,1.0966e-33,4.0071e-33,4.6767e-28,2.5166e-20,1.0835e-25,1.8089e-27,8.6875e-42,3.9749e-22,3.5884e-27,9.0545e-27,2.6865e-25,1.4513e-27,9.4607e-54,1.4475e-17,5.7089e-48,6.3732e-53,5.3074e-32,1.4053e-29,1.2359e-24,1.2538e-34,2.7327e-26,3.3823e-35,6.2633e-35,4.0316e-28,8.0064e-26,5.0413e-29,3.4652e-41,9.4355e-39,1.9396e-34,3.7105e-26,1.1908e-37,2.4587e-26,5.9946e-53,3.1264e-31,1.2616e-54,7.9445e-41,2.5061e-34,2.2527e-53,2.6061e-25,9.9507e-41,5.277e-31,6.9833e-30,8.6086e-41,6.14e-35,2.4731e-43,3.5726e-31,4.5007e-23,8.9949e-43,4.2895e-31,3.2683e-28,4.4782e-27,2.73e-34,1.3665e-32,1.2546e-30,7.8811e-37,5.7165e-52,1.4177e-36,9.3958e-61,1.4909e-69,3.4397e-42,4.2052e-49,2.256e-30,9.5483e-31,5.6417e-39,1.7408e-25,5.1084e-34,2.8853e-42,1.3335e-37,4.171e-47,9.194e-38,2.348e-39,1.0244e-39,8.0524e-43,3.3694e-41,3.8129e-36,3.964e-42,1.6871e-51,1.4926e-24,1.257e-48,1.2825e-42,4.7271e-49,1.0299e-49,3.1904e-47,1.1246e-55,5.9101e-36,2.3012e-32,3.9686e-34,3.1695e-41,2.2674e-56,3.0718e-60,1.9609e-51,9.9753e-24,2.3616e-37,2.5251e-46,8.6903e-36,3.1982e-28,6.0534e-48,7.1046e-56,1.7036e-34,2.837e-47,2.3596e-29,2.8363e-36,2.5176e-39,1.3396e-28,6.663e-48,6.2544e-49,2.0856e-41,9.8756e-33,7.8359e-37,2.7291e-47,8.1876e-68,5.4039e-67
2.9147e-44,4.4685e-45,7.1675e-35,1.1521e-35,8.1973e-35,9.5647e-45,1,2.3744e-38,1.6357e-40,5.1954e-32,3.8391e-37,7.1445e-40,2.2111e-41,8.584e-49,8.4345e-47,2.3188e-36,4.6385e-43,3.9711e-41,8.5375e-39,6.1997e-41,4.4292e-36,1.1041e-40,5.2825e-36,1.4429e-39,9.7902e-48,4.6167e-40,3.8733e-35,1.235e-27,4.8505e-41,2.8386e-35,5.4945e-30,1.6841e-33,2.3655e-45,2.331e-46,3.4902e-31,8.2472e-40,1.8333e-33,2.5222e-39,7.5158e-34,5.0982e-42,2.1309e-44,5.2704e-44,3.9653e-26,1.0977e-33,3.8477e-41,1.3906e-39,1.3607e-40,1.2821e-45,1.2567e-40,1.1807e-33,1.6148e-38,2.6035e-34,1.4487e-38,2.5339e-47,4.9169e-43,7.8464e-31,3.3643e-34,4.8274e-34,9.0075e-43,3.166e-38,7.9728e-33,2.0668e-41,1.3766e-39,1.2972e-49,4.8562e-25,1.9388e-45,5.1498e-45,1.881e-36,1.4694e-37,2.3414e-50,4.1511e-32,1.7608e-52,7.9473e-48,4.4411e-29,5.0334e-39,5.0169e-44,1.7952e-31,3.7197e-32,1.2694e-40,8.5731e-42,8.1254e-24,2.2961e-39,1.7656e-40,9.6138e-37,2.8435e-32,3.1684e-28,1.067e-50,3.0196e-55,1.2154e-44,1.8053e-40,7.4575e-40,5.4875e-34,2.3935e-45,2.4825e-49,2.9625e-41,3.5795e-34,6.7048e-48,2.3778e-56,2.8485e-37,5.2691e-49,4.4059e-33,1.3054e-42,1.9495e-46,9.024e-45,1.1964e-43,1.4355e-36,3.2053e-36,1.8542e-31,5.4663e-33,2.4645e-30,2.2305e-29,1.837e-37,3.8882e-48,9.2477e-45,1.0812e-37,1.6983e-35,5.2677e-51,3.15e-40,4.579e-53,1.4698e-39
3.5359e-51,8.329e-46,4.7307e-42,2.3103e-54,9.8334e-38,2.7992e-49,2.3744e-38,1,9.5024e-46,1.7856e-41,2.3775e-43,2.1889e-45,5.8474e-45,8.7832e-55,1.5195e-58,2.2426e-42,4.0013e-47,1.6213e-51,9.7994e-42,1.0014e-43,3.1826e-23,6.7477e-46,3.2735e-36,7.8788e-22,1.4833e-56,5.4837e-48,4.5723e-43,8.3628e-49,1.2372e-47,2.3934e-54,9.7222e-33,2.372e-33,5.4072e-52,4.251e-51,4.0868e-50,1.1147e-41,5.1775e-42,1.1447e-44,2.4205e-24,2.195e-53,5.704e-27,2.8819e-60,9.3258e-32,4.9122e-26,1.0191e-48,1.34e-52,1.9676e-51,1.7951e-61,2.0465e-42,1.7319e-44,8.6595e-40,7.786e-27,8.5609e-31,2.9811e-57,5.3461e-53,1.3487e-23,1.2155e-34,2.4183e-42,9.1381e-58,5.3684e-28,9.4854e-27,2.5897e-56,3.2371e-45,3.3233e-46,1.7783e-38,3.0504e-68,5.9202e-59,6.002e-53,1.5937e-44,4.8081e-46,2.4128e-38,5.0103e-66,2.1939e-59,2.589e-33,9.1966e-44,3.6313e-31,1.1701e-30,1.9715e-39,1.0981e-37,4.7098e-46,1.4961e-40,7.6077e-57,1.885e-55,5.1427e-54,3.3633e-47,3.9589e-38,1.3103e-41,6.6843e-50,9.1997e-60,2.2121e-39,5.5458e-49,1.0117e-37,1.965e-58,2.0958e-51,1.6148e-53,8.2529e-37,7.5317e-47,6.9818e-47,1.0466e-46,2.3242e-58,1.0818e-43,8.1219e-53,1.203e-38,3.4844e-56,2.6937e-62,5.7803e-55,3.8854e-45,9.6891e-50,1.1174e-39,1.9439e-38,5.1331e-38,3.2174e-45,4.0672e-62,7.0054e-54,6.3049e-49,9.78e-48,1.6209e-53,7.5633e-60,8.5579e-67,1.6437e-42
1.2469e-22,9.4298e-34,1.1602e-24,2.3694e-38,1.6647e-25,1.0966e-33,1.6357e-40,9.5024e-46,1,9.6524e-23,1.7646e-17,2.8559e-22,1.2322e-21,2.0625e-28,3.7537e-34,1.1942e-21,2.7254e-19,1.8461e-24,8.5915e-21,2.5637e-18,1.0562e-44,1.0325e-24,2.6561e-29,2.076e-44,2.7743e-22,4.6909e-25,4.478e-22,1.8026e-27,1.8095e-20,4.2724e-34,7.9973e-25,9.1006e-23,3.299e-31,5.7644e-28,1.6087e-32,1.0014e-29,2.0944e-19,1.6594e-19,8.5578e-31,8.1047e-30,1.6751e-47,4.4133e-30,5.4189e-46,1.7906e-33,8.2568e-27,1.5442e-37,8.5323e-25,2.0839e-37,8.4885e-23,5.1093e-19,1.9039e-34,1.7621e-25,3.702e-31,8.0102e-28,2.2348e-25,4.4466e-33,1.1411e-24,1.4413e-18,4.983e-30,8.0036e-29,9.3589e-29,6.4858e-32,6.4048e-44,6.3962e-60,1.4295e-34,1.1907e-56,1.0002e-65,3.0916e-31,6.598e-50,2.2776e-41,6.0117e-30,7.2331e-36,2.0057e-36,2.1926e-30,5.8996e-45,7.2527e-42,4.2572e-44,4.5558e-31,7.0726e-35,3.4446e-34,8.9817e-37,3.7891e-39,2.2507e-33,2.6911e-43,1.4292e-45,6.9997e-24,3.5652e-52,1.9569e-50,5.3347e-56,9.4915e-53,7.5679e-47,3.5908e-49,5.3691e-33,3.0715e-44,2.6601e-36,1.0133e-41,1.9366e-59,1.8705e-62,9.4968e-52,2.4896e-30,3.4615e-43,2.1343e-49,1.4813e-38,1.744e-26,2.231e-44,4.0464e-46,3.5819e-28,5.695e-41,6.842e-23,6.3921e-34,4.3765e-38,5.9309e-24,9.2487e-37,7.4841e-39,1.4402e-32,2.0493e-27,1.3117e-40,2.4422e-42,1.642e-59,3.359e-62
6.1065e-21,5.2553e-26,3.642e-20,2.065e-23,1.9421e-23,4.0071e-33,5.1954e-32,1.7856e-41,9.6524e-23,1,1.5726e-18,9.4682e-25,2.2813e-26,1.4875e-27,9.9881e-24,6.5783e-19,4.1947e-22,1.0697e-20,3.3191e-20,1.9529e-24,4.6375e-39,9.7626e-24,1.7254e-27,9.5209e-39,2.0461e-25,9.2993e-21,7.2241e-18,2.546e-19,1.4775e-24,1.8364e-31,7.1388e-22,1.4656e-22,8.3393e-27,6.5486e-24,2.9436e-20,2.6631e-22,1.1739e-14,1.4356e-18,2.8874e-29,8.7564e-23,9.3054e-46,1.0518e-25,1.9844e-40,5.6179e-26,2.5482e-20,9.9758e-28,4.6255e-21,4.2793e-28,1.0743e-26,3.3789e-18,1.0062e-28,2.1967e-25,6.6208e-27,7.1599e-25,2.6649e-23,9.1106e-28,5.1733e-19,2.2823e-16,2.2261e-27,4.0014e-29,2.7888e-24,2.5521e-27,2.7659e-43,1.3948e-59,1.3517e-27,1.1443e-46,2.3886e-57,7.5409e-22,1.332e-40,4.0005e-45,1.0906e-18,1.1858e-32,9.5007e-38,2.8231e-24,6.8028e-44,2.7959e-38,5.4172e-39,6.5807e-15,1.3382e-28,1.0212e-34,3.107e-24,6.9891e-29,2.5428e-24,3.9894e-35,2.7143e-35,2.6459e-21,3.3664e-51,3.0466e-53,5.5226e-54,3.0423e-47,2.2109e-46,1.2826e-36,8.5782e-25,4.2484e-45,5.7959e-25,3.5351e-39,1.193e-57,8.5579e-62,7.6937e-48,3.3957e-33,7.8351e-37,1.0162e-43,6.4422e-42,5.3086e-29,5.8766e-35,7.9499e-39,1.8071e-22,2.5719e-30,1.7097e-13,5.0485e-27,3.7909e-31,1.1496e-16,1.6357e-28,1.5247e-27,2.6539e-23,3.5251e-22,5.8239e-37,1.9894e-29,2.0621e-47,3.9212e-52
1.2156e-17,5.8437e-27,1.9549e-22,6.908e-36,3.0419e-20,4.6767e-28,3.8391e-37,2.3775e-43,1.7646e-17,1.5726e-18,1,5.6645e-17,3.2334e-17,1.5314e-23,3.6488e-31,6.1558e-16,5.6075e-13,5.0425e-19,4.6279e-14,1.0564e-21,7.737e-42,5.3829e-18,7.0529e-30,7.0068e-41,2.8174e-21,2.8692e-21,1.2772e-14,2.1187e-25,5.2225e-18,4.4816e-32,3.8327e-19,2.2372e-16,3.6612e-24,1.1349e-21,1.7517e-30,8.5953e-27,1.1171e-14,5.5372e-13,1.5535e-26,6.4863e-23,2.8508e-42,1.2188e-26,1.1962e-43,1.5997e-28,1.6379e-23,4.5123e-36,2.5518e-19,7.0513e-33,1.0652e-18,3.3882e-18,1.1244e-30,1.2764e-21,3.3477e-28,2.6077e-23,2.1345e-19,2.7951e-29,2.9685e-16,4.3027e-10,8.0109e-26,1.1986e-25,3.5194e-23,6.5908e-24,1.4322e-39,1.3086e-57,5.6603e-31,1.3613e-56,1.1758e-64,1.6889e-30,1.7822e-48,2.2924e-35,1.3613e-23,6.5661e-34,1.4681e-33,4.1573e-22,8.6879e-44,1.571e-36,7.4981e-40,3.572e-25,8.219e-29,4.0109e-33,9.0858e-34,1.7586e-32,1.9633e-28,6.6429e-41,1.5331e-43,1.6784e-18,6.8166e-46,3.8992e-44,4.6675e-54,5.7865e-52,8.1651e-47,2.7876e-46,6.3187e-28,5.9684e-38,1.3342e-30,1.4229e-39,2.5937e-57,4.6654e-59,3.3226e-52,1.017e-23,2.079e-40,1.4511e-43,3.4023e-33,8.8345e-24,2.4507e-42,8.0363e-45,1.4851e-26,8.3302e-38,4.4956e-18,1.6371e-31,4.0809e-34,4.1486e-18,1.4218e-36,1.6125e-37,8.3696e-30,2.1267e-24,1.6075e-34,1.733e-37,6.3557e-59,3.8918e-61
7.1932e-20,1.5539e-27,2.9274e-20,8.7605e-40,5.1691e-18,2.5166e-20,7.1445e-40,2.1889e-45,2.8559e-22,9.4682e-25,5.6645e-17,1,3.4728e-13,5.9003e-22,1.4641e-35,1.8868e-13,3.8448e-15,1.5101e-17,9.7385e-16,6.3348e-22,2.3299e-48,2.1056e-13,5.992e-36,1.4836e-47,1.9606e-23,1.3253e-22,1.5423e-17,3.5168e-28,5.0034e-14,2.8087e-31,9.9359e-27,3.0056e-17,6.3813e-23,3.6478e-22,1.6546e-35,6.8423e-33,1.3092e-23,1.1476e-14,4.1137e-31,2.5672e-25,3.1691e-48,2.9501e-27,1.1822e-48,1.6487e-33,9.854e-27,4.2046e-42,1.2256e-17,1.8144e-33,2.5061e-15,3.285e-20,2.7549e-39,3.447e-26,6.1114e-35,3.0217e-24,2.1045e-15,4.268e-35,4.231e-22,4.641e-16,3.4664e-22,1.9033e-26,1.3624e-25,9.215e-26,2.5035e-35,1.0423e-53,2.3073e-33,9.2678e-57,4.2209e-67,7.9456e-34,2.53e-45,4.6653e-31,2.5308e-25,6.4017e-33,1.5185e-26,1.1017e-25,5.7534e-38,1.397e-38,1.2169e-41,6.0226e-30,1.5598e-32,3.5982e-28,5.4841e-37,1.7291e-36,1.8752e-28,2.4899e-38,9.0326e-46,1.7909e-15,4.5651e-46,5.275e-41,4.2458e-50,3.5135e-49,2.8721e-42,1.5344e-51,2.802e-30,9.415e-34,4.0656e-33,8.2515e-37,3.9972e-56,1.0612e-56,2.1597e-49,1.426e-17,2.4049e-36,2.4376e-43,9.5066e-31,2.4094e-21,6.7707e-41,2.3061e-47,5.6399e-27,1.6366e-42,1.1353e-22,1.0526e-27,4.0538e-36,9.3393e-20,5.2411e-42,6.2837e-41,2.1319e-34,4.5315e-24,4.1605e-31,3.9787e-43,1.4305e-61,1.5358e-63
3.6334e-25,6.0934e-30,8.3065e-24,2.976e-43,3.1023e-19,1.0835e-25,2.2111e-41,5.8474e-45,1.2322e-21,2.2813e-26,3.2334e-17,3.4728e-13,1,4.1865e-26,2.1737e-39,2.5642e-17,1.1443e-18,3.3245e-22,2.3772e-17,1.0349e-23,5.0536e-47,2.5092e-19,1.1328e-33,1.8239e-45,2.2726e-26,3.8068e-26,2.3658e-23,4.2172e-31,5.8272e-18,1.7756e-35,8.1811e-27,3.3867e-16,5.6776e-28,4.4238e-27,4.2857e-38,4.3461e-34,4.4485e-25,2.9099e-18,5.6456e-29,8.666e-30,2.276e-46,1.4987e-31,2.2928e-47,2.6455e-33,1.1725e-28,2.7663e-43,2.3385e-24,1.2917e-39,6.7664e-17,1.3374e-24,5.8934e-40,7.8316e-24,3.511e-33,1.0963e-28,1.7199e-20,1.2208e-34,9.316e-24,1.7788e-15,2.922e-27,1.3948e-24,1.3346e-26,4.902e-29,1.6554e-34,4.3348e-52,4.8826e-34,1.2868e-60,3.9117e-67,3.3527e-36,5.875e-47,9.0951e-28,3.3648e-29,7.1679e-38,5.2385e-32,3.258e-24,1.5436e-39,8.6215e-40,1.5081e-41,3.9163e-31,5.3292e-34,2.7114e-28,3.7837e-39,1.9067e-38,1.9518e-33,1.5763e-39,1.9297e-46,3.6388e-18,1.8102e-44,2.3274e-38,2.7132e-51,9.3031e-50,1.6402e-45,2.5696e-53,2.9485e-34,1.1461e-34,1.2911e-35,5.4441e-38,8.8548e-56,1.5458e-54,1.6835e-50,1.2001e-22,1.5645e-37,5.5435e-43,1.8378e-29,1.0619e-24,1.845e-45,4.1717e-49,1.5869e-28,7.427e-44,3.1818e-23,1.7626e-30,7.5584e-37,1.8873e-23,2.8371e-45,9.9748e-43,9.8203e-39,1.289e-28,9.6561e-33,1.5687e-45,5.3615e-64,3.922e-63
3.2407e-17,7.6325e-25,7.8337e-24,4.6516e-39,2.9323e-30,1.8089e-27,8.584e-49,8.7832e-55,2.0625e-28,1.4875e-27,1.5314e-23,5.9003e-22,4.1865e-26,1,9.0411e-29,4.9649e-21,7.3598e-19,5.6523e-17,4.2093e-19,2.3104e-24,3.9915e-56,8.5076e-19,8.882e-41,7.1202e-54,8.8759e-15,1.1985e-17,3.9405e-23,2.1882e-30,1.897e-21,2.3841e-36,3.7815e-34,2.0886e-31,1.3191e-20,5.3168e-13,1.128e-36,2.0692e-34,1.8269e-26,4.3276e-20,4.9634e-41,1.0407e-22,5.5733e-57,4.0264e-25,6.1411e-57,1.9912e-37,5.5245e-23,2.859e-44,1.0138e-15,1.5884e-28,2.9354e-27,1.7963e-28,1.1764e-41,4.6122e-36,4.8791e-41,8.9466e-15,5.6637e-16,5.7018e-43,2.2268e-27,1.4529e-23,9.0237e-20,4.3463e-36,4.4202e-35,2.2675e-29,2.3961e-51,1.3409e-67,4.4742e-44,1.4627e-57,1.1174e-75,3.5813e-33,2.0875e-50,3.3486e-42,1.6708e-29,1.4835e-21,2.9768e-32,4.349e-37,1.0515e-48,1.9099e-43,2.869e-52,7.9516e-34,1.6605e-33,2.4034e-35,9.9e-43,6.2748e-37,3.419e-27,3.8654e-45,3.9851e-53,4.6539e-29,1.3179e-56,8.0825e-55,2.0966e-63,2.9104e-58,1.2909e-52,7.5231e-57,1.1948e-26,1.294e-43,4.9023e-30,1.3481e-48,2.6544e-68,1.3471e-70,2.9554e-60,4.4188e-20,8.384e-46,1.4159e-53,8.1053e-45,3.8675e-18,2.9476e-36,1.1676e-51,1.2989e-29,1.2859e-48,2.1686e-28,4.1279e-37,3.4144e-44,4.6117e-23,4.1503e-38,5.2381e-40,2.8062e-31,6.5756e-30,1.3482e-31,2.9507e-43,1.3798e-61,7.2766e-71
2.9846e-24,8.2024e-32,1.1391e-31,1.8558e-24,2.4028e-38,8.6875e-42,8.4345e-47,1.5195e-58,3.7537e-34,9.9881e-24,3.6488e-31,1.4641e-35,2.1737e-39,9.0411e-29,1,3.8112e-30,7.0356e-31,4.1329e-24,2.2473e-32,2.4691e-34,4.7408e-56,6.8583e-32,8.3625e-44,2.1713e-55,1.8455e-25,1.477e-26,2.1415e-28,2.4047e-29,4.9513e-34,4.4802e-39,1.3554e-37,2.8848e-39,3.8342e-29,9.7838e-26,2.4792e-27,2.4433e-31,3.7885e-27,8.5521e-30,1.488e-47,3.6532e-24,8.6115e-63,5.7855e-23,7.8598e-57,9.1402e-42,2.4742e-27,3.968e-35,6.6923e-25,3.0824e-21,1.7479e-38,2.9147e-28,1.0564e-39,4.006e-43,1.8647e-43,7.5135e-23,1.3853e-27,1.1894e-45,6.8661e-34,6.3066e-31,1.8171e-29,1.3776e-46,1.4918e-40,1.6407e-29,4.6495e-57,3.0614e-75,3.1025e-41,4.0078e-46,2.8597e-68,5.6867e-26,7.2152e-51,1.7587e-58,1.5902e-31,7.9326e-25,9.1502e-41,2.487e-41,6.3729e-58,1.2378e-50,2.7178e-54,6.9758e-28,1.1956e-39,1.0532e-45,4.2356e-36,4.0134e-31,4.6268e-25,2.0631e-43,9.87e-46,1.2606e-36,3.0908e-64,5.3039e-66,9.8031e-67,1.4647e-61,2.5141e-56,9.6278e-46,7.47e-20,3.1539e-54,1.8883e-27,1.5587e-54,3.0241e-71,5.5803e-76,1.1072e-58,1.136e-36,2.9624e-48,4.3366e-53,3.9218e-56,1.0479e-32,5.3261e-33,1.4311e-45,7.3499e-32,2.0779e-38,1.6932e-27,1.1825e-39,9.9075e-44,2.5955e-27,1.0444e-22,1.3781e-28,3.8752e-28,5.3888e-30,2.6979e-42,3.7432e-27,2.5978e-47,1.7743e-65
1.5579e-18,4.0896e-24,1.5991e-15,1.5485e-35,2.3826e-18,3.9749e-22,2.3188e-36,2.2426e-42,1.1942e-21,6.5783e-19,6.1558e-16,1.8868e-13,2.5642e-17,4.9649e-21,3.8112e-30,1,4.7489e-16,4.2015e-16,1.1279e-11,1.2247e-17,5.5366e-43,1.0943e-11,9.6142e-33,2.4763e-43,8.1351e-23,4.0469e-17,3.8214e-14,9.2537e-24,1.3526e-17,4.017e-28,5.7121e-22,1.3819e-17,2.8521e-20,9.6605e-19,6.0486e-31,3.4424e-25,3.7012e-19,1.2949e-16,2.0434e-28,1.1154e-21,5.7521e-46,3.5647e-25,4.9035e-44,1.718e-27,1.2796e-21,2.0325e-40,1.9958e-16,7.0625e-32,9.7269e-21,1.5318e-18,3.4372e-32,7.0378e-24,2.8075e-31,5.1408e-22,4.3787e-17,1.7362e-30,1.7281e-17,7.3588e-14,1.8814e-22,2.7795e-25,3.2745e-21,5.7887e-25,4.5933e-38,2.7462e-54,1.0581e-29,1.155e-52,3.4327e-65,2.0469e-30,2.9865e-43,2.8544e-34,1.2487e-20,5.1508e-32,1.4373e-28,3.1635e-23,3.5534e-41,1.2102e-34,4.5835e-39,7.5324e-24,1.1545e-29,1.3509e-30,1.3407e-31,1.8642e-33,4.9705e-28,3.4927e-39,2.4385e-42,3.5998e-15,8.192e-47,1.6195e-45,2.9549e-53,9.5978e-49,9.8671e-45,3.0897e-45,4.9987e-29,1.154e-35,4.753e-30,1.7681e-36,7.831e-57,3.06e-58,1.3817e-46,1.5638e-23,6.8548e-34,2.7241e-43,8.4939e-34,1.9515e-19,4.8266e-37,3.8326e-45,7.9395e-22,4.9209e-39,4.0791e-16,1.4499e-26,1.4613e-31,1.9322e-17,4.3949e-38,1.3711e-37,7.6185e-30,8.8754e-24,4.5492e-30,5.3079e-38,2.8683e-58,3.8092e-59
6.0267e-14,7.5961e-25,3.7995e-24,1.1534e-38,2.5151e-22,3.5884e-27,4.6385e-43,4.0013e-47,2.7254e-19,4.1947e-22,5.6075e-13,3.8448e-15,1.1443e-18,7.3598e-19,7.0356e-31,4.7489e-16,1,4.4702e-19,2.446e-14,1.0116e-20,2.4362e-46,5.636e-16,2.3492e-34,7.8292e-46,3.1906e-17,5.5079e-21,1.0736e-15,3.1832e-29,1.378e-16,4.042e-32,5.5651e-24,8.3418e-21,3.9738e-22,6.6514e-19,5.1015e-35,1.9024e-28,2.3454e-19,1.3752e-15,3.7267e-30,1.1351e-23,2.7995e-46,4.9685e-27,2.9278e-48,6.1897e-32,8.9206e-22,2.479e-40,2.1487e-17,1.0448e-32,1.0263e-20,1.3923e-21,2.4347e-34,1.282e-25,7.6243e-32,5.7085e-20,2.4459e-17,4.0147e-34,4.7649e-19,1.4908e-16,3.5543e-25,4.5065e-29,1.3419e-25,9.7541e-28,2.8194e-45,3.2865e-61,3.6092e-37,1.1936e-59,2.2173e-71,5.7928e-34,1.2964e-49,7.0978e-37,3.4489e-25,8.7975e-31,1.4008e-33,7.0342e-29,9.4697e-46,8.3973e-39,1.1877e-43,3.2274e-29,3.5186e-29,9.9572e-33,3.1659e-38,2.589e-37,1.2303e-30,1.1575e-44,9.8721e-50,2.4504e-22,4.7308e-49,7.6646e-47,4.1262e-58,6.2868e-55,3.0389e-49,1.3503e-50,1.011e-28,4.3967e-40,1.3361e-33,7.6356e-41,1.6458e-61,3.9931e-61,2.2548e-55,5.4722e-21,1.9188e-43,2.9375e-49,4.9769e-34,2.5216e-21,7.495e-42,1.247e-50,3.2907e-28,5.4816e-44,2.7297e-23,2.7581e-33,6.3762e-39,3.8742e-19,9.2227e-38,1.4791e-38,1.5118e-31,3.1008e-27,3.4263e-33,2.0804e-42,1.9141e-62,1.292e-65
1.5697e-16,5.9659e-26,5.1014e-20,1.891e-31,3.6689e-26,9.0545e-27,3.9711e-41,1.6213e-51,1.8461e-24,1.0697e-20,5.0425e-19,1.5101e-17,3.3245e-22,5.6523e-17,4.1329e-24,4.2015e-16,4.4702e-19,1,9.9151e-19,5.064e-25,9.6151e-53,6.7371e-17,1.1396e-37,2.5434e-51,1.3707e-18,5.9873e-19,1.3198e-18,7.2561e-24,1.8868e-18,2.3451e-31,1.5742e-30,6.7559e-26,7.9928e-19,5.978e-16,1.6984e-28,2.3478e-29,1.5935e-22,4.7754e-16,1.3773e-38,1.6648e-18,1.1898e-55,1.2806e-17,3.834e-52,6.9501e-36,4.9272e-23,1.5954e-37,1.8907e-13,8.3808e-23,1.1825e-22,8.4974e-19,4.1579e-39,3.8342e-33,4.7441e-38,7.821e-16,1.1301e-10,7.9868e-40,2.3136e-25,5.3625e-17,2.5546e-14,8.0402e-34,9.2862e-32,7.687e-20,7.3154e-43,5.3578e-63,6.16e-35,1.375e-50,1.2115e-66,2.0444e-26,2.6962e-47,6.0856e-41,3.9371e-25,8.3091e-23,8.612e-28,2.2777e-30,4.2793e-46,4.3649e-43,1.2153e-46,9.5869e-26,7.5059e-35,3.1922e-33,1.5482e-35,1.3977e-28,4.8474e-20,1.043e-36,7.1429e-44,3.742e-22,5.5015e-53,3.7249e-51,2.3507e-55,3.4725e-55,2.6224e-47,7.1615e-51,8.5194e-20,7.6882e-40,2.8616e-25,2.5533e-44,5.6344e-63,2.9443e-66,5.0792e-53,4.6946e-19,1.0334e-39,2.0053e-44,3.3312e-43,1.816e-17,8.2947e-34,6.8047e-43,7.6829e-26,5.751e-39,1.9179e-21,1.7994e-31,4.3053e-39,4.0328e-18,1.2113e-32,9.2041e-36,1.0525e-28,3.7926e-22,5.6269e-30,8.0349e-34,4.8202e-55,3.1699e-65
2.5147e-18,3.5816e-23,1.1386e-16,2.0549e-37,8.4256e-21,2.6865e-25,8.5375e-39,9.7994e-42,8.5915e-21,3.3191e-20,4.6279e-14,9.7385e-16,2.3772e-17,4.2093e-19,2.2473e-32,1.1279e-11,2.446e-14,9.9151e-19,1,1.0112e-16,1.0638e-42,2.1626e-14,1.7633e-29,4.8197e-42,5.8747e-21,1.4824e-14,4.5214e-17,1.7441e-26,4.0059e-18,5.8157e-33,3.7203e-22,3.6376e-18,5.7211e-24,5.9611e-18,2.1301e-32,2.3335e-27,1.6874e-18,6.3733e-16,4.4548e-27,1.7993e-24,1.7979e-44,1.3084e-29,2.7397e-44,8.6964e-26,2.7415e-20,5.0901e-40,8.4657e-18,4.313e-34,5.2843e-19,1.7371e-22,6.0316e-33,3.2635e-22,8.0882e-30,5.1389e-22,1.9293e-19,5.1215e-29,1.571e-16,2.658e-13,7.4349e-26,4.3337e-23,3.3087e-21,7.7321e-28,1.8098e-41,1.568e-57,6.7829e-33,1.7334e-55,5.1507e-68,4.391e-31,4.8935e-45,1.7054e-34,8.4597e-23,6.7366e-33,2.8018e-34,3.6633e-24,2.9444e-42,2.5597e-34,3.5137e-39,3.5391e-26,1.0982e-26,1.8315e-30,5.7582e-34,6.8774e-34,1.5136e-29,9.3498e-42,9.3415e-45,4.4899e-19,1.1316e-45,2.4707e-45,9.834e-57,7.203e-50,1.7903e-47,1.4041e-46,1.6255e-31,3.8952e-37,4.2719e-31,2.3072e-38,3.7662e-59,2.4546e-59,1.185e-51,5.1081e-24,2.1311e-38,3.459e-45,9.1577e-34,5.1482e-20,3.2592e-39,2.2067e-45,5.257e-23,1.0481e-40,1.4965e-19,1.5506e-28,3.1054e-34,1.8959e-20,2.9638e-39,2.3574e-37,5.1682e-30,3.1812e-26,1.8234e-29,5.3982e-41,2.8683e-59,1.7642e-60
2.2926e-24,3.6263e-32,4.7835e-19,9.2041e-40,1.2709e-24,1.4513e-27,6.1997e-41,1.0014e-43,2.5637e-18,1.9529e-24,1.0564e-21,6.3348e-22,1.0349e-23,2.3104e-24,2.4691e-34,1.2247e-17,1.0116e-20,5.064e-25,1.0112e-16,1,4.516e-45,4.4558e-19,1.9069e-33,2.4902e-44,1.62e-22,3.0184e-19,3.2323e-22,4.5539e-27,2.531e-23,1.0394e-33,2.1523e-26,8.7362e-25,1.5008e-29,3.3008e-25,5.1793e-34,1.1775e-29,5.6713e-22,1.7842e-22,5.3586e-31,1.0466e-29,3.2516e-48,9.6619e-31,2.432e-46,5.2061e-31,4.5378e-24,8.876e-44,8.3567e-23,2.9355e-39,1.4571e-27,7.1361e-23,4.5596e-31,1.4977e-26,1.5675e-35,3.0381e-26,1.2171e-25,1.2129e-32,1.469e-24,3.7382e-21,3.2841e-30,6.3165e-29,9.5927e-27,1.1743e-33,8.5889e-45,9.7012e-58,2.1157e-34,1.3434e-55,4.492e-68,2.1126e-33,1.9723e-46,5.1484e-39,4.664e-28,2.5363e-35,5.481e-35,1.7706e-31,4.2036e-44,3.6419e-35,5.6451e-44,1.0778e-32,1.2654e-33,7.7265e-36,2.6928e-35,1.045e-39,9.4255e-35,8.68e-44,1.5236e-47,5.969e-24,5.881e-51,6.4578e-51,4.6646e-57,6.3644e-49,5.6593e-48,3.5881e-46,7.5896e-35,6.0145e-42,1.4633e-34,1.3463e-40,5.0972e-59,1.8183e-61,2.2617e-50,2.7065e-30,1.3069e-39,1.221e-49,4.9398e-38,1.5549e-24,8.9833e-42,7.0001e-49,3.7313e-24,8.7783e-43,4.3263e-22,7.03e-31,1.6735e-35,2.6201e-25,7.9833e-40,2.3127e-39,5.8802e-33,3.2366e-30,1.3863e-37,1.1229e-43,6.959e-61,1.6261e-60
2.7295e-50,2.2763e-46,4.0442e-45,5.5045e-52,5.1561e-41,9.4607e-54,4.4292e-36,3.1826e-23,1.0562e-44,4.6375e-39,7.737e-42,2.3299e-48,5.0536e-47,3.9915e-56,4.7408e-56,5.5366e-43,2.4362e-46,9.6151e-53,1.0638e-42,4.516e-45,1,3.5623e-48,5.0528e-34,6.0657e-17,1.5523e-55,4.1497e-48,9.7295e-42,1.2927e-46,2.7072e-49,4.2719e-51,1.2396e-27,1.0329e-35,9.749e-53,2.3392e-52,7.4859e-47,1.1377e-38,1.3533e-38,8.5823e-46,1.7539e-22,4.9881e-52,2.5041e-21,2.2641e-58,1.0864e-24,6.2519e-25,1.1464e-46,2.0284e-48,9.5619e-52,2.529e-60,3.1008e-46,1.5752e-44,3.0675e-33,6.0833e-28,1.5169e-27,6.9456e-57,6.156e-54,5.5681e-19,8.1361e-33,7.8444e-42,9.7431e-59,3.583e-33,2.411e-28,8.9151e-56,6.0392e-51,6.9182e-54,1.1775e-39,2.2259e-67,8.6433e-58,3.2308e-51,3.8403e-50,1.0833e-52,5.317e-39,8.2657e-66,6.6955e-62,1.3194e-32,6.6763e-51,1.3956e-36,7.9647e-34,2.3726e-37,1.0742e-37,3.0646e-51,3.4124e-39,4.1454e-56,1.2566e-55,1.9183e-58,4.9376e-46,2.6375e-40,6.5695e-49,6.2682e-57,1.6451e-63,5.2343e-48,1.2061e-54,1.0658e-34,1.9796e-57,1.8504e-57,7.0106e-55,6.6991e-41,1.2654e-53,2.0389e-53,1.2963e-50,1.2641e-60,1.4065e-49,3.662e-56,2.9472e-43,1.8455e-56,1.3021e-61,8.7532e-55,1.9304e-46,2.0884e-49,3.4071e-39,1.3753e-43,1.6879e-39,1.0578e-44,1.684e-57,3.5517e-54,1.1746e-45,2.5729e-48,4.4426e-57,6.2927e-56,2.1785e-66,1.486e-43
2.6115e-18,2.7624e-26,7.0604e-19,9.9295e-39,7.1277e-20,1.4475e-17,1.1041e-40,6.7477e-46,1.0325e-24,9.7626e-24,5.3829e-18,2.1056e-13,2.5092e-19,8.5076e-19,6.8583e-32,1.0943e-11,5.636e-16,6.7371e-17,2.1626e-14,4.4558e-19,3.5623e-48,1,3.3472e-39,8.1516e-48,9.1888e-22,2.2446e-20,4.2764e-15,1.2517e-27,8.3187e-18,2.4689e-30,8.1988e-27,7.745e-21,9.3212e-18,9.1666e-19,1.5235e-34,7.4046e-29,5.1841e-24,1.3039e-17,6.9456e-32,6.3725e-21,4.7067e-49,1.0264e-24,3.5412e-49,6.7661e-33,1.4625e-23,5.2569e-45,8.9887e-16,3.2241e-33,7.2606e-23,1.5413e-20,5.708e-35,7.6757e-28,6.5891e-37,3.1147e-21,6.0176e-15,7.6117e-36,7.2647e-22,2.0204e-18,1.3668e-21,5.2564e-30,2.0752e-25,1.5836e-25,8.3486e-40,6.6334e-56,2.0902e-33,1.3549e-56,8.3567e-69,7.9486e-35,1.6454e-46,1.1362e-32,9.2187e-24,4.3364e-31,8.7175e-27,2.7214e-28,2.1793e-43,7.4115e-35,1.7192e-42,7.5074e-29,2.8247e-32,7.0286e-33,2.3971e-36,1.1458e-35,1.3244e-29,6.146e-41,1.1095e-47,3.2617e-19,8.3241e-48,5.6901e-45,5.9211e-53,9.2418e-51,6.053e-46,1.8098e-49,3.933e-29,2.9402e-35,4.7548e-31,1.0734e-39,4.8203e-58,1.1933e-59,2.6067e-50,2.5573e-19,5.9192e-38,8.5306e-46,7.9181e-34,6.7266e-20,5.5518e-41,3.3816e-50,1.0485e-26,2.9742e-42,1.2771e-21,5.7352e-30,1.2765e-35,5.31e-20,1.4356e-40,6.2107e-41,6.3238e-34,3.923e-26,4.2233e-31,2.5234e-41,5.9867e-62,7.4302e-64
3.7682e-36,8.7582e-34,1.1959e-30,1.24e-40,2.1348e-34,5.7089e-48,5.2825e-36,3.2735e-36,2.6561e-29,1.7254e-27,7.0529e-30,5.992e-36,1.1328e-33,8.882e-41,8.3625e-44,9.6142e-33,2.3492e-34,1.1396e-37,1.7633e-29,1.9069e-33,5.0528e-34,3.3472e-39,1,1.3189e-32,6.7632e-40,1.6568e-31,2.2482e-34,1.0184e-33,2.457e-33,5.2576e-44,7.4085e-27,4.6518e-29,5.8582e-44,5.0345e-37,1.1089e-36,1.7929e-37,1.3383e-25,5.7795e-31,1.4446e-28,1.352e-43,2.2166e-40,5.4896e-47,6.9542e-35,2.3843e-23,6.5997e-33,5.5989e-31,4.4499e-37,1.3103e-45,4.1659e-29,6.9999e-34,5.7667e-41,2.5492e-25,2.3812e-23,5.9376e-41,4.5026e-41,3.8533e-23,4.4989e-27,3.7592e-27,1.2518e-44,2.5891e-24,2.7188e-28,4.8288e-45,1.8758e-48,2.1805e-60,9.1038e-38,2.9872e-55,4.9094e-61,1.9859e-33,2.5596e-43,1.908e-49,2.4804e-31,1.8495e-48,1.8917e-53,9.1336e-29,8.8461e-43,4.1851e-44,8.0298e-38,5.3951e-30,1.8352e-28,5.6193e-36,2.708e-34,1.7021e-43,9.4818e-40,2.2871e-46,4.7402e-40,7.0856e-31,1.9371e-51,8.5663e-56,2.9083e-63,1.1102e-47,1.847e-49,8.0608e-43,8.5334e-45,3.2054e-52,2.9548e-42,1.6425e-38,4.0339e-60,1.5432e-60,2.0878e-52,8.4481e-47,2.2075e-43,3.5448e-51,8.7689e-44,6.0512e-41,1.6796e-43,1.0379e-38,3.2491e-30,9.8386e-42,9.2179e-30,3.096e-32,5.5782e-37,1.2014e-34,1.2152e-46,1.3259e-38,7.8561e-33,8.5963e-37,9.1984e-44,4.8605e-48,5.854e-53,5.531e-50
8.5149e-50,7.3605e-45,2.5007e-44,1.1135e-51,9.4523e-41,6.3732e-53,1.4429e-39,7.8788e-22,2.076e-44,9.5209e-39,7.0068e-41,1.4836e-47,1.8239e-45,7.1202e-54,2.1713e-55,2.4763e-43,7.8292e-46,2.5434e-51,4.8197e-42,2.4902e-44,6.0657e-17,8.1516e-48,1.3189e-32,1,1.5634e-54,2.1783e-47,5.0497e-42,1.647e-47,7.2339e-49,3.4834e-55,6.1994e-29,1.4713e-35,2.0297e-52,1.1631e-50,3.0239e-46,1.2397e-39,2.6719e-38,2.8957e-43,6.4732e-23,3.7664e-52,6.3093e-23,2.8935e-58,8.2768e-31,1.4648e-23,4.7213e-47,2.0445e-46,4.8724e-51,2.6076e-59,1.7238e-44,7.6335e-45,7.569e-34,2.3607e-26,1.2809e-26,4.8244e-56,9.5232e-53,4.2135e-20,2.518e-32,7.9566e-41,2.9169e-58,3.5218e-30,1.5416e-29,3.6484e-55,5.3505e-50,3.7249e-56,6.5748e-42,9.8016e-70,1.1735e-56,4.3006e-50,3.5125e-51,3.5066e-51,1.7564e-38,8.6361e-65,8.5475e-62,7.9629e-33,1.1154e-49,3.978e-33,5.2642e-38,4.686e-37,6.5094e-36,3.8129e-51,3.6138e-42,3.9479e-55,6.3127e-53,1.2115e-56,9.668e-47,4.7234e-41,1.1279e-47,1.1336e-55,3.3262e-64,7.6753e-47,1.0444e-55,2.1949e-37,3.2756e-55,5.9645e-57,1.0942e-51,5.0084e-43,1.7737e-53,1.4591e-55,9.9255e-56,1.2919e-59,8.8007e-52,5.4004e-55,3.7051e-44,8.8729e-57,2.1605e-62,2.1567e-54,1.4018e-47,2.9304e-50,1.1146e-38,2.688e-44,6.7668e-42,3.5395e-43,5.4549e-57,3.8274e-53,1.9227e-44,3.1849e-47,3.3013e-55,7.3186e-56,7.4239e-65,7.0188e-46
6.7813e-15,3.032e-29,6.2745e-26,4.7523e-36,1.7869e-31,5.3074e-32,9.7902e-48,1.4833e-56,2.7743e-22,2.0461e-25,2.8174e-21,1.9606e-23,2.2726e-26,8.8759e-15,1.8455e-25,8.1351e-23,3.1906e-17,1.3707e-18,5.8747e-21,1.62e-22,1.5523e-55,9.1888e-22,6.7632e-40,1.5634e-54,1,7.5381e-19,2.2092e-22,1.173e-27,9.2932e-21,1.543e-33,9.0734e-33,9.125e-32,6.1148e-24,4.4473e-19,2.9025e-33,1.7862e-33,2.6637e-23,3.6288e-20,2.9621e-41,1.4971e-23,1.3558e-57,4.5618e-21,5.7947e-56,1.1995e-39,7.473e-23,4.6982e-40,7.2097e-16,1.2855e-27,1.7942e-28,2.9052e-24,4.8963e-39,1.896e-36,4.5718e-41,1.2911e-14,2.106e-17,1.9854e-42,2.5191e-28,1.2218e-22,1.536e-21,1.2623e-38,4.5447e-36,6.7109e-29,3.9079e-53,3.9365e-70,4.2657e-43,1.7124e-55,3.4844e-74,3.0014e-30,3.8541e-52,1.7258e-46,3.0864e-31,1.2629e-20,5.1964e-34,6.5017e-38,1.1661e-50,8.0663e-47,4.0772e-53,1.6534e-34,1.8497e-35,2.9495e-37,1.53e-40,1.5269e-36,1.4187e-27,2.5771e-45,1.0053e-51,9.846e-30,1.5253e-59,1.6297e-57,4.5738e-63,6.0229e-60,3.2987e-53,1.1288e-54,4.9385e-24,6.5489e-48,1.0175e-31,5.2759e-49,1.6572e-69,8.8026e-72,1.7775e-59,4.4731e-22,7.0953e-48,9.1951e-55,2.4295e-46,6.3821e-19,6.8384e-37,7.5408e-51,1.84e-29,9.1839e-46,1.0681e-27,5.0918e-38,4.3331e-45,3.5612e-23,2.4131e-32,1.2677e-37,5.0021e-30,5.64e-29,1.1452e-36,2.7996e-40,1.4885e-60,1.6747e-70
2.2661e-18,1.0229e-23,1.3504e-14,1.5161e-32,3.5625e-28,1.4053e-29,4.6167e-40,5.4837e-48,4.6909e-25,9.2993e-21,2.8692e-21,1.3253e-22,3.8068e-26,1.1985e-17,1.477e-26,4.0469e-17,5.5079e-21,5.9873e-19,1.4824e-14,3.0184e-19,4.1497e-48,2.2446e-20,1.6568e-31,2.1783e-47,7.5381e-19,1,9.6573e-21,9.9263e-23,1.1921e-21,4.5818e-32,4.7294e-28,7.686e-28,2.6486e-25,2.064e-16,8.5633e-29,7.4964e-32,7.4716e-20,9.8623e-20,4.0412e-36,1.4478e-23,1.7026e-52,1.3415e-26,4.732e-48,7.8741e-30,4.0756e-18,7.4132e-37,1.9093e-14,5.1704e-29,7.6894e-26,4.573e-24,2.6374e-36,1.629e-31,1.8772e-35,7.7509e-19,9.4553e-22,2.6579e-34,3.3576e-23,4.3506e-19,8.7902e-25,1.7452e-30,5.0849e-29,8.3891e-29,6.877e-48,3.4719e-64,8.6918e-36,4.295e-48,6.362e-69,2.4475e-25,1.098e-43,3.1215e-44,6.3158e-24,1.4418e-26,3.0755e-36,5.3845e-31,4.7026e-45,9.6423e-41,8.0403e-45,2.1204e-28,3.2326e-28,6.4918e-35,7.1908e-33,2.0746e-31,1.4325e-25,4.3799e-41,1.2519e-43,1.7718e-24,1.4619e-53,1.0712e-54,1.9075e-61,5.3838e-52,8.5408e-50,2.909e-46,7.3208e-28,5.9384e-43,6.7647e-27,1.1063e-41,5.9684e-65,4.1788e-67,3.9905e-53,4.0973e-27,8.9284e-39,3.0397e-48,6.4643e-44,1.3866e-19,5.5935e-30,3.7065e-42,2.061e-20,1.3748e-39,3.0724e-21,6.4717e-30,3.2085e-36,5.6174e-24,1.9911e-34,1.7205e-33,2.3904e-24,7.5853e-28,2.8493e-32,2.8812e-37,2.3631e-54,2.5353e-61
3.8237e-16,3.8166e-25,3.298e-20,5.949e-33,6.7408e-21,1.2359e-24,3.8733e-35,4.5723e-43,4.478e-22,7.2241e-18,1.2772e-14,1.5423e-17,2.3658e-23,3.9405e-23,2.1415e-28,3.8214e-14,1.0736e-15,1.3198e-18,4.5214e-17,3.2323e-22,9.7295e-42,4.2764e-15,2.2482e-34,5.0497e-42,2.2092e-22,9.6573e-21,1,1.422e-23,4.8402e-18,1.8184e-27,6.231e-20,6.4009e-20,3.1371e-18,2.2655e-20,6.3728e-28,4.4472e-25,9.1261e-18,5.9933e-15,3.291e-28,2.7238e-18,1.2748e-44,1.3075e-23,2.4119e-44,2.4004e-28,3.605e-23,3.7494e-37,1.3077e-15,6.8865e-29,3.8914e-23,2.694e-15,1.2719e-29,2.5246e-25,6.7557e-31,9.1915e-23,5.295e-18,1.1123e-29,4.0354e-16,6.8327e-17,8.7987e-24,7.6998e-29,7.4097e-23,4.456e-26,3.0834e-41,4.8199e-58,5.7255e-32,1.0194e-53,2.2583e-63,6.901e-30,1.0665e-45,1.5514e-39,1.2627e-19,3.7824e-32,3.3626e-30,1.0225e-25,7.27e-43,4.1689e-35,3.0999e-41,1.1395e-23,1.2484e-28,3.3442e-35,3.2141e-32,5.8381e-35,8.9769e-26,2.7491e-41,3.7767e-42,1.9534e-18,1.0192e-50,1.502e-49,1.3692e-53,2.6969e-50,3.5071e-44,1.656e-43,6.1849e-25,5.3078e-41,1.014e-30,3.3168e-38,6.3903e-58,1.3165e-61,1.2228e-48,1.7715e-25,1.7007e-39,1.1035e-46,6.4698e-37,1.8633e-24,2.0818e-39,4.3854e-46,2.6932e-28,4.0923e-38,1.0843e-18,1.6752e-31,2.6169e-34,1.4286e-16,6.5937e-34,7.8112e-39,1.4757e-25,2.229e-22,2.0937e-35,7.7769e-37,4.4399e-58,3.0199e-60
3.6649e-27,3.1922e-34,4.686e-22,4.3266e-24,1.8085e-29,1.2538e-34,1.235e-27,8.3628e-49,1.8026e-27,2.546e-19,2.1187e-25,3.5168e-28,4.2172e-31,2.1882e-30,2.4047e-29,9.2537e-24,3.1832e-29,7.2561e-24,1.7441e-26,4.5539e-27,1.2927e-46,1.2517e-27,1.0184e-33,1.647e-47,1.173e-27,9.9263e-23,1.422e-23,1,4.7919e-27,2.0232e-24,2.9794e-29,4.9032e-30,2.6717e-31,4.1638e-29,1.1255e-18,6.3743e-31,1.1059e-21,9.9248e-26,4.4142e-38,3.3894e-26,3.7523e-53,2.1839e-23,7.4223e-42,3.3943e-34,8.042e-25,1.3139e-31,9.8465e-23,3.5852e-28,8.7986e-32,2.4771e-20,8.612e-35,6.4833e-35,3.5818e-38,3.4673e-27,1.3274e-26,1.4155e-35,5.7454e-29,3.3605e-21,4.6428e-24,7.4891e-37,4.2528e-34,2.2163e-27,6.7144e-44,4.923e-60,1.4657e-28,3.2801e-39,1.4712e-56,1.6254e-19,2.1267e-40,1.5517e-48,1.5609e-24,1.9739e-30,1.0712e-35,8.785e-30,1.9503e-42,1.2727e-45,1.9908e-41,1.303e-26,6.2409e-38,5.8806e-36,1.2864e-23,3.437e-28,1.044e-23,4.6571e-31,4.1675e-35,8.598e-23,4.3706e-56,2.0915e-57,1.0344e-49,9.0361e-47,7.127e-43,2.5955e-41,1.5476e-27,8.5081e-47,2.5478e-26,3.2553e-41,4.5154e-59,4.1662e-66,1.1068e-43,2.2469e-33,1.119e-34,1.4285e-44,5.7e-48,1.6042e-26,1.9276e-27,2.4979e-34,1.1073e-23,2.0689e-30,1.8223e-22,1.1285e-28,7.6397e-32,1.8864e-23,1.0447e-31,1.8289e-33,1.1221e-25,7.7691e-26,6.0723e-43,4.033e-29,5.4603e-49,8.9099e-54
4.9759e-17,7.0127e-25,1.5345e-20,7.947e-39,3.1049e-23,2.7327e-26,4.8505e-41,1.2372e-47,1.8095e-20,1.4775e-24,5.2225e-18,5.0034e-14,5.8272e-18,1.897e-21,4.9513e-34,1.3526e-17,1.378e-16,1.8868e-18,4.0059e-18,2.531e-23,2.7072e-49,8.3187e-18,2.457e-33,7.2339e-49,9.2932e-21,1.1921e-21,4.8402e-18,4.7919e-27,1,2.4099e-29,1.0094e-27,4.5111e-22,1.9403e-21,8.8475e-21,3.763e-35,6.8428e-35,7.4448e-23,1.35e-15,1.3556e-33,6.6228e-25,7.6667e-51,6.7909e-27,8.1993e-49,4.0636e-34,6.8271e-25,3.0937e-39,2.2061e-16,1.3706e-32,9.5967e-17,1.6121e-19,2.5734e-42,3.708e-29,2.6874e-35,1.967e-22,3.8695e-18,2.3326e-36,6.7274e-24,1.4536e-17,1.8406e-22,8.5546e-29,9.1146e-29,1.0623e-29,1.036e-41,1.4056e-58,9.6555e-37,3.0763e-55,1.6649e-68,3.2154e-32,7.434e-45,1.3707e-37,2.4771e-25,1.4074e-29,9.9633e-31,1.0109e-29,7.2201e-40,2.8364e-43,5.0972e-44,2.6806e-31,2.8474e-30,1.6116e-28,1.7691e-37,1.4729e-38,2.2625e-28,4.8629e-41,1.761e-46,5.5691e-19,3.8295e-52,8.4533e-48,2.224e-55,2.2232e-51,2.4561e-43,3.0881e-53,1.5096e-28,8.0834e-41,7.0095e-34,7.0408e-37,5.2947e-61,6.1772e-62,1.6196e-50,1.653e-20,6.1918e-39,1.5453e-49,2.2024e-36,1.076e-20,6.254e-38,4.4507e-47,3.2212e-26,2.1815e-43,2.2816e-24,8.6004e-30,1.181e-38,1.3819e-22,7.1984e-41,2.891e-40,3.633e-32,4.1185e-27,8.6891e-33,1.0193e-44,1.1156e-60,2.0566e-64
4.8078e-30,1.0077e-38,1.3209e-30,3.5422e-39,1.7868e-35,3.3823e-35,2.8386e-35,2.3934e-54,4.2724e-34,1.8364e-31,4.4816e-32,2.8087e-31,1.7756e-35,2.3841e-36,4.4802e-39,4.017e-28,4.042e-32,2.3451e-31,5.8157e-33,1.0394e-33,4.2719e-51,2.4689e-30,5.2576e-44,3.4834e-55,1.543e-33,4.5818e-32,1.8184e-27,2.0232e-24,2.4099e-29,1,2.6589e-34,1.2708e-35,4.6219e-30,5.8415e-34,3.7718e-35,8.1138e-38,1.7952e-33,6.7241e-34,2.7445e-42,1.1903e-32,2.8781e-56,5.3308e-30,5.3342e-44,5.596e-42,1.8773e-31,1.1687e-45,1.5761e-28,7.3912e-37,9.2653e-38,2.9876e-27,4.428e-42,2.5264e-41,3.7758e-45,4.5755e-31,2.3414e-31,4.0406e-42,4.3527e-35,1.8559e-31,2.8069e-28,1.166e-42,7.5045e-38,5.9796e-37,1.6196e-49,8.4547e-61,1.2065e-37,2.7074e-48,7.4778e-67,9.7969e-37,1.6209e-47,4.0912e-49,1.2659e-29,1.028e-34,8.4002e-36,2.5166e-37,4.8874e-48,7.637e-50,1.5507e-45,1.1637e-37,5.7886e-42,6.1414e-40,1.4383e-34,1.804e-42,2.1019e-37,4.2207e-45,1.2452e-48,5.4856e-29,4.2645e-62,1.9379e-60,1.2839e-53,6.4673e-55,2.7905e-48,2.2568e-50,8.5046e-36,6.0168e-51,1.9764e-40,3.7461e-38,2.422e-64,4.3672e-69,2.1478e-42,4.1251e-35,4.3427e-40,2.1626e-56,1.7272e-48,1.8748e-28,1.8613e-36,2.0176e-49,1.1824e-32,7.0916e-44,7.1924e-34,1.1437e-36,1.0678e-40,1.0605e-30,7.0669e-44,3.2305e-48,3.3758e-37,9.3688e-37,9.6913e-43,1.3994e-43,4.7921e-65,1.5973e-62
