1,8.2043e-14,2.1361e-177,3.7586e-64,2.7002e-167,4.8915e-94,2.886e-104,6.8544e-203,8.1414e-76,4.2632e-110,6.1712e-14,1.3451e-173,1.7077e-92,1.4107e-173,6.3545e-63,5.1527e-111,3.7213e-67,2.1706e-96,3.7816e-07,5.6139e-81,2.895e-202,1.879e-195,1.2939e-43,3.8129e-110,5.4952e-122,3.2657e-09,3.1022e-80,2.3116e-29,3.8151e-33,3.1744e-116,4.011e-26,1.8252e-87,4.1764e-44,4.1635e-06,3.0233e-201,1.4751e-100,3.5004e-202,1.1845e-125
8.2043e-14,1,7.8486e-167,6.1002e-75,1.0092e-156,1.5449e-83,7.5333e-94,2.314e-192,1.8904e-65,1.1875e-99,1.0916e-24,5.6665e-163,5.2943e-82,4.8647e-163,1.4034e-52,1.6965e-100,6.2854e-57,7.1331e-86,1.3994e-14,1.949e-70,9.2474e-192,7.8756e-185,5.1054e-33,8.3021e-100,1.6411e-111,2.0777e-18,4.9601e-70,1.05e-19,3.7258e-23,1.162e-105,3.2855e-37,6.5907e-77,1.1616e-33,5.0438e-11,1.1649e-190,4.81e-90,1.3614e-191,3.9123e-115
2.1361e-177,7.8486e-167,1,1.5598e-240,5.4688e-14,5.2278e-85,3.0239e-74,2.1123e-27,9.7516e-103,1.6293e-68,1.5776e-189,9.5996e-10,3.7639e-86,2.0199e-12,1.4144e-115,2.0311e-67,7.2978e-112,2.5247e-82,7.2788e-178,2.5992e-99,6.1812e-27,1.7162e-20,2.2185e-136,1.7489e-68,1.6475e-56,2.2187e-182,2.6353e-98,4.4372e-149,3.1602e-145,1.6374e-62,2.622e-202,5.9708e-91,2.3033e-135,2.4788e-174,8.6712e-27,7.795e-78,7.0718e-27,2.9903e-53
3.7586e-64,6.1002e-75,1.5598e-240,1,1.9589e-230,4.9523e-157,2.2576e-167,4.9707e-266,7.0349e-139,3.404e-173,5.3449e-52,9.8336e-237,1.4442e-155,1.159e-236,5.8394e-126,3.7876e-174,5.0132e-130,1.8863e-159,8.2878e-64,1.279e-143,2.0634e-265,1.3773e-258,5.6932e-106,3.0978e-173,3.9967e-185,1.9392e-59,2.6544e-143,2.566e-92,3.6813e-96,2.4238e-179,3.1391e-39,1.4453e-150,1.1138e-106,4.2579e-67,2.3205e-264,1.1032e-163,2.5158e-265,8.8453e-189
2.7002e-167,1.0092e-156,5.4688e-14,1.9589e-230,1,5.7938e-75,2.7233e-64,2.0532e-37,1.1668e-92,1.4146e-58,2.0207e-179,3.3131e-11,3.8567e-76,1.4837e-12,1.8753e-105,2.5748e-57,7.0882e-102,2.5997e-72,9.2984e-168,3.8888e-89,1.3281e-36,5.6174e-30,3.9594e-126,1.0211e-58,1.1172e-46,3.2988e-172,2.7585e-88,5.4555e-139,4.0172e-135,2.177e-52,3.0572e-192,6.1116e-81,3.8733e-125,3.0391e-164,2.7641e-36,9.6837e-68,1.0018e-36,3.5511e-43
4.8915e-94,1.5449e-83,5.2278e-85,4.9523e-157,5.7938e-75,1,2.5633e-15,1.8897e-110,2.7118e-21,4.8879e-20,3.912e-106,2.9561e-81,4.3484e-11,2.1594e-81,4.611e-33,2.9219e-20,2.2965e-30,2.0644e-11,1.5486e-94,3.9116e-21,8.3545e-110,6.091e-103,1.4839e-53,1.6244e-20,1.1442e-30,5.6776e-99,7.0966e-18,7.2189e-66,5.1052e-62,4.6627e-25,6.5731e-119,4.1967e-12,1.9203e-52,5.5375e-91,7.0118e-109,3.3874e-12,1.0326e-109,2.9782e-34
2.886e-104,7.5333e-94,3.0239e-74,2.2576e-167,2.7233e-64,2.5633e-15,1,1.346e-99,4.0564e-30,3.7675e-09,2.1775e-116,1.7182e-70,7.4959e-15,1.2318e-70,1.1782e-42,1.1863e-09,2.8014e-39,5.6341e-12,9.3655e-105,2.6642e-29,5.4121e-99,2.8622e-92,5.3746e-64,9.7957e-09,3.014e-19,2.6111e-109,1.6479e-25,5.978e-76,4.0965e-72,4.1785e-15,4.0327e-129,1.5085e-18,9.3736e-63,3.5138e-101,3.6281e-98,4.8802e-07,5.7108e-99,1.7998e-23
6.8544e-203,2.314e-192,2.1123e-27,4.9707e-266,2.0532e-37,1.8897e-110,1.346e-99,1,3.5266e-128,7.9911e-94,5.0021e-215,3.6544e-31,1.3025e-111,4.1385e-32,4.8386e-141,7.5274e-93,2.6954e-137,9.4156e-108,2.3658e-203,1.0301e-124,3.671e-08,3.6087e-12,6.1416e-162,9.6127e-94,7.6065e-82,6.8442e-208,1.1062e-123,1.4177e-174,9.998e-171,6.0274e-88,8.7272e-228,2.0155e-116,6.7691e-161,8.0035e-200,7.5676e-12,2.9948e-103,4.9404e-09,1.6731e-78
8.1414e-76,1.8904e-65,9.7516e-103,7.0349e-139,1.1668e-92,2.7118e-21,4.0564e-30,3.5266e-128,1,7.6617e-36,6.417e-88,5.6223e-99,5.4273e-19,4.9797e-99,2.3419e-15,1.4136e-36,6.7871e-14,1.0194e-22,2.5313e-76,4.2832e-15,1.6084e-127,1.0247e-120,6.9491e-36,5.0918e-36,1.7279e-47,9.053e-81,1.0291e-08,1.4068e-47,1.0452e-43,7.8382e-42,1.0917e-100,1.7461e-14,1.4743e-34,9.9059e-73,1.3491e-126,2.2278e-26,1.6937e-127,3.6386e-51
4.2632e-110,1.1875e-99,1.6293e-68,3.404e-173,1.4146e-58,4.8879e-20,3.7675e-09,7.9911e-94,7.6617e-36,1,3.3139e-122,9.4905e-65,4.0171e-20,5.9949e-65,1.6864e-48,4.8951e-07,5.051e-45,5.7598e-17,1.3945e-110,1.968e-34,2.9726e-93,1.5986e-86,9.6112e-70,1.1151e-06,6.8164e-14,3.8608e-115,2.6273e-31,8.9166e-82,6.0109e-78,3.884e-11,6.0176e-135,3.1409e-24,1.6288e-68,5.2674e-107,1.9226e-92,8.0179e-12,3.3372e-93,2.4884e-18
6.1712e-14,1.0916e-24,1.5776e-189,5.3449e-52,2.0207e-179,3.912e-106,2.1775e-116,5.0021e-215,6.417e-88,3.3139e-122,1,9.6875e-186,1.3155e-104,1.136e-185,5.4362e-75,3.8967e-123,3.4746e-79,1.678e-108,8.7719e-14,6.0289e-93,2.117e-214,1.391e-207,1.9335e-55,2.9265e-122,4.0787e-134,1.2956e-10,2.4285e-92,2.2801e-41,3.4049e-45,2.4169e-128,3.7269e-14,1.3826e-99,5.5304e-56,2.0637e-16,2.2564e-213,1.1334e-112,2.5581e-214,8.6859e-138
1.3451e-173,5.6665e-163,9.5996e-10,9.8336e-237,3.3131e-11,2.9561e-81,1.7182e-70,3.6544e-31,5.6223e-99,9.4905e-65,9.6875e-186,1,2.2354e-82,1.4003e-11,8.4923e-112,1.2974e-63,4.3006e-108,1.5919e-78,4.5623e-174,1.7876e-95,9.2868e-31,5.7084e-24,1.6776e-132,8.1858e-65,8.4987e-53,1.3565e-178,1.304e-94,2.7849e-145,2.0186e-141,1.0446e-58,1.5953e-198,4.2647e-87,1.5877e-131,1.5791e-170,2.3215e-30,5.6465e-74,2.4013e-30,2.0025e-49
1.7077e-92,5.2943e-82,3.7639e-86,1.4442e-155,3.8567e-76,4.3484e-11,7.4959e-15,1.3025e-111,5.4273e-19,4.0171e-20,1.3155e-104,2.2354e-82,1,1.4644e-82,3.0593e-31,1.278e-20,2.3167e-28,3.5159e-09,5.2784e-93,1.1484e-19,5.3936e-111,3.8598e-104,4.2741e-52,2.4765e-20,3.6756e-31,1.7514e-97,3.1056e-15,3.1107e-64,2.2368e-60,6.8587e-26,2.254e-117,3.5575e-09,6.254e-51,2.0533e-89,5.0848e-110,1.5181e-11,6.9764e-111,5.3913e-35
1.4107e-173,4.8647e-163,2.0199e-12,1.159e-236,1.4837e-12,2.1594e-81,1.2318e-70,4.1385e-32,4.9797e-99,5.9949e-65,1.136e-185,1.4003e-11,1.4644e-82,1,8.531e-112,7.9624e-64,2.8251e-108,9.3944e-79,4.9132e-174,1.5118e-95,1.9982e-31,2.818e-25,1.5329e-132,5.106e-65,3.0624e-53,1.6294e-178,1.2735e-94,2.7284e-145,1.9557e-141,5.6713e-59,1.7734e-198,2.4643e-87,1.5446e-131,1.61e-170,3.2192e-31,3.4743e-74,1.7612e-31,1.0171e-49
6.3545e-63,1.4034e-52,1.4144e-115,5.8394e-126,1.8753e-105,4.611e-33,1.1782e-42,4.8386e-141,2.3419e-15,1.6864e-48,5.4362e-75,8.4923e-112,3.0593e-31,8.531e-112,1,2.7935e-49,6.9651e-11,4.1214e-35,1.9691e-63,1.2329e-22,2.1459e-140,1.3294e-133,5.7306e-24,1.2995e-48,2.9349e-60,6.5842e-68,2.3589e-19,1.0211e-34,7.3321e-31,1.4399e-54,9.0946e-88,3.9361e-26,2.0613e-22,7.8715e-60,1.88e-139,7.0696e-39,2.403e-140,5.6833e-64
5.1527e-111,1.6965e-100,2.0311e-67,3.7876e-174,2.5748e-57,2.9219e-20,1.1863e-09,7.5274e-93,1.4136e-36,4.8951e-07,3.8967e-123,1.2974e-63,1.278e-20,7.9624e-64,2.7935e-49,1,6.0461e-46,3.2263e-17,1.7274e-111,1.7373e-34,3.5746e-92,2.2351e-85,3.7522e-70,3.9948e-08,5.547e-13,5.833e-116,2.7319e-32,1.0755e-82,8.1412e-79,1.5062e-08,6.0738e-136,5.7683e-25,4.6466e-69,6.1204e-108,2.4736e-91,6.3591e-12,3.9407e-92,1.326e-16
3.7213e-67,6.2854e-57,7.2978e-112,5.0132e-130,7.0882e-102,2.2965e-30,2.8014e-39,2.6954e-137,6.7871e-14,5.051e-45,3.4746e-79,4.3006e-108,2.3167e-28,2.8251e-108,6.9651e-11,6.0461e-46,1,4.8085e-32,1.1628e-67,5.7371e-22,1.1547e-136,6.5115e-130,5.3487e-29,5.1732e-45,1.2374e-56,3.131e-72,6.5968e-17,3.9154e-39,2.1947e-35,2.7662e-51,7.6794e-92,3.1352e-23,2.1793e-27,4.7885e-64,9.6374e-136,1.2729e-35,1.3722e-136,1.5268e-60
2.1706e-96,7.1331e-86,2.5247e-82,1.8863e-159,2.5997e-72,2.0644e-11,5.6341e-12,9.4156e-108,1.0194e-22,5.7598e-17,1.678e-108,1.5919e-78,3.5159e-09,9.3944e-79,4.1214e-35,3.2263e-17,4.8085e-32,1,6.8637e-97,1.9454e-22,3.815e-107,2.7811e-100,6.1875e-56,4.5104e-17,1.7116e-27,2.2667e-101,8.8686e-19,3.8644e-68,2.8602e-64,2.603e-22,2.8921e-121,4.6747e-12,8.8969e-55,2.6265e-93,3.4278e-106,3.1729e-09,4.8989e-107,2.776e-31
3.7816e-07,1.3994e-14,7.2788e-178,8.2878e-64,9.2984e-168,1.5486e-94,9.3655e-105,2.3658e-203,2.5313e-76,1.3945e-110,8.7719e-14,4.5623e-174,5.2784e-93,4.9132e-174,1.9691e-63,1.7274e-111,1.1628e-67,6.8637e-97,1,1.789e-81,1.0181e-202,6.6234e-196,4.1968e-44,1.2105e-110,1.8073e-122,1.7903e-09,9.5947e-81,5.5752e-30,9.4218e-34,1.0845e-116,6.0658e-26,5.6151e-88,1.3984e-44,3.3229e-07,1.0724e-201,4.9187e-101,1.2162e-202,3.9113e-126
5.6139e-81,1.949e-70,2.5992e-99,1.279e-143,3.8888e-89,3.9116e-21,2.6642e-29,1.0301e-124,4.2832e-15,1.968e-34,6.0289e-93,1.7876e-95,1.1484e-19,1.5118e-95,1.2329e-22,1.7373e-34,5.7371e-22,1.9454e-22,1.789e-81,1,6.5697e-124,5.018e-117,3.8668e-40,2.5583e-35,2.1657e-45,1.4354e-85,4.301e-16,2.9744e-53,2.0944e-49,3.7684e-39,8.9342e-106,5.6179e-17,2.5049e-39,5.8433e-78,7.9537e-123,2.3516e-25,6.9909e-124,2.3846e-48
2.895e-202,9.2474e-192,6.1812e-27,2.0634e-265,1.3281e-36,8.3545e-110,5.4121e-99,3.671e-08,1.6084e-127,2.9726e-93,2.117e-214,9.2868e-31,5.3936e-111,1.9982e-31,2.1459e-140,3.5746e-92,1.1547e-136,3.815e-107,1.0181e-202,6.5697e-124,1,3.5955e-11,3.8325e-161,2.9248e-93,2.6664e-81,3.7462e-207,4.86e-123,6.0185e-174,4.3307e-170,3.2299e-87,3.4633e-227,6.9801e-116,3.932e-160,3.3203e-199,2.1422e-11,1.2714e-102,2.9171e-09,9.224e-78
1.879e-195,7.8756e-185,1.7162e-20,1.3773e-258,5.6174e-30,6.091e-103,2.8622e-92,3.6087e-12,1.0247e-120,1.5986e-86,1.391e-207,5.7084e-24,3.8598e-104,2.818e-25,1.3294e-133,2.2351e-85,6.5115e-130,2.7811e-100,6.6234e-196,5.018e-117,3.5955e-11,1,3.2974e-154,1.2948e-86,1.51e-74,2.3178e-200,2.336e-116,3.8943e-167,2.8926e-163,2.3453e-80,2.1603e-220,5.3457e-109,3.054e-153,2.1846e-192,3.2578e-12,7.9468e-96,2.0542e-11,5.0013e-71
1.2939e-43,5.1054e-33,2.2185e-136,5.6932e-106,3.9594e-126,1.4839e-53,5.3746e-64,6.1416e-162,6.9491e-36,9.6112e-70,1.9335e-55,1.6776e-132,4.2741e-52,1.5329e-132,5.7306e-24,3.7522e-70,5.3487e-29,6.1875e-56,4.1968e-44,3.8668e-40,3.8325e-161,3.2974e-154,1,2.6875e-70,1.8252e-81,8.4326e-48,6.25e-41,8.432e-18,2.2923e-14,4.399e-75,2.2864e-68,2.37e-47,4.5518e-07,1.1444e-40,4.4927e-160,5.9384e-60,4.5423e-161,1.1781e-84
3.8129e-110,8.3021e-100,1.7489e-68,3.0978e-173,1.0211e-58,1.6244e-20,9.7957e-09,9.6127e-94,5.0918e-36,1.1151e-06,2.9265e-122,8.1858e-65,2.4765e-20,5.106e-65,1.2995e-48,3.9948e-08,5.1732e-45,4.5104e-17,1.2105e-110,2.5583e-35,2.9248e-93,1.2948e-86,2.6875e-70,1,1.496e-13,2.6363e-115,3.8432e-31,7.797e-82,4.8689e-78,2.0576e-12,6.1892e-135,2.8895e-24,6.079e-69,4.7142e-107,1.6792e-92,3.2785e-12,3.2427e-93,8.7905e-19
5.4952e-122,1.6411e-111,1.6475e-56,3.9967e-185,1.1172e-46,1.1442e-30,3.014e-19,7.6065e-82,1.7279e-47,6.8164e-14,4.0787e-134,8.4987e-53,3.6756e-31,3.0624e-53,2.9349e-60,5.547e-13,1.2374e-56,1.7116e-27,1.8073e-122,2.1657e-45,2.6664e-81,1.51e-74,1.8252e-81,1.496e-13,1,4.8687e-127,6.0686e-43,1.174e-93,8.1179e-90,1.6635e-10,7.3749e-147,1.1181e-35,2.7731e-80,6.6624e-119,1.7965e-80,1.0581e-22,3.1599e-81,4.1846e-09
3.2657e-09,2.0777e-18,2.2187e-182,1.9392e-59,3.2988e-172,5.6776e-99,2.6111e-109,6.8442e-208,9.053e-81,3.8608e-115,1.2956e-10,1.3565e-178,1.7514e-97,1.6294e-178,6.5842e-68,5.833e-116,3.131e-72,2.2667e-101,1.7903e-09,1.4354e-85,3.7462e-207,2.3178e-200,8.4326e-48,2.6363e-115,4.8687e-127,1,2.7972e-85,1.5128e-34,3.1379e-38,3.795e-121,3.3086e-22,1.4163e-92,1.6983e-48,2.9596e-11,3.6059e-206,1.4801e-105,3.7905e-207,1.5342e-130
3.1022e-80,4.9601e-70,2.6353e-98,2.6544e-143,2.7585e-88,7.0966e-18,1.6479e-25,1.1062e-123,1.0291e-08,2.6273e-31,2.4285e-92,1.304e-94,3.1056e-15,1.2735e-94,2.3589e-19,2.7319e-32,6.5968e-17,8.8686e-19,9.5947e-81,4.301e-16,4.86e-123,2.336e-116,6.25e-41,3.8432e-31,6.0686e-43,2.7972e-85,1,5.839e-52,3.7216e-48,8.7433e-38,4.8457e-105,6.3833e-11,2.1343e-39,3.8787e-77,3.2789e-122,4.1093e-22,4.5234e-123,6.9909e-47
2.3116e-29,1.05e-19,4.4372e-149,2.566e-92,5.4555e-139,7.2189e-66,5.978e-76,1.4177e-174,1.4068e-47,8.9166e-82,2.2801e-41,2.7849e-145,3.1107e-64,2.7284e-145,1.0211e-34,1.0755e-82,3.9154e-39,3.8644e-68,5.5752e-30,2.9744e-53,6.0185e-174,3.8943e-167,8.432e-18,7.797e-82,1.174e-93,1.5128e-34,5.839e-52,1,1.8415e-05,6.103e-88,4.4481e-54,3.7158e-59,1.8976e-17,3.5931e-26,5.9254e-173,3.2101e-72,7.2647e-174,2.2453e-97
3.8151e-33,3.7258e-23,3.1602e-145,3.6813e-96,4.0172e-135,5.1052e-62,4.0965e-72,9.998e-171,1.0452e-43,6.0109e-78,3.4049e-45,2.0186e-141,2.2368e-60,1.9557e-141,7.3321e-31,8.1412e-79,2.1947e-35,2.8602e-64,9.4218e-34,2.0944e-49,4.3307e-170,2.8926e-163,2.2923e-14,4.8689e-78,8.1179e-90,3.1379e-38,3.7216e-48,1.8415e-05,1,4.6773e-84,5.9448e-58,2.6344e-55,7.5508e-14,5.3505e-30,4.241e-169,2.3336e-68,5.2265e-170,1.6684e-93
3.1744e-116,1.162e-105,1.6374e-62,2.4238e-179,2.177e-52,4.6627e-25,4.1785e-15,6.0274e-88,7.8382e-42,3.884e-11,2.4169e-128,1.0446e-58,6.8587e-26,5.6713e-59,1.4399e-54,1.5062e-08,2.7662e-51,2.603e-22,1.0845e-116,3.7684e-39,3.2299e-87,2.3453e-80,4.399e-75,2.0576e-12,1.6635e-10,3.795e-121,8.7433e-38,6.103e-88,4.6773e-84,1,3.5263e-141,2.1307e-30,4.3283e-74,3.7674e-113,2.4554e-86,1.7462e-17,3.4962e-87,6.3033e-13
4.011e-26,3.2855e-37,2.622e-202,3.1391e-39,3.0572e-192,6.5731e-119,4.0327e-129,8.7272e-228,1.0917e-100,6.0176e-135,3.7269e-14,1.5953e-198,2.254e-117,1.7734e-198,9.0946e-88,6.0738e-136,7.6794e-92,2.8921e-121,6.0658e-26,8.9342e-106,3.4633e-227,2.1603e-220,2.2864e-68,6.1892e-135,7.3749e-147,3.3086e-22,4.8457e-105,4.4481e-54,5.9448e-58,3.5263e-141,1,2.4599e-112,7.123e-69,6.6298e-29,3.5757e-226,1.869e-125,4.2103e-227,1.3696e-150
1.8252e-87,6.5907e-77,5.9708e-91,1.4453e-150,6.1116e-81,4.1967e-12,1.5085e-18,2.0155e-116,1.7461e-14,3.1409e-24,1.3826e-99,4.2647e-87,3.5575e-09,2.4643e-87,3.9361e-26,5.7683e-25,3.1352e-23,4.6747e-12,5.6151e-88,5.6179e-17,6.9801e-116,5.3457e-109,2.37e-47,2.8895e-24,1.1181e-35,1.4163e-92,6.3833e-11,3.7158e-59,2.6344e-55,2.1307e-30,2.4599e-112,1,4.0208e-46,2.2649e-84,6.6484e-115,1.4146e-14,1.0639e-115,1.1033e-39
4.1764e-44,1.1616e-33,2.3033e-135,1.1138e-106,3.8733e-125,1.9203e-52,9.3736e-63,6.7691e-161,1.4743e-34,1.6288e-68,5.5304e-56,1.5877e-131,6.254e-51,1.5446e-131,2.0613e-22,4.6466e-69,2.1793e-27,8.8969e-55,1.3984e-44,2.5049e-39,3.932e-160,3.054e-153,4.5518e-07,6.079e-69,2.7731e-80,1.6983e-48,2.1343e-39,1.8976e-17,7.5508e-14,4.3283e-74,7.123e-69,4.0208e-46,1,4.4205e-41,4.2236e-159,8.5281e-59,4.498e-160,1.2538e-83
4.1635e-06,5.0438e-11,2.4788e-174,4.2579e-67,3.0391e-164,5.5375e-91,3.5138e-101,8.0035e-200,9.9059e-73,5.2674e-107,2.0637e-16,1.5791e-170,2.0533e-89,1.61e-170,7.8715e-60,6.1204e-108,4.7885e-64,2.6265e-93,3.3229e-07,5.8433e-78,3.3203e-199,2.1846e-192,1.1444e-40,4.7142e-107,6.6624e-119,2.9596e-11,3.8787e-77,3.5931e-26,5.3505e-30,3.7674e-113,6.6298e-29,2.2649e-84,4.4205e-41,1,3.4103e-198,1.8296e-97,4.0602e-199,1.3501e-122
3.0233e-201,1.1649e-190,8.6712e-27,2.3205e-264,2.7641e-36,7.0118e-109,3.6281e-98,7.5676e-12,1.3491e-126,1.9226e-92,2.2564e-213,2.3215e-30,5.0848e-110,3.2192e-31,1.88e-139,2.4736e-91,9.6374e-136,3.4278e-106,1.0724e-201,7.9537e-123,2.1422e-11,3.2578e-12,4.4927e-160,1.6792e-92,1.7965e-80,3.6059e-206,3.2789e-122,5.9254e-173,4.241e-169,2.4554e-86,3.5757e-226,6.6484e-115,4.2236e-159,3.4103e-198,1,9.6649e-102,5.0078e-12,5.6419e-77
1.4751e-100,4.81e-90,7.795e-78,1.1032e-163,9.6837e-68,3.3874e-12,4.8802e-07,2.9948e-103,2.2278e-26,8.0179e-12,1.1334e-112,5.6465e-74,1.5181e-11,3.4743e-74,7.0696e-39,6.3591e-12,1.2729e-35,3.1729e-09,4.9187e-101,2.3516e-25,1.2714e-102,7.9468e-96,5.9384e-60,3.2785e-12,1.0581e-22,1.4801e-105,4.1093e-22,3.2101e-72,2.3336e-68,1.7462e-17,1.869e-125,1.4146e-14,8.5281e-59,1.8296e-97,9.6649e-102,1,1.4955e-102,1.293e-26
3.5004e-202,1.3614e-191,7.0718e-27,2.5158e-265,1.0018e-36,1.0326e-109,5.7108e-99,4.9404e-09,1.6937e-127,3.3372e-93,2.5581e-214,2.4013e-30,6.9764e-111,1.7612e-31,2.403e-140,3.9407e-92,1.3722e-136,4.8989e-107,1.2162e-202,6.9909e-124,2.9171e-09,2.0542e-11,4.5423e-161,3.2427e-93,3.1599e-81,3.7905e-207,4.5234e-123,7.2647e-174,5.2265e-170,3.4962e-87,4.2103e-227,1.0639e-115,4.498e-160,4.0602e-199,5.0078e-12,1.4955e-102,1,8.3747e-78
1.1845e-125,3.9123e-115,2.9903e-53,8.8453e-189,3.5511e-43,2.9782e-34,1.7998e-23,1.6731e-78,3.6386e-51,2.4884e-18,8.6859e-138,2.0025e-49,5.3913e-35,1.0171e-49,5.6833e-64,1.326e-16,1.5268e-60,2.776e-31,3.9113e-126,2.3846e-48,9.224e-78,5.0013e-71,1.1781e-84,8.7905e-19,4.1846e-09,1.5342e-130,6.9909e-47,2.2453e-97,1.6684e-93,6.3033e-13,1.3696e-150,1.1033e-39,1.2538e-83,1.3501e-122,5.6419e-77,1.293e-26,8.3747e-78,1
