1,8.2982e-53,9.6247e-54,2.3042e-49,3.5835e-29,6.8438e-21,3.1788e-46,1.0517e-32,3.9462e-58,3.9632e-48,1.8349e-27,3.4008e-52,1.2552e-57,1.6914e-57,5.0144e-19,9.8377e-35,1.2475e-26,2.1951e-44,7.3521e-59,1.1165e-38,3.2374e-44,2.4082e-30,3.0081e-29,7.2047e-46,4.1115e-59,3.4409e-70,7.5883e-50,4.9098e-56,8.9573e-37,5.1862e-32,1.4564e-34,3.0891e-65,1.2511e-62,1.5409e-35,2.7957e-33,1.0566e-37,1.9439e-50,2.1338e-44,8.7918e-52,4.4494e-42,9.0862e-39,3.9821e-46,4.0348e-55,1.781e-32,5.8029e-52,2.7897e-44,3.3879e-67,1.1478e-55,2.1806e-40,3.4696e-24,9.2848e-35
8.2982e-53,1,2.8138e-25,2.155e-13,8.7419e-39,2.18e-51,4.6257e-48,4.1788e-26,3.2781e-17,6.7104e-23,1.9875e-53,1.1324e-15,1.7478e-12,4.1428e-13,5.5261e-52,4.4548e-26,3.0293e-43,4.2153e-43,5.7599e-16,8.3197e-26,2.3459e-70,1.9039e-26,1.9977e-38,4.9043e-32,6.1914e-89,5.8636e-97,7.5824e-32,2.9328e-64,5.256e-27,4.7731e-68,1.8909e-27,5.4265e-72,2.2201e-69,5.4886e-55,3.5605e-45,5.8759e-35,7.0562e-35,4.4331e-49,1.0562e-47,3.6012e-32,5.426e-55,2.3957e-32,6.9415e-65,2.9973e-51,1.5179e-28,8.5739e-21,1.7974e-71,2.2652e-24,1.645e-65,1.4846e-51,3.4038e-36
9.6247e-54,2.8138e-25,1,3.5001e-27,5.3895e-38,4.1862e-51,1.6165e-31,3.5896e-33,1.2509e-32,8.4533e-35,4.2267e-48,2.8349e-30,8.4393e-23,2.056e-24,3.7844e-53,1.7692e-32,1.2986e-44,1.2048e-47,4.3548e-33,7.7118e-31,1.3752e-62,5.8228e-33,4.2812e-44,3.7672e-22,4.0926e-87,1.1057e-94,8.852e-28,1.1012e-47,4.8029e-29,1.6033e-63,1.3927e-35,2.3394e-63,1.0421e-64,1.8813e-52,1.54e-46,6.3604e-40,4.1311e-36,5.8199e-47,3.0098e-49,4.6858e-42,1.2053e-52,1.2398e-40,2.0686e-51,1.9419e-47,4.5214e-29,3.2319e-29,9.5004e-63,5.3602e-23,6.5893e-56,3.8215e-52,1.1439e-38
2.3042e-49,2.155e-13,3.5001e-27,1,1.7941e-39,1.5643e-51,2.5106e-47,4.3915e-24,8.4548e-13,3.779e-15,1.9194e-53,1.3007e-13,1.0227e-15,6.8152e-13,2.6675e-50,9.9221e-23,3.9758e-43,3.8641e-41,4.2192e-13,2.3361e-29,7.1753e-71,9.1776e-24,7.4315e-33,4.1448e-34,4.3726e-88,7.335e-90,1.9168e-29,1.3661e-63,1.633e-25,3.2161e-64,7.5023e-27,5.7277e-77,2.0133e-71,1.3359e-54,2.931e-42,9.2692e-30,4.2089e-37,1.8594e-41,2.853e-50,5.4582e-28,1.6505e-53,6.1214e-27,3.6621e-63,1.9159e-50,6.0585e-22,9.6687e-19,1.679e-74,3.0069e-25,2.7457e-64,3.0814e-49,8.2269e-34
3.5835e-29,8.7419e-39,5.3895e-38,1.7941e-39,1,2.7875e-25,7.8164e-32,1.0832e-25,4.3744e-49,1.4883e-41,1.9555e-18,6.2932e-40,6.1858e-43,1.1592e-43,7.8903e-27,5.2375e-31,3.2303e-20,3.3738e-43,1.7709e-48,1.9208e-22,1.5287e-39,1.497e-23,2.2132e-30,8.9894e-28,2.2006e-62,8.0242e-83,6.5903e-35,1.98e-47,9.541e-26,8.9908e-42,1.1593e-24,5.562e-54,3.6416e-57,7.169e-36,1.5774e-37,1.4168e-36,7.9525e-37,2.9348e-46,8.0071e-43,5.4517e-38,1.9162e-38,3.5156e-40,4.6157e-48,2.5979e-27,2.4685e-43,7.7469e-34,1.5723e-57,1.5497e-41,3.6961e-40,6.9391e-31,2.9921e-28
6.8438e-21,2.18e-51,4.1862e-51,1.5643e-51,2.7875e-25,1,6.5781e-44,3.3284e-33,6.299e-60,1.1306e-52,2.5602e-21,3.3788e-53,1.6446e-56,1.0992e-57,7.6813e-27,1.9786e-35,1.89e-25,1.795e-45,1.3176e-60,1.556e-35,1.7367e-37,1.1798e-32,5.3568e-37,3.4279e-43,2.3909e-53,3.3053e-81,9.3359e-52,9.9239e-52,1.7615e-38,4.6527e-33,4.0717e-35,6.4268e-53,2.375e-57,1.899e-28,1.3369e-42,5.8898e-45,8.1003e-45,8.0567e-54,3.9284e-47,7.937e-48,9.2395e-41,5.1956e-53,1.4422e-57,1.7777e-28,3.9766e-56,7.778e-46,5.206e-57,2.0308e-53,1.3878e-35,9.5443e-29,2.1949e-36
3.1788e-46,4.6257e-48,1.6165e-31,2.5106e-47,7.8164e-32,6.5781e-44,1,8.7273e-41,2.7797e-56,7.5863e-51,9.9268e-32,5.1689e-50,2.3216e-47,2.7504e-48,5.9035e-45,2.2956e-43,6.2872e-39,3.2755e-54,3.3473e-56,1.3534e-38,2.2731e-42,2.8582e-40,3.3188e-47,5.435e-25,1.2041e-72,5.7934e-84,7.4614e-37,4.839e-31,2.1784e-36,1.076e-48,1.6054e-42,3.613e-52,7.1246e-58,2.4888e-43,1.0629e-47,5.1651e-46,8.0239e-42,1.2104e-45,1.2887e-50,7.2036e-51,3.685e-45,2.3027e-50,4.9994e-33,3.2652e-37,1.0033e-43,3.6226e-43,3.0409e-53,1.8469e-39,4.9829e-38,2.0092e-43,9.5321e-40
1.0517e-32,4.1788e-26,3.5896e-33,4.3915e-24,1.0832e-25,3.3284e-33,8.7273e-41,1,1.6806e-33,7.0877e-29,1.0949e-36,1.2936e-29,5.7379e-32,2.8457e-32,1.1942e-33,1.256e-17,1.4873e-26,8.7958e-38,3.1398e-34,1.4642e-20,1.5041e-54,2.2057e-15,2.8208e-26,5.8486e-30,1.5767e-69,7.915e-84,2.4374e-35,1.3058e-55,4.4729e-19,5.2361e-50,4.8077e-16,1.072e-63,7.8058e-61,8.8452e-41,8.2604e-35,1.7797e-29,1.8874e-33,7.4722e-41,3.4072e-41,5.0204e-28,5.1678e-41,4.6033e-32,2.9384e-57,6.7817e-34,4.3586e-34,2.6747e-19,7.5218e-64,4.4467e-34,3.8606e-51,5.6846e-35,1.0442e-25
3.9462e-58,3.2781e-17,1.2509e-32,8.4548e-13,4.3744e-49,6.299e-60,2.7797e-56,1.6806e-33,1,1.5564e-19,3.1161e-63,1.0137e-17,1.4132e-16,7.1159e-14,1.9421e-59,5.547e-30,2.0119e-52,2.2648e-46,4.2366e-09,1.1956e-37,7.6738e-80,4.2368e-33,6.0166e-41,1.2835e-42,1.7039e-96,7.8761e-96,6.8916e-36,2.4422e-71,3.6267e-35,1.9729e-72,2.9583e-36,2.045e-84,2.8028e-78,7.7151e-63,2.1618e-50,7.3973e-37,1.3827e-43,3.8645e-47,1.7039e-56,5.1014e-34,1.5575e-61,5.2756e-34,9.6215e-72,6.668e-60,5.5911e-26,2.4064e-26,2.575e-81,6.8294e-29,1.4593e-72,2.3133e-58,1.6605e-42
3.9632e-48,6.7104e-23,8.4533e-35,3.779e-15,1.4883e-41,1.1306e-52,7.5863e-51,7.0877e-29,1.5564e-19,1,3.6832e-55,2.4846e-14,1.1937e-25,3.5083e-20,2.4272e-50,4.542e-23,7.2128e-45,1.6678e-38,1.208e-18,1.3477e-34,2.9152e-72,5.2193e-24,3.3832e-27,5.286e-41,8.8238e-89,4.2759e-82,2.129e-29,4.461e-65,8.1224e-31,1.1504e-62,1.9838e-29,2.2107e-81,2.2271e-71,2.0337e-53,7.6453e-43,1.5748e-23,3.7334e-40,6.2662e-39,5.9588e-53,9.653e-28,1.9404e-51,2.9271e-24,5.4817e-64,3.5809e-53,3.2705e-22,6.661e-22,9.5352e-77,1.7281e-31,6.7807e-64,1.3705e-48,4.4856e-33
1.8349e-27,1.9875e-53,4.2267e-48,1.9194e-53,1.9555e-18,2.5602e-21,9.9268e-32,1.0949e-36,3.1161e-63,3.6832e-55,1,8.6983e-55,3.9907e-57,4.2915e-58,2.7487e-26,7.0955e-42,7.8987e-25,5.5799e-51,3.5982e-63,9.6965e-36,1.0895e-27,4.8687e-36,9.3415e-40,1.1976e-36,6.2357e-53,7.8579e-80,1.6933e-46,8.0969e-43,2.7499e-37,1.9086e-33,1.2856e-36,2.6367e-48,1.3407e-55,3.2851e-33,2.8445e-43,1.8983e-46,4.5718e-45,3.1056e-51,9.4549e-48,6.0344e-49,7.785e-39,2.1131e-52,4.1873e-45,2.2868e-23,6.4492e-55,1.2062e-46,7.2881e-54,1.421e-52,2.0521e-31,8.9588e-30,9.9334e-37
3.4008e-52,1.1324e-15,2.8349e-30,1.3007e-13,6.2932e-40,3.3788e-53,5.1689e-50,1.2936e-29,1.0137e-17,2.4846e-14,8.6983e-55,1,1.6089e-19,4.9902e-14,5.8737e-53,3.8316e-26,9.7692e-45,4.2946e-42,6.7674e-15,5.7293e-31,2.359e-72,4.7008e-26,6.528e-33,3.2707e-37,1.1866e-89,1.1584e-90,3.3651e-27,3.2446e-65,1.0422e-30,7.8409e-66,3.5552e-28,1.9731e-78,1.358e-72,2.3605e-55,2.2009e-45,1.3538e-30,1.1007e-38,2.8781e-46,1.5603e-52,1.6444e-30,5.4746e-55,1.7547e-27,2.839e-65,4.7618e-53,4.0748e-27,8.074e-23,7.2321e-76,3.855e-29,4.8796e-66,3.7163e-51,8.5648e-36
1.2552e-57,1.7478e-12,8.4393e-23,1.0227e-15,6.1858e-43,1.6446e-56,2.3216e-47,5.7379e-32,1.4132e-16,1.1937e-25,3.9907e-57,1.6089e-19,1,4.8267e-10,1.76e-57,8.1503e-31,1.3588e-47,6.1007e-47,4.9255e-17,1.6527e-30,8.5857e-74,1.4096e-31,1.2286e-43,9.5991e-32,8.1731e-93,2.0647e-98,2.0482e-31,2.6052e-63,3.4511e-31,4.2955e-71,3.3272e-35,5.5556e-74,1.4364e-70,7.5174e-59,8.6234e-50,3.7612e-39,7.2973e-37,9.1219e-49,3.7232e-49,1.08e-37,3.7359e-57,2.01e-36,4.4569e-65,4.571e-55,1.3922e-26,5.8283e-25,9.4154e-72,7.5353e-22,4.838e-67,3.9665e-57,4.5884e-39
1.6914e-57,4.1428e-13,2.056e-24,6.8152e-13,1.1592e-43,1.0992e-57,2.7504e-48,2.8457e-32,7.1159e-14,3.5083e-20,4.2915e-58,4.9902e-14,4.8267e-10,1,8.659e-58,6.7669e-30,1.0086e-48,1.4674e-45,9.6629e-13,4.8878e-33,6.6496e-75,9.4654e-31,1.5265e-40,2.2638e-34,8.6514e-94,6.3792e-95,6.8042e-28,1.3292e-63,9.0824e-32,2.7797e-70,6.7438e-34,2.0095e-77,7.5434e-72,1.6528e-59,9.8281e-50,6.068e-36,1.0551e-38,6.3684e-47,1.885e-51,2.4111e-35,1.0101e-56,1.8314e-32,9.2537e-65,1.3198e-55,4.6279e-24,2.3442e-23,4.6786e-74,2.1496e-23,1.5001e-67,2.6173e-56,5.2467e-38
5.0144e-19,5.5261e-52,3.7844e-53,2.6675e-50,7.8903e-27,7.6813e-27,5.9035e-45,1.1942e-33,1.9421e-59,2.4272e-50,2.7487e-26,5.8737e-53,1.76e-57,8.659e-58,1,2.6403e-39,8.7076e-25,3.6336e-48,2.3022e-59,2.6805e-35,1.1581e-38,4.601e-33,1.2393e-33,6.4032e-44,2.6376e-61,2.1227e-77,2.7881e-51,1.6538e-58,1.5745e-34,2.9311e-42,1.1037e-32,4.7991e-62,1.2949e-62,6.4483e-41,4.0448e-30,2.6914e-38,1.8207e-51,1.2557e-48,6.5782e-52,1.1739e-41,3.8118e-42,8.4453e-44,1.1243e-51,3.6022e-34,3.2523e-52,2.7329e-44,5.1539e-68,6.1332e-56,1.8853e-42,7.1047e-27,2.82e-37
9.8377e-35,4.4548e-26,1.7692e-32,9.9221e-23,5.2375e-31,1.9786e-35,2.2956e-43,1.256e-17,5.547e-30,4.542e-23,7.0955e-42,3.8316e-26,8.1503e-31,6.7669e-30,2.6403e-39,1,4.2686e-33,3.9696e-28,3.1681e-31,3.7351e-26,3.3589e-59,3.7851e-15,2.5609e-24,2.017e-34,1.4878e-75,3.8169e-82,1.4691e-33,2.1352e-56,2.978e-25,5.1022e-50,2.8747e-22,7.7866e-69,4.8243e-64,3.4472e-40,1.214e-37,2.4641e-23,7.1004e-36,4.8478e-38,3.3736e-46,1.3003e-28,4.917e-44,4.5136e-31,3.1003e-57,2.6902e-40,3.1279e-29,1.1734e-21,4.767e-67,1.7561e-32,3.6263e-51,4.5748e-37,2.6037e-26
1.2475e-26,3.0293e-43,1.2986e-44,3.9758e-43,3.2303e-20,1.89e-25,6.2872e-39,1.4873e-26,2.0119e-52,7.2128e-45,7.8987e-25,9.7692e-45,1.3588e-47,1.0086e-48,8.7076e-25,4.2686e-33,1,1.0949e-45,2.5719e-52,2.7576e-22,9.5701e-43,1.9568e-26,2.5061e-34,4.4139e-32,8.5113e-62,2.5211e-82,1.232e-43,1.1535e-53,1.296e-30,4.0956e-45,1.1872e-28,7.5628e-54,6.5712e-53,3.7058e-35,6.8809e-36,1.4593e-37,4.523e-43,2.5555e-48,2.3233e-37,5.5117e-42,2.2633e-33,7.9597e-43,1.0386e-52,4.15e-33,2.3127e-48,4.3474e-36,3.2739e-58,6.6792e-48,2.2491e-41,6.8457e-27,2.3578e-30
2.1951e-44,4.2153e-43,1.2048e-47,3.8641e-41,3.3738e-43,1.795e-45,3.2755e-54,8.7958e-38,2.2648e-46,1.6678e-38,5.5799e-51,4.2946e-42,6.1007e-47,1.4674e-45,3.6336e-48,3.9696e-28,1.0949e-45,1,3.7684e-47,6.8712e-42,3.3286e-65,3.5373e-32,9.4804e-37,8.4199e-49,5.705e-76,1.5769e-82,5.3648e-46,8.3265e-62,3.8967e-41,6.2938e-57,7.6824e-40,2.0835e-73,3.3147e-67,3.4987e-49,1.1241e-49,1.8425e-30,2.3487e-50,5.8254e-50,6.6914e-54,3.4024e-45,3.853e-50,1.1567e-37,1.1858e-55,3.239e-50,2.7567e-39,9.1739e-40,3.0148e-71,6.0686e-49,8.6625e-57,4.9984e-46,1.0297e-38
7.3521e-59,5.7599e-16,4.3548e-33,4.2192e-13,1.7709e-48,1.3176e-60,3.3473e-56,3.1398e-34,4.2366e-09,1.208e-18,3.5982e-63,6.7674e-15,4.9255e-17,9.6629e-13,2.3022e-59,3.1681e-31,2.5719e-52,3.7684e-47,1,3.4177e-37,7.0467e-80,2.0427e-33,9.8851e-41,4.1513e-42,2.1392e-97,6.4659e-97,8.6516e-35,2.322e-72,9.0736e-35,2.1516e-73,7.8266e-35,1.1872e-84,1.5287e-78,6.4013e-63,9.7781e-50,9.8545e-37,3.1199e-42,1.0396e-48,6.1683e-57,3.2043e-33,2.4345e-62,1.0755e-31,2.0616e-71,5.0779e-60,2.2097e-27,2.2691e-26,1.0821e-81,2.8218e-28,1.2938e-73,4.7556e-58,1.504e-41
1.1165e-38,8.3197e-26,7.7118e-31,2.3361e-29,1.9208e-22,1.556e-35,1.3534e-38,1.4642e-20,1.1956e-37,1.3477e-34,9.6965e-36,5.7293e-31,1.6527e-30,4.8878e-33,2.6805e-35,3.7351e-26,2.7576e-22,6.8712e-42,3.4177e-37,1,2.9193e-52,6.1555e-21,1.5178e-34,3.3706e-23,1.1575e-73,2.0089e-92,6.3007e-35,2.4833e-56,2.1283e-22,4.1114e-57,4.4299e-23,1.7277e-56,1.1549e-57,2.2976e-41,7.3078e-36,7.367e-34,3.1965e-34,1.309e-49,9.5639e-37,1.6623e-36,9.1593e-42,1.0732e-35,3.8041e-55,1.7082e-39,3.8049e-38,6.8076e-24,7.6943e-61,4.2264e-35,7.6562e-52,3.8502e-38,4.5462e-31
3.2374e-44,2.3459e-70,1.3752e-62,7.1753e-71,1.5287e-39,1.7367e-37,2.2731e-42,1.5041e-54,7.6738e-80,2.9152e-72,1.0895e-27,2.359e-72,8.5857e-74,6.6496e-75,1.1581e-38,3.3589e-59,9.5701e-43,3.3286e-65,7.0467e-80,2.9193e-52,1,1.2558e-55,5.9425e-58,3.2527e-53,1.8859e-51,5.8215e-88,1.1887e-64,8.718e-50,2.2799e-55,4.2727e-44,5.9226e-55,5.4634e-46,1.0593e-61,3.8269e-41,6.232e-57,4.3166e-61,7.5685e-59,1.0535e-67,2.2968e-61,3.9178e-66,1.2803e-53,1.8972e-67,2.5563e-49,3.2322e-41,2.4705e-70,1.2868e-63,1.187e-57,5.0871e-67,3.4601e-35,2.605e-44,1.5164e-56
2.4082e-30,1.9039e-26,5.8228e-33,9.1776e-24,1.497e-23,1.1798e-32,2.8582e-40,2.2057e-15,4.2368e-33,5.2193e-24,4.8687e-36,4.7008e-26,1.4096e-31,9.4654e-31,4.601e-33,3.7851e-15,1.9568e-26,3.5373e-32,2.0427e-33,6.1555e-21,1.2558e-55,1,2.5348e-20,1.6623e-30,1.0005e-71,1.307e-78,2.8428e-30,5.5581e-54,5.9249e-20,1.1149e-48,6.4878e-19,1.0143e-64,1.1468e-58,3.1106e-39,2.2148e-33,1.032e-23,4.7855e-34,3.7822e-39,4.5662e-40,1.5907e-29,3.0646e-37,1.6887e-28,1.2156e-54,1.888e-36,2.2191e-30,3.6638e-21,4.1927e-63,2.1145e-34,4.8438e-49,7.2359e-34,4.1142e-22
3.0081e-29,1.9977e-38,4.2812e-44,7.4315e-33,2.2132e-30,5.3568e-37,3.3188e-47,2.8208e-26,6.0166e-41,3.3832e-27,9.3415e-40,6.528e-33,1.2286e-43,1.5265e-40,1.2393e-33,2.5609e-24,2.5061e-34,9.4804e-37,9.8851e-41,1.5178e-34,5.9425e-58,2.5348e-20,1,1.912e-43,3.3262e-72,1.4089e-71,2.4176e-34,4.3949e-59,2.1446e-29,1.1952e-44,7.2053e-24,3.6944e-75,8.8458e-67,3.1752e-42,4.982e-36,1.1902e-23,2.8404e-43,1.0132e-36,1.7952e-52,3.706e-27,1.1547e-42,4.9754e-30,6.139e-58,4.6255e-39,1.1498e-35,1.0356e-29,3.0754e-72,1.5111e-44,1.2191e-51,2.5263e-34,1.4861e-28
7.2047e-46,4.9043e-32,3.7672e-22,4.1448e-34,8.9894e-28,3.4279e-43,5.435e-25,5.8486e-30,1.2835e-42,5.286e-41,1.1976e-36,3.2707e-37,9.5991e-32,2.2638e-34,6.4032e-44,2.017e-34,4.4139e-32,8.4199e-49,4.1513e-42,3.3706e-23,3.2527e-53,1.6623e-30,1.912e-43,1,5.926e-78,2.1983e-92,5.7185e-29,3.1274e-46,4.4615e-27,7.3042e-58,3.7566e-33,1.0552e-54,6.4044e-58,1.3189e-46,1.2235e-42,7.958e-42,1.54e-35,7.8709e-47,1.1059e-39,1.7275e-43,7.8475e-44,1.5919e-42,1.1258e-45,1.6044e-39,8.9974e-38,9.439e-31,2.8147e-57,2.9403e-31,8.2382e-51,3.743e-44,3.8799e-33
4.1115e-59,6.1914e-89,4.0926e-87,4.3726e-88,2.2006e-62,2.3909e-53,1.2041e-72,1.5767e-69,1.7039e-96,8.8238e-89,6.2357e-53,1.1866e-89,8.1731e-93,8.6514e-94,2.6376e-61,1.4878e-75,8.5113e-62,5.705e-76,2.1392e-97,1.1575e-73,1.8859e-51,1.0005e-71,3.3262e-72,5.926e-78,1,1.6608e-88,7.4743e-86,7.6866e-69,3.4074e-75,3.4478e-53,2.0384e-72,4.8959e-64,1.499e-72,2.0841e-59,9.3589e-77,2.3853e-80,1.8628e-77,3.9164e-84,3.615e-74,5.5629e-83,6.4977e-65,5.7453e-85,4.0426e-77,2.985e-53,3.1818e-91,1.3171e-81,7.5206e-69,1.1721e-90,9.2217e-58,2.8467e-65,2.2188e-72
3.4409e-70,5.8636e-97,1.1057e-94,7.335e-90,8.0242e-83,3.3053e-81,5.7934e-84,7.915e-84,7.8761e-96,4.2759e-82,7.8579e-80,1.1584e-90,2.0647e-98,6.3792e-95,2.1227e-77,3.8169e-82,2.5211e-82,1.5769e-82,6.4659e-97,2.0089e-92,5.8215e-88,1.307e-78,1.4089e-71,2.1983e-92,1.6608e-88,1,6.0178e-84,3.1818e-78,4.9018e-85,5.2325e-67,4.5796e-85,1.1186e-105,1.9888e-85,3.4669e-80,1.2946e-81,2.1442e-74,1.7376e-91,7.5417e-69,8.3972e-92,4.4332e-84,1.3793e-67,1.1739e-82,1.2902e-82,3.8259e-80,2.7116e-83,1.1679e-86,1.3725e-94,6.7237e-95,7.001e-73,7.6808e-76,2.524e-75
7.5883e-50,7.5824e-32,8.852e-28,1.9168e-29,6.5903e-35,9.3359e-52,7.4614e-37,2.4374e-35,6.8916e-36,2.129e-29,1.6933e-46,3.3651e-27,2.0482e-31,6.8042e-28,2.7881e-51,1.4691e-33,1.232e-43,5.3648e-46,8.6516e-35,6.3007e-35,1.1887e-64,2.8428e-30,2.4176e-34,5.7185e-29,7.4743e-86,6.0178e-84,1,5.8962e-53,3.4098e-34,5.8189e-58,7.6211e-35,1.8863e-73,1.4683e-68,1.384e-53,8.3634e-48,1.2721e-36,3.4715e-41,6.4333e-40,8.8426e-51,1.1174e-37,3.5068e-48,1.8547e-35,1.3955e-51,1.6161e-46,3.0342e-30,7.549e-30,3.6911e-70,3.1904e-33,5.3272e-59,1.8385e-50,1.4337e-33
4.9098e-56,2.9328e-64,1.1012e-47,1.3661e-63,1.98e-47,9.9239e-52,4.839e-31,1.3058e-55,2.4422e-71,4.461e-65,8.0969e-43,3.2446e-65,2.6052e-63,1.3292e-63,1.6538e-58,2.1352e-56,1.1535e-53,8.3265e-62,2.322e-72,2.4833e-56,8.718e-50,5.5581e-54,4.3949e-59,3.1274e-46,7.6866e-69,3.1818e-78,5.8962e-53,1,1.4387e-52,1.0493e-50,3.8612e-58,5.7669e-51,1.0685e-51,3.184e-51,9.7775e-63,1.6541e-59,2.709e-56,2.0062e-59,3.1589e-59,5.599e-67,1.6986e-45,8.8252e-67,6.6957e-44,1.0041e-43,2.3136e-59,3.8668e-58,2.3529e-44,1.9801e-57,1.6134e-34,2.063e-57,2.0157e-50
8.9573e-37,5.256e-27,4.8029e-29,1.633e-25,9.541e-26,1.7615e-38,2.1784e-36,4.4729e-19,3.6267e-35,8.1224e-31,2.7499e-37,1.0422e-30,3.4511e-31,9.0824e-32,1.5745e-34,2.978e-25,1.296e-30,3.8967e-41,9.0736e-35,2.1283e-22,2.2799e-55,5.9249e-20,2.1446e-29,4.4615e-27,3.4074e-75,4.9018e-85,3.4098e-34,1.4387e-52,1,1.2034e-53,5.3376e-19,4.2486e-64,1.9726e-62,2.4356e-46,1.375e-32,7.3006e-30,7.4169e-36,2.5376e-41,3.1267e-46,5.3859e-30,4.5733e-44,3.6269e-31,3.3655e-52,1.5655e-35,3.8956e-31,3.0779e-22,3.0236e-65,5.9631e-33,2.1235e-51,2.6764e-36,2.1441e-27
5.1862e-32,4.7731e-68,1.6033e-63,3.2161e-64,8.9908e-42,4.6527e-33,1.076e-48,5.2361e-50,1.9729e-72,1.1504e-62,1.9086e-33,7.8409e-66,4.2955e-71,2.7797e-70,2.9311e-42,5.1022e-50,4.0956e-45,6.2938e-57,2.1516e-73,4.1114e-57,4.2727e-44,1.1149e-48,1.1952e-44,7.3042e-58,3.4478e-53,5.2325e-67,5.8189e-58,1.0493e-50,1.2034e-53,1,4.9825e-51,1.1897e-69,8.8542e-70,5.1519e-41,6.9226e-55,1.7185e-54,9.6211e-60,7.0098e-50,2.1192e-65,4.4915e-56,1.6087e-49,4.7301e-63,2.3277e-58,1.4357e-34,3.218e-64,6.1387e-60,1.2932e-67,4.137e-65,1.818e-35,2.1273e-40,8.2701e-47
1.4564e-34,1.8909e-27,1.3927e-35,7.5023e-27,1.1593e-24,4.0717e-35,1.6054e-42,4.8077e-16,2.9583e-36,1.9838e-29,1.2856e-36,3.5552e-28,3.3272e-35,6.7438e-34,1.1037e-32,2.8747e-22,1.1872e-28,7.6824e-40,7.8266e-35,4.4299e-23,5.9226e-55,6.4878e-19,7.2053e-24,3.7566e-33,2.0384e-72,4.5796e-85,7.6211e-35,3.8612e-58,5.3376e-19,4.9825e-51,1,2.5161e-67,9.2657e-66,1.7149e-44,1.8913e-33,4.2729e-28,1.8488e-37,1.0763e-42,1.5722e-48,2.4397e-22,6.3849e-46,1.3853e-28,5.7801e-57,1.8115e-33,1.3282e-36,2.2251e-23,8.5547e-69,3.4708e-37,1.2211e-52,8.852e-34,1.1478e-26
3.0891e-65,5.4265e-72,2.3394e-63,5.7277e-77,5.562e-54,6.4268e-53,3.613e-52,1.072e-63,2.045e-84,2.2107e-81,2.6367e-48,1.9731e-78,5.5556e-74,2.0095e-77,4.7991e-62,7.7866e-69,7.5628e-54,2.0835e-73,1.1872e-84,1.7277e-56,5.4634e-46,1.0143e-64,3.6944e-75,1.0552e-54,4.8959e-64,1.1186e-105,1.8863e-73,5.7669e-51,4.2486e-64,1.1897e-69,2.5161e-67,1,3.8781e-42,3.0018e-51,1.0175e-71,2.3745e-75,7.7844e-60,1.0313e-84,6.0847e-50,1.3243e-81,3.8423e-56,1.211e-80,4.057e-63,1.5865e-56,3.937e-79,4.3521e-70,4.0697e-33,5.3969e-70,1.8627e-49,2.12e-63,1.0531e-65
1.2511e-62,2.2201e-69,1.0421e-64,2.0133e-71,3.6416e-57,2.375e-57,7.1246e-58,7.8058e-61,2.8028e-78,2.2271e-71,1.3407e-55,1.358e-72,1.4364e-70,7.5434e-72,1.2949e-62,4.8243e-64,6.5712e-53,3.3147e-67,1.5287e-78,1.1549e-57,1.0593e-61,1.1468e-58,8.8458e-67,6.4044e-58,1.499e-72,1.9888e-85,1.4683e-68,1.0685e-51,1.9726e-62,8.8542e-70,9.2657e-66,3.8781e-42,1,6.6468e-51,7.0543e-71,8.1632e-67,7.3295e-58,7.4471e-76,7.0927e-36,2.3519e-77,1.2147e-35,4.1699e-74,1.4842e-67,1.7299e-59,2.9609e-71,2.7666e-62,1.5175e-26,4.28e-68,4.443e-50,1.3992e-63,3.2064e-54
1.5409e-35,5.4886e-55,1.8813e-52,1.3359e-54,7.169e-36,1.899e-28,2.4888e-43,8.8452e-41,7.7151e-63,2.0337e-53,3.2851e-33,2.3605e-55,7.5174e-59,1.6528e-59,6.4483e-41,3.4472e-40,3.7058e-35,3.4987e-49,6.4013e-63,2.2976e-41,3.8269e-41,3.1106e-39,3.1752e-42,1.3189e-46,2.0841e-59,3.4669e-80,1.384e-53,3.184e-51,2.4356e-46,5.1519e-41,1.7149e-44,3.0018e-51,6.6468e-51,1,3.4454e-49,1.4297e-46,8.9967e-39,1.2683e-56,9.9628e-45,4.2867e-55,8.9478e-41,3.3205e-57,6.3507e-58,5.7671e-41,1.2646e-56,2.1545e-47,6.4244e-50,1.0758e-51,7.548e-38,5.6982e-36,4.1463e-42
2.7957e-33,3.5605e-45,1.54e-46,2.931e-42,1.5774e-37,1.3369e-42,1.0629e-47,8.2604e-35,2.1618e-50,7.6453e-43,2.8445e-43,2.2009e-45,8.6234e-50,9.8281e-50,4.0448e-30,1.214e-37,6.8809e-36,1.1241e-49,9.7781e-50,7.3078e-36,6.232e-57,2.2148e-33,4.982e-36,1.2235e-42,9.3589e-77,1.2946e-81,8.3634e-48,9.7775e-63,1.375e-32,6.9226e-55,1.8913e-33,1.0175e-71,7.0543e-71,3.4454e-49,1,2.3654e-33,2.7013e-52,6.3746e-46,3.6988e-58,8.6534e-38,6.8057e-50,4.6009e-36,2.4872e-55,6.2764e-45,2.736e-46,5.4026e-41,1.0845e-76,1.0153e-50,3.2371e-54,5.8976e-37,3.4936e-41
1.0566e-37,5.8759e-35,6.3604e-40,9.2692e-30,1.4168e-36,5.8898e-45,5.1651e-46,1.7797e-29,7.3973e-37,1.5748e-23,1.8983e-46,1.3538e-30,3.7612e-39,6.068e-36,2.6914e-38,2.4641e-23,1.4593e-37,1.8425e-30,9.8545e-37,7.367e-34,4.3166e-61,1.032e-23,1.1902e-23,7.958e-42,2.3853e-80,2.1442e-74,1.2721e-36,1.6541e-59,7.3006e-30,1.7185e-54,4.2729e-28,2.3745e-75,8.1632e-67,1.4297e-46,2.3654e-33,1,1.0598e-45,1.8401e-35,1.17e-53,2.2443e-28,2.0173e-45,2.0748e-20,4.3598e-51,4.8237e-47,4.8147e-27,2.3365e-28,6.6145e-74,1.8539e-40,2.5041e-52,2.3848e-36,1.0409e-31
1.9439e-50,7.0562e-35,4.1311e-36,4.2089e-37,7.9525e-37,8.1003e-45,8.0239e-42,1.8874e-33,1.3827e-43,3.7334e-40,4.5718e-45,1.1007e-38,7.2973e-37,1.0551e-38,1.8207e-51,7.1004e-36,4.523e-43,2.3487e-50,3.1199e-42,3.1965e-34,7.5685e-59,4.7855e-34,2.8404e-43,1.54e-35,1.8628e-77,1.7376e-91,3.4715e-41,2.709e-56,7.4169e-36,9.6211e-60,1.8488e-37,7.7844e-60,7.3295e-58,8.9967e-39,2.7013e-52,1.0598e-45,1,6.1362e-55,1.8713e-41,2.6669e-47,2.0546e-49,1.1743e-48,2.315e-63,8.0616e-46,3.1277e-43,2.205e-33,5.0172e-54,5.8437e-28,4.4962e-57,2.05e-49,3.183e-37
2.1338e-44,4.4331e-49,5.8199e-47,1.8594e-41,2.9348e-46,8.0567e-54,1.2104e-45,7.4722e-41,3.8645e-47,6.2662e-39,3.1056e-51,2.8781e-46,9.1219e-49,6.3684e-47,1.2557e-48,4.8478e-38,2.5555e-48,5.8254e-50,1.0396e-48,1.309e-49,1.0535e-67,3.7822e-39,1.0132e-36,7.8709e-47,3.9164e-84,7.5417e-69,6.4333e-40,2.0062e-59,2.5376e-41,7.0098e-50,1.0763e-42,1.0313e-84,7.4471e-76,1.2683e-56,6.3746e-46,1.8401e-35,6.1362e-55,1,1.4456e-62,1.0675e-33,1.9611e-51,4.8739e-42,3.6714e-53,2.4015e-48,1.0267e-34,3.1743e-41,6.6402e-80,9.3718e-46,7.1047e-55,7.1453e-47,1.6722e-37
8.7918e-52,1.0562e-47,3.0098e-49,2.853e-50,8.0071e-43,3.9284e-47,1.2887e-50,3.4072e-41,1.7039e-56,5.9588e-53,9.4549e-48,1.5603e-52,3.7232e-49,1.885e-51,6.5782e-52,3.3736e-46,2.3233e-37,6.6914e-54,6.1683e-57,9.5639e-37,2.2968e-61,4.5662e-40,1.7952e-52,1.1059e-39,3.615e-74,8.3972e-92,8.8426e-51,3.1589e-59,3.1267e-46,2.1192e-65,1.5722e-48,6.0847e-50,7.0927e-36,9.9628e-45,3.6988e-58,1.17e-53,1.8713e-41,1.4456e-62,1,3.5374e-60,5.8024e-33,3.3659e-57,7.6915e-65,9.2583e-51,1.0865e-54,3.948e-42,1.7138e-43,6.4677e-50,4.1568e-56,5.1137e-53,7.645e-40
4.4494e-42,3.6012e-32,4.6858e-42,5.4582e-28,5.4517e-38,7.937e-48,7.2036e-51,5.0204e-28,5.1014e-34,9.653e-28,6.0344e-49,1.6444e-30,1.08e-37,2.4111e-35,1.1739e-41,1.3003e-28,5.5117e-42,3.4024e-45,3.2043e-33,1.6623e-36,3.9178e-66,1.5907e-29,3.706e-27,1.7275e-43,5.5629e-83,4.4332e-84,1.1174e-37,5.599e-67,5.3859e-30,4.4915e-56,2.4397e-22,1.3243e-81,2.3519e-77,4.2867e-55,8.6534e-38,2.2443e-28,2.6669e-47,1.0675e-33,3.5374e-60,1,1.3992e-55,1.2942e-28,3.9624e-62,5.3144e-44,4.9489e-34,1.0025e-29,1.5371e-81,1.3307e-39,9.0089e-61,9.7588e-43,2.351e-34
9.0862e-39,5.426e-55,1.2053e-52,1.6505e-53,1.9162e-38,9.2395e-41,3.685e-45,5.1678e-41,1.5575e-61,1.9404e-51,7.785e-39,5.4746e-55,3.7359e-57,1.0101e-56,3.8118e-42,4.917e-44,2.2633e-33,3.853e-50,2.4345e-62,9.1593e-42,1.2803e-53,3.0646e-37,1.1547e-42,7.8475e-44,6.4977e-65,1.3793e-67,3.5068e-48,1.6986e-45,4.5733e-44,1.6087e-49,6.3849e-46,3.8423e-56,1.2147e-35,8.9478e-41,6.8057e-50,2.0173e-45,2.0546e-49,1.9611e-51,5.8024e-33,1.3992e-55,1,5.1578e-54,4.1437e-55,2.3111e-40,6.1848e-54,1.7445e-42,3.2189e-47,1.0706e-56,1.4655e-41,5.6231e-44,8.035e-33
3.9821e-46,2.3957e-32,1.2398e-40,6.1214e-27,3.5156e-40,5.1956e-53,2.3027e-50,4.6033e-32,5.2756e-34,2.9271e-24,2.1131e-52,1.7547e-27,2.01e-36,1.8314e-32,8.4453e-44,4.5136e-31,7.9597e-43,1.1567e-37,1.0755e-31,1.0732e-35,1.8972e-67,1.6887e-28,4.9754e-30,1.5919e-42,5.7453e-85,1.1739e-82,1.8547e-35,8.8252e-67,3.6269e-31,4.7301e-63,1.3853e-28,1.211e-80,4.1699e-74,3.3205e-57,4.6009e-36,2.0748e-20,1.1743e-48,4.8739e-42,3.3659e-57,1.2942e-28,5.1578e-54,1,1.5351e-54,4.3306e-51,2.2055e-28,7.9958e-31,2.046e-80,5.3479e-41,1.1715e-62,2.0282e-44,5.135e-36
4.0348e-55,6.9415e-65,2.0686e-51,3.6621e-63,4.6157e-48,1.4422e-57,4.9994e-33,2.9384e-57,9.6215e-72,5.4817e-64,4.1873e-45,2.839e-65,4.4569e-65,9.2537e-65,1.1243e-51,3.1003e-57,1.0386e-52,1.1858e-55,2.0616e-71,3.8041e-55,2.5563e-49,1.2156e-54,6.139e-58,1.1258e-45,4.0426e-77,1.2902e-82,1.3955e-51,6.6957e-44,3.3655e-52,2.3277e-58,5.7801e-57,4.057e-63,1.4842e-67,6.3507e-58,2.4872e-55,4.3598e-51,2.315e-63,3.6714e-53,7.6915e-65,3.9624e-62,4.1437e-55,1.5351e-54,1,2.9814e-50,5.0092e-54,5.3259e-59,1.8808e-67,1.4466e-59,1.6749e-46,4.8078e-51,5.3752e-53
1.781e-32,2.9973e-51,1.9419e-47,1.9159e-50,2.5979e-27,1.7777e-28,3.2652e-37,6.7817e-34,6.668e-60,3.5809e-53,2.2868e-23,4.7618e-53,4.571e-55,1.3198e-55,3.6022e-34,2.6902e-40,4.15e-33,3.239e-50,5.0779e-60,1.7082e-39,3.2322e-41,1.888e-36,4.6255e-39,1.6044e-39,2.985e-53,3.8259e-80,1.6161e-46,1.0041e-43,1.5655e-35,1.4357e-34,1.8115e-33,1.5865e-56,1.7299e-59,5.7671e-41,6.2764e-45,4.8237e-47,8.0616e-46,2.4015e-48,9.2583e-51,5.3144e-44,2.3111e-40,4.3306e-51,2.9814e-50,1,1.7748e-54,4.1149e-43,1.7566e-57,8.6281e-52,1.9962e-38,5.195e-38,5.3807e-33
5.8029e-52,1.5179e-28,4.5214e-29,6.0585e-22,2.4685e-43,3.9766e-56,1.0033e-43,4.3586e-34,5.5911e-26,3.2705e-22,6.4492e-55,4.0748e-27,1.3922e-26,4.6279e-24,3.2523e-52,3.1279e-29,2.3127e-48,2.7567e-39,2.2097e-27,3.8049e-38,2.4705e-70,2.2191e-30,1.1498e-35,8.9974e-38,3.1818e-91,2.7116e-83,3.0342e-30,2.3136e-59,3.8956e-31,3.218e-64,1.3282e-36,3.937e-79,2.9609e-71,1.2646e-56,2.736e-46,4.8147e-27,3.1277e-43,1.0267e-34,1.0865e-54,4.9489e-34,6.1848e-54,2.2055e-28,5.0092e-54,1.7748e-54,1,7.3432e-28,8.8813e-75,3.4028e-28,6.7184e-61,5.4199e-51,1.5478e-36
2.7897e-44,8.5739e-21,3.2319e-29,9.6687e-19,7.7469e-34,7.778e-46,3.6226e-43,2.6747e-19,2.4064e-26,6.661e-22,1.2062e-46,8.074e-23,5.8283e-25,2.3442e-23,2.7329e-44,1.1734e-21,4.3474e-36,9.1739e-40,2.2691e-26,6.8076e-24,1.2868e-63,3.6638e-21,1.0356e-29,9.439e-31,1.3171e-81,1.1679e-86,7.549e-30,3.8668e-58,3.0779e-22,6.1387e-60,2.2251e-23,4.3521e-70,2.7666e-62,2.1545e-47,5.4026e-41,2.3365e-28,2.205e-33,3.1743e-41,3.948e-42,1.0025e-29,1.7445e-42,7.9958e-31,5.3259e-59,4.1149e-43,7.3432e-28,1,1.0242e-66,5.7818e-30,1.4654e-58,3.6166e-44,8.2785e-28
3.3879e-67,1.7974e-71,9.5004e-63,1.679e-74,1.5723e-57,5.206e-57,3.0409e-53,7.5218e-64,2.575e-81,9.5352e-77,7.2881e-54,7.2321e-76,9.4154e-72,4.6786e-74,5.1539e-68,4.767e-67,3.2739e-58,3.0148e-71,1.0821e-81,7.6943e-61,1.187e-57,4.1927e-63,3.0754e-72,2.8147e-57,7.5206e-69,1.3725e-94,3.6911e-70,2.3529e-44,3.0236e-65,1.2932e-67,8.5547e-69,4.0697e-33,1.5175e-26,6.4244e-50,1.0845e-76,6.6145e-74,5.0172e-54,6.6402e-80,1.7138e-43,1.5371e-81,3.2189e-47,2.046e-80,1.8808e-67,1.7566e-57,8.8813e-75,1.0242e-66,1,6.452e-66,1.8158e-48,7.248e-68,6.2812e-59
1.1478e-55,2.2652e-24,5.3602e-23,3.0069e-25,1.5497e-41,2.0308e-53,1.8469e-39,4.4467e-34,6.8294e-29,1.7281e-31,1.421e-52,3.855e-29,7.5353e-22,2.1496e-23,6.1332e-56,1.7561e-32,6.6792e-48,6.0686e-49,2.8218e-28,4.2264e-35,5.0871e-67,2.1145e-34,1.5111e-44,2.9403e-31,1.1721e-90,6.7237e-95,3.1904e-33,1.9801e-57,5.9631e-33,4.137e-65,3.4708e-37,5.3969e-70,4.28e-68,1.0758e-51,1.0153e-50,1.8539e-40,5.8437e-28,9.3718e-46,6.4677e-50,1.3307e-39,1.0706e-56,5.3479e-41,1.4466e-59,8.6281e-52,3.4028e-28,5.7818e-30,6.452e-66,1,1.2963e-60,1.0048e-52,1.9632e-37
2.1806e-40,1.645e-65,6.5893e-56,2.7457e-64,3.6961e-40,1.3878e-35,4.9829e-38,3.8606e-51,1.4593e-72,6.7807e-64,2.0521e-31,4.8796e-66,4.838e-67,1.5001e-67,1.8853e-42,3.6263e-51,2.2491e-41,8.6625e-57,1.2938e-73,7.6562e-52,3.4601e-35,4.8438e-49,1.2191e-51,8.2382e-51,9.2217e-58,7.001e-73,5.3272e-59,1.6134e-34,2.1235e-51,1.818e-35,1.2211e-52,1.8627e-49,4.443e-50,7.548e-38,3.2371e-54,2.5041e-52,4.4962e-57,7.1047e-55,4.1568e-56,9.0089e-61,1.4655e-41,1.1715e-62,1.6749e-46,1.9962e-38,6.7184e-61,1.4654e-58,1.8158e-48,1.2963e-60,1,8.1939e-42,6.2312e-46
3.4696e-24,1.4846e-51,3.8215e-52,3.0814e-49,6.9391e-31,9.5443e-29,2.0092e-43,5.6846e-35,2.3133e-58,1.3705e-48,8.9588e-30,3.7163e-51,3.9665e-57,2.6173e-56,7.1047e-27,4.5748e-37,6.8457e-27,4.9984e-46,4.7556e-58,3.8502e-38,2.605e-44,7.2359e-34,2.5263e-34,3.743e-44,2.8467e-65,7.6808e-76,1.8385e-50,2.063e-57,2.6764e-36,2.1273e-40,8.852e-34,2.12e-63,1.3992e-63,5.6982e-36,5.8976e-37,2.3848e-36,2.05e-49,7.1453e-47,5.1137e-53,9.7588e-43,5.6231e-44,2.0282e-44,4.8078e-51,5.195e-38,5.4199e-51,3.6166e-44,7.248e-68,1.0048e-52,8.1939e-42,1,9.9147e-38
9.2848e-35,3.4038e-36,1.1439e-38,8.2269e-34,2.9921e-28,2.1949e-36,9.5321e-40,1.0442e-25,1.6605e-42,4.4856e-33,9.9334e-37,8.5648e-36,4.5884e-39,5.2467e-38,2.82e-37,2.6037e-26,2.3578e-30,1.0297e-38,1.504e-41,4.5462e-31,1.5164e-56,4.1142e-22,1.4861e-28,3.8799e-33,2.2188e-72,2.524e-75,1.4337e-33,2.0157e-50,2.1441e-27,8.2701e-47,1.1478e-26,1.0531e-65,3.2064e-54,4.1463e-42,3.4936e-41,1.0409e-31,3.183e-37,1.6722e-37,7.645e-40,2.351e-34,8.035e-33,5.135e-36,5.3752e-53,5.3807e-33,1.5478e-36,8.2785e-28,6.2812e-59,1.9632e-37,6.2312e-46,9.9147e-38,1
