1,7.6041e-38,7.1368e-64,7.2004e-70,7.1955e-84,1.2788e-39,1.2042e-38,2.355e-45,1.3499e-59,1.6546e-30,1.0537e-36,1.4965e-30,4.0661e-46,3.3822e-44,5.6469e-38,2.4964e-26,8.4896e-60,3.8094e-38,1.4003e-31,2.4634e-34,1.4661e-37,1.1411e-28,3.8443e-31,3.4641e-48,4.0868e-29,5.7968e-69,2.0265e-67,1.9273e-39,6.58e-43,2.5922e-56,2.8357e-41,1.654e-70,5.4449e-31,1.8747e-26,4.049e-63,8.2371e-56,6.8234e-51,6.8431e-57,2.0649e-52,6.5673e-66,1.3528e-35,4.1829e-63,5.4666e-50,6.1442e-82,2.769e-41,7.8058e-57,1.056e-27,7.8479e-54,4.5264e-64,1.5569e-51,3.9372e-74
7.6041e-38,1,1.0382e-36,4.1519e-52,4.6327e-63,1.0264e-19,3.9142e-19,1.0273e-23,5.0153e-37,4.9079e-34,8.899e-33,2.0801e-37,2.1476e-38,1.9656e-31,2.1319e-19,2.6089e-26,1.2361e-43,1.946e-21,2.2587e-17,2.3849e-26,1.7999e-20,7.2735e-26,9.2306e-22,3.0256e-26,7.3665e-35,1.0584e-53,1.2323e-54,1.5644e-38,3.5148e-49,9.0625e-37,5.5755e-43,7.3141e-52,3.9467e-36,8.6157e-44,1.24e-47,1.503e-41,4.7186e-39,1.7544e-41,1.8916e-33,1.3335e-50,3.5122e-36,9.1624e-36,3.6512e-31,3.3648e-59,1.9887e-27,7.6156e-46,4.0061e-23,1.1976e-44,3.247e-39,8.8679e-40,1.6917e-48
7.1368e-64,1.0382e-36,1,5.6764e-53,2.9783e-56,6.8011e-41,4.5148e-38,1.0625e-37,1.1358e-37,5.2144e-61,2.8362e-55,1.3177e-64,2.256e-56,4.362e-54,3.4586e-37,8.4448e-55,9.4062e-48,2.8128e-36,4.7407e-41,1.2782e-47,5.6135e-43,5.6946e-53,7.3814e-48,1.7037e-38,8.1542e-56,2.4497e-59,2.9177e-66,5.6632e-55,1.7008e-57,4.8458e-37,6.8597e-65,8.301e-44,8.965e-63,1.3156e-69,5.8709e-57,1.439e-59,1.3723e-59,8.8046e-60,3.7567e-36,2.0064e-53,1.2577e-60,1.1208e-44,1.5369e-46,6.9741e-48,2.3268e-44,2.5645e-60,8.8897e-52,2.9079e-61,7.5042e-36,7.2577e-60,9.8902e-35
7.2004e-70,4.1519e-52,5.6764e-53,1,4.6175e-23,2.4909e-51,6.364e-45,1.9279e-43,6.6355e-58,1.3567e-63,1.3401e-49,2.8626e-69,6.4763e-36,6.0392e-47,8.3667e-53,2.6533e-55,1.0392e-18,2.897e-57,5.7005e-53,1.9334e-55,3.666e-42,2.3224e-58,4.9039e-52,7.5286e-58,2.3903e-69,3.8218e-26,1.1322e-43,1.0691e-68,6.2474e-72,2.1228e-46,8.4013e-60,4.7055e-26,4.6783e-58,1.657e-72,3.6827e-21,4.2849e-56,1.2069e-48,4.5309e-45,1.4355e-60,3.6716e-58,2.5437e-61,1.1094e-45,1.1222e-42,1.896e-53,1.1615e-60,1.7324e-64,7.7099e-55,1.016e-44,2.7819e-32,4.1171e-56,2.6557e-57
7.1955e-84,4.6327e-63,2.9783e-56,4.6175e-23,1,1.0234e-64,1.7483e-57,1.4368e-55,3.3312e-67,1.2788e-78,5.4476e-62,2.0336e-83,2.3755e-49,1.0282e-61,1.7035e-64,2.6401e-69,2.5617e-30,5.5497e-69,3.0838e-66,1.0655e-69,4.8568e-56,1.4101e-72,1.2951e-65,5.3388e-67,2.5829e-83,1.3845e-34,1.9001e-53,4.6579e-82,3.8631e-84,8.4347e-56,1.5004e-74,2.4778e-31,6.7501e-74,5.6396e-88,5.508e-35,2.235e-65,1.9333e-63,2.4437e-57,4.1016e-64,6.2809e-68,4.2574e-75,4.3557e-51,1.2961e-56,1.0382e-53,2.1218e-71,1.1571e-78,4.7753e-69,5.6281e-58,3.7889e-39,6.7907e-68,1.6629e-60
1.2788e-39,1.0264e-19,6.8011e-41,2.4909e-51,1.0234e-64,1,2.9297e-17,2.933e-20,3.1518e-36,1.7264e-27,7.7529e-31,7.0599e-34,2.2807e-38,1.2135e-31,1.2651e-18,1.5224e-28,8.5941e-44,3.0801e-21,2.3418e-19,8.1346e-20,3.6302e-17,7.5111e-21,1.3179e-21,9.801e-33,1.543e-34,1.6856e-53,8.9314e-51,6.5348e-38,1.3518e-50,5.5861e-40,1.8998e-39,3.3063e-51,1.9995e-34,4.708e-41,2.29e-46,6.8127e-43,3.8816e-42,7.7194e-39,1.5039e-41,1.5692e-46,2.7641e-37,2.6724e-40,3.2599e-32,2.4393e-63,4.7665e-32,5.3654e-40,6.6304e-25,9.9575e-42,1.4039e-40,3.1914e-38,8.4468e-51
1.2042e-38,3.9142e-19,4.5148e-38,6.364e-45,1.7483e-57,2.9297e-17,1,3.648e-20,8.2303e-40,2.2415e-31,5.2648e-26,8.0823e-37,4.3961e-33,9.4792e-32,4.6092e-17,3.2975e-25,6.4021e-37,2.1609e-24,5.8149e-18,4.0017e-21,2.2596e-12,7.713e-24,1.3014e-17,6.4202e-31,1.6103e-33,1.6243e-45,1.826e-48,8.9017e-38,2.9207e-48,7.4418e-39,1.4096e-37,1.2622e-44,7.6758e-32,2.0021e-41,1.6407e-38,2.8031e-40,2.1768e-39,4.6467e-39,8.3607e-36,7.0847e-45,1.6466e-34,1.4252e-36,1.9636e-28,8.6693e-60,7.1451e-29,1.1465e-39,4.9506e-22,2.7633e-39,2.68e-37,1.1129e-38,3.3707e-50
2.355e-45,1.0273e-23,1.0625e-37,1.9279e-43,1.4368e-55,2.933e-20,3.648e-20,1,4.3905e-35,7.7046e-35,1.2298e-32,4.2446e-39,7.3291e-32,9.0898e-33,4.167e-19,7.6229e-31,3.6146e-38,7.0298e-26,8.9812e-24,1.9382e-24,1.5528e-17,8.457e-28,1.7525e-23,6.6329e-39,1.3931e-40,7.3523e-48,2.2175e-47,1.8412e-44,1.0583e-56,6.7171e-40,2.8556e-41,1.3032e-46,7.1361e-38,1.3131e-47,6.0573e-40,5.3706e-44,3.8364e-46,1.0591e-35,1.984e-43,4.2588e-41,1.1085e-41,3.0515e-37,2.2009e-35,7.495e-58,1.2936e-35,9.002e-44,2.114e-29,4.0749e-37,5.5861e-36,4.2516e-38,9.9318e-48
1.3499e-59,5.0153e-37,1.1358e-37,6.6355e-58,3.3312e-67,3.1518e-36,8.2303e-40,4.3905e-35,1,5.1316e-55,1.6508e-56,5.4796e-60,7.7707e-56,5.7662e-47,1.0897e-39,1.8347e-53,7.1366e-54,4.5704e-33,2.8596e-39,5.3178e-43,1.2565e-40,2.1399e-49,5.4659e-46,6.1851e-44,4.4922e-53,2.7545e-65,3.8789e-65,2.4498e-54,4.14e-63,1.3444e-33,3.4453e-63,7.5796e-57,5.0302e-59,1.1087e-64,1.2486e-58,3.6622e-57,8.1973e-53,1.391e-53,5.0287e-51,1.3821e-56,2.4897e-60,1.2082e-43,2.0759e-44,7.5911e-53,2.3902e-46,1.006e-54,1.6343e-48,2.2133e-57,5.6734e-42,1.742e-55,1.1204e-32
1.6546e-30,4.9079e-34,5.2144e-61,1.3567e-63,1.2788e-78,1.7264e-27,2.2415e-31,7.7046e-35,5.1316e-55,1,2.9595e-28,4.8238e-15,7.0774e-41,8.6833e-37,6.1147e-29,1.0025e-22,3.6779e-56,4.3153e-33,6.8407e-31,4.2469e-23,5.3642e-29,2.5791e-19,1.2129e-23,2.3894e-45,5.8911e-27,8.4191e-62,5.3976e-59,3.3262e-33,5.2151e-50,7.5476e-58,4.2514e-28,7.1419e-66,9.3713e-21,1.3653e-25,4.2334e-54,4.8933e-48,6.625e-46,1.1827e-47,5.7818e-55,1.1581e-53,1.1409e-29,1.4478e-56,4.3634e-44,4.4566e-79,1.8283e-35,3.0937e-41,1.7698e-23,8.8213e-45,2.644e-59,1.9466e-39,9.9937e-70
1.0537e-36,8.899e-33,2.8362e-55,1.3401e-49,5.4476e-62,7.7529e-31,5.2648e-26,1.2298e-32,1.6508e-56,2.9595e-28,1,2.299e-31,1.0874e-29,8.7888e-34,3.1773e-29,1.3698e-23,2.4209e-40,1.5806e-37,4.5031e-31,4.3108e-30,6.2825e-23,4.8738e-27,1.0193e-24,3.014e-44,8.7976e-39,6.6385e-49,2.3736e-49,4.7896e-45,1.4563e-54,7.175e-53,1.7798e-37,2.6841e-53,1.5634e-30,2.31e-40,4.141e-41,1.9314e-42,9.5179e-45,9.6101e-42,6.6252e-47,6.82e-57,5.2941e-36,4.0916e-46,1.2381e-39,1.7016e-71,5.1673e-39,7.8176e-52,1.1938e-25,7.0139e-40,4.2125e-50,1.4155e-40,1.752e-65
1.4965e-30,2.0801e-37,1.3177e-64,2.8626e-69,2.0336e-83,7.0599e-34,8.0823e-37,4.2446e-39,5.4796e-60,4.8238e-15,2.299e-31,1,2.5141e-45,5.0977e-40,7.612e-32,1.0393e-22,6.2295e-62,3.8416e-38,5.3584e-35,1.6968e-27,2.4406e-35,1.9874e-23,2.8996e-26,3.6208e-50,1.4613e-28,2.3895e-67,1.6472e-64,1.8001e-36,1.5565e-53,3.7982e-63,6.8434e-30,1.8599e-72,2.0718e-25,3.137e-22,4.4312e-60,1.1398e-51,9.7647e-53,1.0594e-51,6.7211e-57,2.1386e-57,2.731e-31,4.1753e-60,4.1708e-49,4.4869e-84,2.0185e-40,3.9348e-44,1.1908e-25,5.4739e-51,8.4115e-66,7.1878e-44,9.6138e-75
4.0661e-46,2.1476e-38,2.256e-56,6.4763e-36,2.3755e-49,2.2807e-38,4.3961e-33,7.3291e-32,7.7707e-56,7.0774e-41,1.0874e-29,2.5141e-45,1,1.7135e-37,1.8462e-37,1.4482e-33,1.0738e-28,2.0991e-42,2.9694e-38,5.0415e-38,5.4939e-27,6.9084e-37,4.7271e-33,8.9017e-51,6.3129e-51,8.6894e-37,9.9037e-43,8.8628e-53,2.6433e-59,3.5215e-51,6.7612e-41,2.6421e-43,1.456e-35,7.874e-51,9.3812e-28,1.1959e-46,2.2752e-43,7.6657e-40,4.77e-53,1.456e-56,2.7283e-41,4.504e-48,9.9423e-42,7.9492e-63,1.5452e-45,1.3947e-56,1.6518e-35,2.7925e-33,3.6171e-44,2.9405e-41,5.1718e-65
3.3822e-44,1.9656e-31,4.362e-54,6.0392e-47,1.0282e-61,1.2135e-31,9.4792e-32,9.0898e-33,5.7662e-47,8.6833e-37,8.7888e-34,5.0977e-40,1.7135e-37,1,4.295e-37,4.5351e-30,4.4265e-43,3.2495e-41,1.1285e-33,3.2474e-31,1.3188e-27,2.8915e-33,1.0492e-27,1.6015e-44,3.9749e-44,3.2277e-50,2.6135e-49,2.8675e-44,5.9166e-59,4.0655e-44,1.1205e-38,4.7969e-56,2.1468e-34,1.6132e-43,1.6619e-42,2.0869e-43,5.2017e-36,7.2704e-34,4.626e-55,3.3762e-58,3.2937e-37,4.537e-40,3.2085e-26,1.2009e-63,2.7496e-43,2.571e-44,8.859e-27,9.2756e-38,8.9632e-44,4.5057e-37,1.5603e-56
5.6469e-38,2.1319e-19,3.4586e-37,8.3667e-53,1.7035e-64,1.2651e-18,4.6092e-17,4.167e-19,1.0897e-39,6.1147e-29,3.1773e-29,7.612e-32,1.8462e-37,4.295e-37,1,1.3349e-26,1.3371e-44,1.6578e-17,2.3656e-19,2.2629e-22,8.2626e-21,1.7108e-23,1.1469e-20,9.7301e-33,1.0438e-31,1.2671e-54,3.6476e-55,5.7939e-36,5.9834e-48,2.3522e-42,1.2503e-39,7.2096e-52,1.5102e-34,5.0619e-41,1.3224e-47,7.5762e-42,2.5584e-46,8.2717e-46,5.272e-36,7.6624e-47,1.8377e-36,1.404e-41,1.8248e-37,7.9191e-64,8.2504e-27,3.1547e-43,1.243e-24,2.6554e-45,3.8588e-45,9.4613e-41,1.7389e-51
2.4964e-26,2.6089e-26,8.4448e-55,2.6533e-55,2.6401e-69,1.5224e-28,3.2975e-25,7.6229e-31,1.8347e-53,1.0025e-22,1.3698e-23,1.0393e-22,1.4482e-33,4.5351e-30,1.3349e-26,1,2.3916e-47,1.1503e-33,9.1088e-24,1.6815e-23,2.4715e-22,8.5143e-19,5.5426e-16,2.6009e-41,1.5058e-29,9.8223e-54,3.9545e-53,1.2168e-38,7.3446e-51,4.6022e-50,4.891e-30,1.024e-59,3.8764e-21,1.0145e-26,1.7324e-47,4.4723e-43,8.2695e-43,9.3399e-40,5.5351e-46,5.357e-52,1.0336e-28,5.9162e-47,4.1236e-36,4.3028e-73,6.9326e-36,2.3514e-44,1.6249e-12,1.1393e-40,2.4259e-52,7.5156e-38,1.5939e-66
8.4896e-60,1.2361e-43,9.4062e-48,1.0392e-18,2.5617e-30,8.5941e-44,6.4021e-37,3.6146e-38,7.1366e-54,3.6779e-56,2.4209e-40,6.2295e-62,1.0738e-28,4.4265e-43,1.3371e-44,2.3916e-47,1,3.4611e-48,8.6265e-45,3.3051e-49,3.503e-34,2.4974e-50,4.5737e-45,7.5922e-50,1.1105e-61,5.0786e-28,2.5724e-43,5.2279e-62,4.1384e-63,2.7315e-40,1.0835e-55,1.0994e-23,7.4546e-52,3.3745e-65,2.4468e-22,1.0214e-49,6.0691e-44,5.2715e-44,4.5648e-51,3.5069e-58,2.5254e-54,1.6722e-42,6.8986e-39,3.1884e-54,9.2228e-53,1.883e-63,2.6239e-47,9.9986e-43,3.6492e-31,1.1005e-51,8.9268e-56
3.8094e-38,1.946e-21,2.8128e-36,2.897e-57,5.5497e-69,3.0801e-21,2.1609e-24,7.0298e-26,4.5704e-33,4.3153e-33,1.5806e-37,3.8416e-38,2.0991e-42,3.2495e-41,1.6578e-17,1.1503e-33,3.4611e-48,1,2.0865e-22,8.4734e-28,3.6602e-26,4.749e-29,1.6505e-28,2.371e-30,8.3467e-32,2.1589e-59,7.1685e-61,9.4545e-34,2.4461e-42,2.8391e-39,3.6273e-45,5.3481e-53,3.2543e-39,5.2961e-45,3.4698e-53,8.1418e-49,7.8957e-45,1.1812e-51,8.4725e-38,4.5769e-52,7.1194e-40,5.3592e-47,6.1359e-40,1.5144e-60,2.851e-24,3.2347e-48,2.3349e-30,6.9766e-49,1.2293e-44,1.5884e-44,2.0701e-48
1.4003e-31,2.2587e-17,4.7407e-41,5.7005e-53,3.0838e-66,2.3418e-19,5.8149e-18,8.9812e-24,2.8596e-39,6.8407e-31,4.5031e-31,5.3584e-35,2.9694e-38,1.1285e-33,2.3656e-19,9.1088e-24,8.6265e-45,2.0865e-22,1,7.4959e-22,4.711e-19,3.3252e-21,2.4489e-18,1.523e-30,1.8042e-29,6.0258e-55,2.5525e-53,1.1659e-37,8.179e-46,4.6561e-39,4.8706e-41,6.7138e-53,3.7243e-32,1.5701e-38,2.0729e-48,1.2574e-43,7.0654e-42,5.5306e-41,7.3968e-38,1.9869e-48,3.3073e-35,5.2617e-41,6.0458e-33,5.7331e-64,7.6849e-29,2.5512e-44,2.2725e-20,1.937e-41,1.0025e-42,6.098e-41,9.4589e-53
2.4634e-34,2.3849e-26,1.2782e-47,1.9334e-55,1.0655e-69,8.1346e-20,4.0017e-21,1.9382e-24,5.3178e-43,4.2469e-23,4.3108e-30,1.6968e-27,5.0415e-38,3.2474e-31,2.2629e-22,1.6815e-23,3.3051e-49,8.4734e-28,7.4959e-22,1,8.191e-22,1.7333e-18,6.7201e-15,2.685e-40,2.523e-26,4.5491e-56,1.7661e-55,7.2361e-32,1.0542e-48,5.4857e-49,1.0385e-30,3.3064e-57,1.149e-26,1.8816e-32,2.2291e-48,2.6068e-48,3.2754e-47,5.8458e-42,1.6602e-47,3.1011e-45,6.5105e-32,1.6303e-48,7.0433e-36,6.212e-67,1.8426e-32,5.7778e-36,5.8662e-21,1.0559e-41,9.9862e-49,1.2904e-38,5.9152e-57
1.4661e-37,1.7999e-20,5.6135e-43,3.666e-42,4.8568e-56,3.6302e-17,2.2596e-12,1.5528e-17,1.2565e-40,5.3642e-29,6.2825e-23,2.4406e-35,5.4939e-27,1.3188e-27,8.2626e-21,2.4715e-22,3.503e-34,3.6602e-26,4.711e-19,8.191e-22,1,2.1661e-21,6.7631e-18,7.3789e-35,2.8977e-36,3.4594e-43,2.1863e-43,2.4821e-41,6.3671e-52,1.4771e-39,6.1988e-37,2.6559e-45,2.1205e-29,1.8314e-41,8.3768e-36,3.2537e-39,1.0148e-37,3.2183e-32,7.0002e-41,8.8044e-46,1.5546e-35,6.1864e-36,2.8882e-28,3.9502e-60,2.5093e-32,3.0986e-43,2.5058e-20,4.0874e-33,4.0158e-36,1.5772e-34,3.4555e-53
1.1411e-28,7.2735e-26,5.6946e-53,2.3224e-58,1.4101e-72,7.5111e-21,7.713e-24,8.457e-28,2.1399e-49,2.5791e-19,4.8738e-27,1.9874e-23,6.9084e-37,2.8915e-33,1.7108e-23,8.5143e-19,2.4974e-50,4.749e-29,3.3252e-21,1.7333e-18,2.1661e-21,1,3.0732e-18,3.8665e-41,6.7831e-29,5.8228e-58,1.2276e-51,5.3316e-37,2.1018e-50,2.3586e-51,2.5551e-33,8.5202e-61,1.4594e-24,1.5081e-29,1.9234e-51,1.4534e-43,1.9176e-47,4.0103e-40,5.6125e-48,9.2611e-52,2.227e-32,5.067e-49,3.2383e-39,5.0614e-74,6.1337e-35,1.9337e-43,5.4809e-18,2.9816e-40,2.1214e-52,3.0102e-36,1.9311e-64
3.8443e-31,9.2306e-22,7.3814e-48,4.9039e-52,1.2951e-65,1.3179e-21,1.3014e-17,1.7525e-23,5.4659e-46,1.2129e-23,1.0193e-24,2.8996e-26,4.7271e-33,1.0492e-27,1.1469e-20,5.5426e-16,4.5737e-45,1.6505e-28,2.4489e-18,6.7201e-15,6.7631e-18,3.0732e-18,1,1.1106e-36,3.9561e-28,5.077e-51,1.0596e-51,1.2729e-32,1.7371e-48,7.2484e-47,3.9793e-28,3.1475e-55,1.6606e-22,3.2739e-31,9.5315e-44,1.5734e-42,1.1807e-41,2.9222e-38,1.2001e-42,1.2138e-47,2.1562e-26,1.4855e-43,4.016e-32,1.1614e-65,3.3042e-29,2.1747e-37,2.9327e-13,1.6661e-37,4.6076e-46,2.1676e-35,8.441e-58
3.4641e-48,3.0256e-26,1.7037e-38,7.5286e-58,5.3388e-67,9.801e-33,6.4202e-31,6.6329e-39,6.1851e-44,2.3894e-45,3.014e-44,3.6208e-50,8.9017e-51,1.6015e-44,9.7301e-33,2.6009e-41,7.5922e-50,2.371e-30,1.523e-30,2.685e-40,7.3789e-35,3.8665e-41,1.1106e-36,1,2.2777e-42,8.6787e-58,7.7721e-63,1.3462e-42,1.8971e-48,2.8148e-41,5.415e-51,2.2204e-53,2.4354e-47,3.2092e-53,4.2957e-55,8.0516e-52,5.6774e-39,4.5219e-54,4.0697e-36,4.7419e-55,1.5054e-40,2.8245e-44,1.2253e-36,7.5185e-62,7.7287e-28,2.7305e-51,1.2934e-37,7.6609e-54,1.8256e-43,4.3348e-51,2.5683e-51
4.0868e-29,7.3665e-35,8.1542e-56,2.3903e-69,2.5829e-83,1.543e-34,1.6103e-33,1.3931e-40,4.4922e-53,5.8911e-27,8.7976e-39,1.4613e-28,6.3129e-51,3.9749e-44,1.0438e-31,1.5058e-29,1.1105e-61,8.3467e-32,1.8042e-29,2.523e-26,2.8977e-36,6.7831e-29,3.9561e-28,2.2777e-42,1,2.4587e-67,2.2421e-70,2.2555e-25,2.9269e-37,1.1688e-57,2.524e-36,5.9648e-67,2.7767e-30,7.4776e-29,8.7654e-62,2.1024e-58,3.0015e-49,1.6264e-58,3.8552e-51,2.3462e-54,2.4526e-31,1.0981e-61,8.9163e-46,1.248e-76,7.9025e-30,1.566e-42,1.0485e-28,1.0112e-53,2.5474e-60,1.5476e-49,6.4501e-66
5.7968e-69,1.0584e-53,2.4497e-59,3.8218e-26,1.3845e-34,1.6856e-53,1.6243e-45,7.3523e-48,2.7545e-65,8.4191e-62,6.6385e-49,2.3895e-67,8.6894e-37,3.2277e-50,1.2671e-54,9.8223e-54,5.0786e-28,2.1589e-59,6.0258e-55,4.5491e-56,3.4594e-43,5.8228e-58,5.077e-51,8.6787e-58,2.4587e-67,1,9.8364e-49,1.5669e-66,3.5304e-70,7.0568e-55,2.4906e-53,3.4137e-34,7.1759e-55,1.0406e-69,1.3008e-21,1.8098e-58,1.8176e-48,3.55e-49,5.0353e-62,2.5112e-56,1.2051e-56,9.351e-52,2.1744e-46,6.8565e-60,6.8417e-59,8.1063e-62,2.4027e-54,1.1111e-45,2.529e-40,3.0813e-57,3.1216e-66
2.0265e-67,1.2323e-54,2.9177e-66,1.1322e-43,1.9001e-53,8.9314e-51,1.826e-48,2.2175e-47,3.8789e-65,5.3976e-59,2.3736e-49,1.6472e-64,9.9037e-43,2.6135e-49,3.6476e-55,3.9545e-53,2.5724e-43,7.1685e-61,2.5525e-53,1.7661e-55,2.1863e-43,1.2276e-51,1.0596e-51,7.7721e-63,2.2421e-70,9.8364e-49,1,4.5823e-72,3.8788e-83,3.1403e-61,9.3387e-63,5.8498e-55,9.2845e-54,7.7984e-69,3.1904e-41,4.622e-42,1.7806e-57,5.4047e-29,2.4763e-64,1.3151e-68,1.5059e-63,8.47e-44,1.2564e-46,1.7367e-68,1.3294e-62,5.1706e-67,5.1612e-50,3.9641e-28,1.4451e-48,3.2364e-36,8.5707e-71
1.9273e-39,1.5644e-38,5.6632e-55,1.0691e-68,4.6579e-82,6.5348e-38,8.9017e-38,1.8412e-44,2.4498e-54,3.3262e-33,4.7896e-45,1.8001e-36,8.8628e-53,2.8675e-44,5.7939e-36,1.2168e-38,5.2279e-62,9.4545e-34,1.1659e-37,7.2361e-32,2.4821e-41,5.3316e-37,1.2729e-32,1.3462e-42,2.2555e-25,1.5669e-66,4.5823e-72,1,3.2607e-33,4.6888e-59,3.5118e-34,1.2169e-65,5.7873e-33,7.8452e-37,7.7046e-61,5.4064e-60,7.5767e-48,1.1755e-62,3.5115e-54,4.8028e-61,1.3252e-28,2.0327e-64,1.9842e-45,5.5045e-69,7.1068e-27,2.4799e-42,3.5107e-34,1.4589e-54,2.2334e-59,5.1375e-48,3.689e-62
6.58e-43,3.5148e-49,1.7008e-57,6.2474e-72,3.8631e-84,1.3518e-50,2.9207e-48,1.0583e-56,4.14e-63,5.2151e-50,1.4563e-54,1.5565e-53,2.6433e-59,5.9166e-59,5.9834e-48,7.3446e-51,4.1384e-63,2.4461e-42,8.179e-46,1.0542e-48,6.3671e-52,2.1018e-50,1.7371e-48,1.8971e-48,2.9269e-37,3.5304e-70,3.8788e-83,3.2607e-33,1,2.0182e-59,6.1939e-51,3.0082e-62,4.5761e-49,3.0793e-49,8.2231e-68,2.9841e-73,2.8879e-53,3.5123e-77,1.3576e-57,7.5844e-69,2.255e-43,3.4191e-76,5.0082e-56,3.7727e-75,1.6671e-41,4.5882e-60,4.8581e-50,1.8451e-68,1.5685e-63,6.704e-68,3.1275e-69
2.5922e-56,9.0625e-37,4.8458e-37,2.1228e-46,8.4347e-56,5.5861e-40,7.4418e-39,6.7171e-40,1.3444e-33,7.5476e-58,7.175e-53,3.7982e-63,3.5215e-51,4.0655e-44,2.3522e-42,4.6022e-50,2.7315e-40,2.8391e-39,4.6561e-39,5.4857e-49,1.4771e-39,2.3586e-51,7.2484e-47,2.8148e-41,1.1688e-57,7.0568e-55,3.1403e-61,4.6888e-59,2.0182e-59,1,6.3408e-63,2.5287e-45,1.9786e-58,3.3743e-64,7.9807e-51,4.6191e-54,2.0406e-45,1.7818e-52,1.0126e-45,6.0283e-59,4.1382e-60,5.2516e-40,1.9038e-40,2.3311e-54,3.6063e-51,1.7781e-60,2.0529e-47,1.3506e-57,4.7709e-35,1.9905e-59,1.3232e-39
2.8357e-41,5.5755e-43,6.8597e-65,8.4013e-60,1.5004e-74,1.8998e-39,1.4096e-37,2.8556e-41,3.4453e-63,4.2514e-28,1.7798e-37,6.8434e-30,6.7612e-41,1.1205e-38,1.2503e-39,4.891e-30,1.0835e-55,3.6273e-45,4.8706e-41,1.0385e-30,6.1988e-37,2.5551e-33,3.9793e-28,5.415e-51,2.524e-36,2.4906e-53,9.3387e-63,3.5118e-34,6.1939e-51,6.3408e-63,1,6.5388e-64,1.2922e-25,7.3267e-29,8.7644e-50,2.3415e-58,3.0276e-47,8.8451e-52,6.2545e-62,3.1534e-50,3.7988e-23,3.7895e-63,3.1535e-45,1.2559e-77,2.3462e-42,9.3121e-37,3.9195e-32,3.9171e-47,1.9581e-60,9.7279e-47,8.3037e-74
1.654e-70,7.3141e-52,8.301e-44,4.7055e-26,2.4778e-31,3.3063e-51,1.2622e-44,1.3032e-46,7.5796e-57,7.1419e-66,2.6841e-53,1.8599e-72,2.6421e-43,4.7969e-56,7.2096e-52,1.024e-59,1.0994e-23,5.3481e-53,6.7138e-53,3.3064e-57,2.6559e-45,8.5202e-61,3.1475e-55,2.2204e-53,5.9648e-67,3.4137e-34,5.8498e-55,1.2169e-65,3.0082e-62,2.5287e-45,6.5388e-64,1,2.283e-62,2.7287e-75,1.7806e-32,1.3232e-62,1.2613e-51,1.6031e-57,1.3104e-54,3.4416e-57,2.93e-62,3.5456e-53,3.3067e-47,2.458e-50,6.8077e-57,4.0921e-67,3.1665e-59,2.079e-53,4.398e-30,2.9098e-62,9.1636e-54
5.4449e-31,3.9467e-36,8.965e-63,4.6783e-58,6.7501e-74,1.9995e-34,7.6758e-32,7.1361e-38,5.0302e-59,9.3713e-21,1.5634e-30,2.0718e-25,1.456e-35,2.1468e-34,1.5102e-34,3.8764e-21,7.4546e-52,3.2543e-39,3.7243e-32,1.149e-26,2.1205e-29,1.4594e-24,1.6606e-22,2.4354e-47,2.7767e-30,7.1759e-55,9.2845e-54,5.7873e-33,4.5761e-49,1.9786e-58,1.2922e-25,2.283e-62,1,7.0776e-27,3.8403e-47,3.7139e-45,4.0854e-41,1.338e-44,1.3181e-55,8.4595e-57,8.5725e-26,2.0331e-55,1.9542e-39,1.8705e-74,1.5927e-35,2.6452e-41,7.2551e-20,1.4666e-37,8.2625e-57,9.8568e-35,6.1629e-71
1.8747e-26,8.6157e-44,1.3156e-69,1.657e-72,5.6396e-88,4.708e-41,2.0021e-41,1.3131e-47,1.1087e-64,1.3653e-25,2.31e-40,3.137e-22,7.874e-51,1.6132e-43,5.0619e-41,1.0145e-26,3.3745e-65,5.2961e-45,1.5701e-38,1.8816e-32,1.8314e-41,1.5081e-29,3.2739e-31,3.2092e-53,7.4776e-29,1.0406e-69,7.7984e-69,7.8452e-37,3.0793e-49,3.3743e-64,7.3267e-29,2.7287e-75,7.0776e-27,1,3.8902e-64,8.2924e-58,8.0632e-53,7.7137e-57,2.3759e-61,7.8942e-61,6.5558e-30,5.6119e-67,2.233e-49,2.6506e-88,1.3322e-46,5.865e-43,4.8408e-29,7.5258e-56,2.9616e-70,2.2791e-51,7.8346e-80
4.049e-63,1.24e-47,5.8709e-57,3.6827e-21,5.508e-35,2.29e-46,1.6407e-38,6.0573e-40,1.2486e-58,4.2334e-54,4.141e-41,4.4312e-60,9.3812e-28,1.6619e-42,1.3224e-47,1.7324e-47,2.4468e-22,3.4698e-53,2.0729e-48,2.2291e-48,8.3768e-36,1.9234e-51,9.5315e-44,4.2957e-55,8.7654e-62,1.3008e-21,3.1904e-41,7.7046e-61,8.2231e-68,7.9807e-51,8.7644e-50,1.7806e-32,3.8403e-47,3.8902e-64,1,3.0016e-50,1.6235e-42,9.3148e-42,2.0558e-58,6.1352e-56,9.3937e-52,7.5297e-45,5.3577e-40,1.2927e-56,4.3037e-53,1.7546e-56,4.393e-47,3.0947e-37,2.495e-37,7.0373e-48,5.5392e-61
8.2371e-56,1.503e-41,1.439e-59,4.2849e-56,2.235e-65,6.8127e-43,2.8031e-40,5.3706e-44,3.6622e-57,4.8933e-48,1.9314e-42,1.1398e-51,1.1959e-46,2.0869e-43,7.5762e-42,4.4723e-43,1.0214e-49,8.1418e-49,1.2574e-43,2.6068e-48,3.2537e-39,1.4534e-43,1.5734e-42,8.0516e-52,2.1024e-58,1.8098e-58,4.622e-42,5.4064e-60,2.9841e-73,4.6191e-54,2.3415e-58,1.3232e-62,3.7139e-45,8.2924e-58,3.0016e-50,1,8.3578e-50,9.1215e-43,2.2077e-49,2.3812e-71,1.5401e-53,7.1419e-35,4.6611e-43,4.2634e-73,1.7859e-49,6.1473e-59,1.867e-38,8.2223e-45,6.618e-56,7.7191e-38,5.433e-65
6.8234e-51,4.7186e-39,1.3723e-59,1.2069e-48,1.9333e-63,3.8816e-42,2.1768e-39,3.8364e-46,8.1973e-53,6.625e-46,9.5179e-45,9.7647e-53,2.2752e-43,5.2017e-36,2.5584e-46,8.2695e-43,6.0691e-44,7.8957e-45,7.0654e-42,3.2754e-47,1.0148e-37,1.9176e-47,1.1807e-41,5.6774e-39,3.0015e-49,1.8176e-48,1.7806e-57,7.5767e-48,2.8879e-53,2.0406e-45,3.0276e-47,1.2613e-51,4.0854e-41,8.0632e-53,1.6235e-42,8.3578e-50,1,6.5888e-50,2.085e-55,2.2487e-63,2.9272e-39,1.8579e-48,7.6636e-30,4.1367e-64,4.5464e-41,2.4361e-49,8.7316e-40,3.3581e-47,3.1541e-45,3.3715e-49,1.763e-61
6.8431e-57,1.7544e-41,8.8046e-60,4.5309e-45,2.4437e-57,7.7194e-39,4.6467e-39,1.0591e-35,1.391e-53,1.1827e-47,9.6101e-42,1.0594e-51,7.6657e-40,7.2704e-34,8.2717e-46,9.3399e-40,5.2715e-44,1.1812e-51,5.5306e-41,5.8458e-42,3.2183e-32,4.0103e-40,2.9222e-38,4.5219e-54,1.6264e-58,3.55e-49,5.4047e-29,1.1755e-62,3.5123e-77,1.7818e-52,8.8451e-52,1.6031e-57,1.338e-44,7.7137e-57,9.3148e-42,9.1215e-43,6.5888e-50,1,2.893e-59,1.1276e-55,1.6884e-53,1.905e-35,9.0214e-36,5.5515e-66,9.171e-55,9.3069e-55,2.5104e-37,5.784e-28,3.1731e-42,1.5352e-32,8.7904e-64
2.0649e-52,1.8916e-33,3.7567e-36,1.4355e-60,4.1016e-64,1.5039e-41,8.3607e-36,1.984e-43,5.0287e-51,5.7818e-55,6.6252e-47,6.7211e-57,4.77e-53,4.626e-55,5.272e-36,5.5351e-46,4.5648e-51,8.4725e-38,7.3968e-38,1.6602e-47,7.0002e-41,5.6125e-48,1.2001e-42,4.0697e-36,3.8552e-51,5.0353e-62,2.4763e-64,3.5115e-54,1.3576e-57,1.0126e-45,6.2545e-62,1.3104e-54,1.3181e-55,2.3759e-61,2.0558e-58,2.2077e-49,2.085e-55,2.893e-59,1,6.6685e-63,1.3794e-53,1.226e-43,2.0859e-47,1.5789e-62,7.4452e-39,1.9843e-62,2.3678e-43,1.3169e-60,5.2774e-48,5.2836e-57,2.2929e-54
6.5673e-66,1.3335e-50,2.0064e-53,3.6716e-58,6.2809e-68,1.5692e-46,7.0847e-45,4.2588e-41,1.3821e-56,1.1581e-53,6.82e-57,2.1386e-57,1.456e-56,3.3762e-58,7.6624e-47,5.357e-52,3.5069e-58,4.5769e-52,1.9869e-48,3.1011e-45,8.8044e-46,9.2611e-52,1.2138e-47,4.7419e-55,2.3462e-54,2.5112e-56,1.3151e-68,4.8028e-61,7.5844e-69,6.0283e-59,3.1534e-50,3.4416e-57,8.4595e-57,7.8942e-61,6.1352e-56,2.3812e-71,2.2487e-63,1.1276e-55,6.6685e-63,1,2.3613e-57,1.1911e-61,9.7269e-55,7.7176e-74,9.2989e-57,4.3618e-46,1.0777e-54,3.2499e-60,3.0193e-52,2.9376e-64,1.781e-66
1.3528e-35,3.5122e-36,1.2577e-60,2.5437e-61,4.2574e-75,2.7641e-37,1.6466e-34,1.1085e-41,2.4897e-60,1.1409e-29,5.2941e-36,2.731e-31,2.7283e-41,3.2937e-37,1.8377e-36,1.0336e-28,2.5254e-54,7.1194e-40,3.3073e-35,6.5105e-32,1.5546e-35,2.227e-32,2.1562e-26,1.5054e-40,2.4526e-31,1.2051e-56,1.5059e-63,1.3252e-28,2.255e-43,4.1382e-60,3.7988e-23,2.93e-62,8.5725e-26,6.5558e-30,9.3937e-52,1.5401e-53,2.9272e-39,1.6884e-53,1.3794e-53,2.3613e-57,1,1.2084e-59,2.8952e-39,1.3055e-74,1.0749e-31,2.1156e-41,1.9545e-28,1.4933e-47,4.1674e-58,3.8224e-45,9.3306e-71
4.1829e-63,9.1624e-36,1.1208e-44,1.1094e-45,4.3557e-51,2.6724e-40,1.4252e-36,3.0515e-37,1.2082e-43,1.4478e-56,4.0916e-46,4.1753e-60,4.504e-48,4.537e-40,1.404e-41,5.9162e-47,1.6722e-42,5.3592e-47,5.2617e-41,1.6303e-48,6.1864e-36,5.067e-49,1.4855e-43,2.8245e-44,1.0981e-61,9.351e-52,8.47e-44,2.0327e-64,3.4191e-76,5.2516e-40,3.7895e-63,3.5456e-53,2.0331e-55,5.6119e-67,7.5297e-45,7.1419e-35,1.8579e-48,1.905e-35,1.226e-43,1.1911e-61,1.2084e-59,1,6.5127e-36,1.0098e-56,3.5301e-50,2.115e-58,1.1025e-42,5.7799e-46,1.4827e-38,6.2547e-44,2.0347e-47
5.4666e-50,3.6512e-31,1.5369e-46,1.1222e-42,1.2961e-56,3.2599e-32,1.9636e-28,2.2009e-35,2.0759e-44,4.3634e-44,1.2381e-39,4.1708e-49,9.9423e-42,3.2085e-26,1.8248e-37,4.1236e-36,6.8986e-39,6.1359e-40,6.0458e-33,7.0433e-36,2.8882e-28,3.2383e-39,4.016e-32,1.2253e-36,8.9163e-46,2.1744e-46,1.2564e-46,1.9842e-45,5.0082e-56,1.9038e-40,3.1535e-45,3.3067e-47,1.9542e-39,2.233e-49,5.3577e-40,4.6611e-43,7.6636e-30,9.0214e-36,2.0859e-47,9.7269e-55,2.8952e-39,6.5127e-36,1,6.6843e-57,2.7888e-39,4.1361e-42,5.4731e-31,6.7773e-40,4.1836e-36,3.0403e-39,1.2768e-52
6.1442e-82,3.3648e-59,6.9741e-48,1.896e-53,1.0382e-53,2.4393e-63,8.6693e-60,7.495e-58,7.5911e-53,4.4566e-79,1.7016e-71,4.4869e-84,7.9492e-63,1.2009e-63,7.9191e-64,4.3028e-73,3.1884e-54,1.5144e-60,5.7331e-64,6.212e-67,3.9502e-60,5.0614e-74,1.1614e-65,7.5185e-62,1.248e-76,6.8565e-60,1.7367e-68,5.5045e-69,3.7727e-75,2.3311e-54,1.2559e-77,2.458e-50,1.8705e-74,2.6506e-88,1.2927e-56,4.2634e-73,4.1367e-64,5.5515e-66,1.5789e-62,7.7176e-74,1.3055e-74,1.0098e-56,6.6843e-57,1,3.6099e-61,1.9231e-76,5.4049e-68,3.0984e-61,9.7021e-41,4.7106e-63,5.6678e-39
2.769e-41,1.9887e-27,2.3268e-44,1.1615e-60,2.1218e-71,4.7665e-32,7.1451e-29,1.2936e-35,2.3902e-46,1.8283e-35,5.1673e-39,2.0185e-40,1.5452e-45,2.7496e-43,8.2504e-27,6.9326e-36,9.2228e-53,2.851e-24,7.6849e-29,1.8426e-32,2.5093e-32,6.1337e-35,3.3042e-29,7.7287e-28,7.9025e-30,6.8417e-59,1.3294e-62,7.1068e-27,1.6671e-41,3.6063e-51,2.3462e-42,6.8077e-57,1.5927e-35,1.3322e-46,4.3037e-53,1.7859e-49,4.5464e-41,9.171e-55,7.4452e-39,9.2989e-57,1.0749e-31,3.5301e-50,2.7888e-39,3.6099e-61,1,1.0915e-47,1.1172e-30,4.5813e-47,1.1377e-48,1.2773e-41,4.6693e-54
7.8058e-57,7.6156e-46,2.5645e-60,1.7324e-64,1.1571e-78,5.3654e-40,1.1465e-39,9.002e-44,1.006e-54,3.0937e-41,7.8176e-52,3.9348e-44,1.3947e-56,2.571e-44,3.1547e-43,2.3514e-44,1.883e-63,3.2347e-48,2.5512e-44,5.7778e-36,3.0986e-43,1.9337e-43,2.1747e-37,2.7305e-51,1.566e-42,8.1063e-62,5.1706e-67,2.4799e-42,4.5882e-60,1.7781e-60,9.3121e-37,4.0921e-67,2.6452e-41,5.865e-43,1.7546e-56,6.1473e-59,2.4361e-49,9.3069e-55,1.9843e-62,4.3618e-46,2.1156e-41,2.115e-58,4.1361e-42,1.9231e-76,1.0915e-47,1,1.1031e-41,4.0711e-56,3.3636e-60,4.6656e-54,1.3056e-66
1.056e-27,4.0061e-23,8.8897e-52,7.7099e-55,4.7753e-69,6.6304e-25,4.9506e-22,2.114e-29,1.6343e-48,1.7698e-23,1.1938e-25,1.1908e-25,1.6518e-35,8.859e-27,1.243e-24,1.6249e-12,2.6239e-47,2.3349e-30,2.2725e-20,5.8662e-21,2.5058e-20,5.4809e-18,2.9327e-13,1.2934e-37,1.0485e-28,2.4027e-54,5.1612e-50,3.5107e-34,4.8581e-50,2.0529e-47,3.9195e-32,3.1665e-59,7.2551e-20,4.8408e-29,4.393e-47,1.867e-38,8.7316e-40,2.5104e-37,2.3678e-43,1.0777e-54,1.9545e-28,1.1025e-42,5.4731e-31,5.4049e-68,1.1172e-30,1.1031e-41,1,5.3414e-37,2.2739e-49,9.158e-32,5.539e-61
7.8479e-54,1.1976e-44,2.9079e-61,1.016e-44,5.6281e-58,9.9575e-42,2.7633e-39,4.0749e-37,2.2133e-57,8.8213e-45,7.0139e-40,5.4739e-51,2.7925e-33,9.2756e-38,2.6554e-45,1.1393e-40,9.9986e-43,6.9766e-49,1.937e-41,1.0559e-41,4.0874e-33,2.9816e-40,1.6661e-37,7.6609e-54,1.0112e-53,1.1111e-45,3.9641e-28,1.4589e-54,1.8451e-68,1.3506e-57,3.9171e-47,2.079e-53,1.4666e-37,7.5258e-56,3.0947e-37,8.2223e-45,3.3581e-47,5.784e-28,1.3169e-60,3.2499e-60,1.4933e-47,5.7799e-46,6.7773e-40,3.0984e-61,4.5813e-47,4.0711e-56,5.3414e-37,1,1.0356e-43,1.3184e-24,2.0025e-64
4.5264e-64,3.247e-39,7.5042e-36,2.7819e-32,3.7889e-39,1.4039e-40,2.68e-37,5.5861e-36,5.6734e-42,2.644e-59,4.2125e-50,8.4115e-66,3.6171e-44,8.9632e-44,3.8588e-45,2.4259e-52,3.6492e-31,1.2293e-44,1.0025e-42,9.9862e-49,4.0158e-36,2.1214e-52,4.6076e-46,1.8256e-43,2.5474e-60,2.529e-40,1.4451e-48,2.2334e-59,1.5685e-63,4.7709e-35,1.9581e-60,4.398e-30,8.2625e-57,2.9616e-70,2.495e-37,6.618e-56,3.1541e-45,3.1731e-42,5.2774e-48,3.0193e-52,4.1674e-58,1.4827e-38,4.1836e-36,9.7021e-41,1.1377e-48,3.3636e-60,2.2739e-49,1.0356e-43,1,2.2621e-50,1.6477e-40
1.5569e-51,8.8679e-40,7.2577e-60,4.1171e-56,6.7907e-68,3.1914e-38,1.1129e-38,4.2516e-38,1.742e-55,1.9466e-39,1.4155e-40,7.1878e-44,2.9405e-41,4.5057e-37,9.4613e-41,7.5156e-38,1.1005e-51,1.5884e-44,6.098e-41,1.2904e-38,1.5772e-34,3.0102e-36,2.1676e-35,4.3348e-51,1.5476e-49,3.0813e-57,3.2364e-36,5.1375e-48,6.704e-68,1.9905e-59,9.7279e-47,2.9098e-62,9.8568e-35,2.2791e-51,7.0373e-48,7.7191e-38,3.3715e-49,1.5352e-32,5.2836e-57,2.9376e-64,3.8224e-45,6.2547e-44,3.0403e-39,4.7106e-63,1.2773e-41,4.6656e-54,9.158e-32,1.3184e-24,2.2621e-50,1,9.5427e-63
3.9372e-74,1.6917e-48,9.8902e-35,2.6557e-57,1.6629e-60,8.4468e-51,3.3707e-50,9.9318e-48,1.1204e-32,9.9937e-70,1.752e-65,9.6138e-75,5.1718e-65,1.5603e-56,1.7389e-51,1.5939e-66,8.9268e-56,2.0701e-48,9.4589e-53,5.9152e-57,3.4555e-53,1.9311e-64,8.441e-58,2.5683e-51,6.4501e-66,3.1216e-66,8.5707e-71,3.689e-62,3.1275e-69,1.3232e-39,8.3037e-74,9.1636e-54,6.1629e-71,7.8346e-80,5.5392e-61,5.433e-65,1.763e-61,8.7904e-64,2.2929e-54,1.781e-66,9.3306e-71,2.0347e-47,1.2768e-52,5.6678e-39,4.6693e-54,1.3056e-66,5.539e-61,2.0025e-64,1.6477e-40,9.5427e-63,1
