1,1.7364e-32,1.303e-24,2.5634e-17,3.6681e-18,1.8741e-29,6.8625e-17,5.2884e-31,6.6892e-35,1.2654e-35,3.0244e-17,1.3289e-33,3.4321e-15,6.5565e-12,5.8575e-15,4.3971e-16,1.571e-42,2.1603e-21,2.257e-16,3.615e-27,2.1869e-40,3.2506e-20,5.8894e-15,3.9078e-18,1.9115e-16,7.3061e-57,2.5876e-57,4.8925e-55,8.4732e-27,1.6157e-58,1.3485e-22,4.2168e-51,2.2508e-58,1.4107e-48,1.2032e-50,8.2012e-38,1.662e-46,4.0628e-51,3.3576e-30,2.6174e-31,3.5621e-28,4.2287e-33,1.1801e-62,3.3168e-54,4.8032e-40,1.1799e-30,6.4525e-40,3.7736e-89,5.2144e-45,7.7941e-90,3.0381e-53
1.7364e-32,1,1.6334e-41,5.401e-29,6.7823e-25,1.9578e-21,7.9679e-40,1.9989e-36,6.1844e-28,3.6223e-30,4.1205e-25,7.868e-33,1.7154e-30,2.7965e-33,7.9923e-37,2.1856e-34,9.8629e-39,1.1234e-21,3.3847e-31,4.7263e-44,8.422e-32,1.7725e-27,5.9917e-26,1.0821e-40,1.8357e-34,8.5301e-46,1.5686e-40,7.8356e-54,8.29e-37,7.2365e-52,3.9111e-28,8.2505e-50,1.9779e-48,1.0223e-43,3.1893e-44,8.6276e-39,8.6441e-43,4.8623e-39,3.6032e-29,3.9829e-26,2.6968e-29,9.7866e-47,8.9742e-58,2.3751e-57,3.0212e-39,2.4406e-30,6.5589e-36,7.7099e-86,2.0435e-39,1.8123e-78,5.6685e-45
1.303e-24,1.6334e-41,1,1.0675e-21,6.744e-29,2.7586e-39,1.111e-20,8.6425e-40,6.9275e-42,7.2655e-48,1.6425e-26,7.2426e-45,8.212e-32,5.1333e-18,2.23e-20,1.7125e-25,1.173e-45,1.2066e-32,1.1758e-33,1.4045e-17,1.6633e-49,4.0178e-29,3.4422e-22,1.5429e-21,2.2524e-16,6.5671e-68,1.9174e-69,3.1957e-66,1.4694e-44,1.4937e-71,2.5103e-36,3.2302e-68,1.499e-69,2.51e-58,6.8301e-64,1.2425e-49,3.903e-59,4.0818e-60,2.5822e-45,3.1491e-46,5.0721e-43,1.046e-48,3.8469e-77,8.4883e-69,7.4679e-58,1.4464e-45,2.251e-54,1.9543e-99,1.4616e-58,3.6195e-100,3.7993e-68
2.5634e-17,5.401e-29,1.0675e-21,1,1.8166e-16,1.1789e-25,2.9179e-21,3.5733e-32,5.6608e-32,9.5894e-34,5.4115e-13,1.2555e-33,7.3004e-20,4.5292e-15,2.3801e-17,4.7162e-19,4.718e-35,2.0609e-17,2.0485e-21,3.6426e-28,2.6056e-35,3.9513e-17,1.5702e-14,1.5719e-21,1.6628e-17,1.1212e-54,2.7923e-55,9.1041e-55,1.6576e-32,6.2845e-54,1.1946e-28,6.4045e-55,1.3016e-57,2.3593e-45,5.9028e-52,6.7388e-36,1.0942e-42,3.4492e-52,2.5167e-32,7.4933e-30,1.4621e-29,8.4725e-37,7.5424e-64,4.515e-55,3.2007e-43,3.8094e-30,2.7111e-43,1.4686e-88,5.2712e-44,4.7934e-88,7.9572e-55
3.6681e-18,6.7823e-25,6.744e-29,1.8166e-16,1,3.1022e-19,9.7276e-27,2.2375e-27,5.3058e-23,1.7162e-31,1.3075e-12,1.4823e-30,7.2778e-19,1.9871e-18,1.9015e-22,4.5116e-19,3.6066e-35,6.0172e-12,3.3991e-20,5.0121e-31,7.0634e-31,4.0587e-18,5.9611e-18,2.0887e-25,1.1392e-20,4.7002e-48,8.7865e-52,1.1109e-51,3.6241e-29,1.9474e-51,7.5924e-26,2.5772e-49,1.3826e-53,4.1705e-40,7.1643e-49,1.0258e-33,7.6595e-41,5.8259e-48,5.6032e-29,4.1994e-23,1.6619e-24,1.2893e-33,2.5568e-57,2.0218e-50,1.4376e-37,2.7043e-25,1.0888e-37,4.4918e-85,2.6177e-39,6.1031e-82,8.4532e-50
1.8741e-29,1.9578e-21,2.7586e-39,1.1789e-25,3.1022e-19,1,1.5622e-38,3.1611e-29,1.2963e-20,2.8448e-28,9.8599e-23,7.4774e-28,7.6724e-27,2.5333e-30,4.0829e-33,5.3702e-30,4.6332e-33,8.1921e-15,1.8632e-27,2.8712e-44,1.3784e-25,8.2952e-23,3.3686e-27,6.9723e-37,8.1681e-34,5.6638e-42,1.2107e-45,1.8407e-50,7.81e-34,8.7475e-47,5.2074e-31,3.9285e-51,1.1232e-48,4.8806e-37,2.9067e-45,1.6294e-34,3.2122e-36,1.3663e-47,3.8433e-29,3.6279e-22,6.4405e-27,6.3652e-39,2.964e-56,5.9372e-51,4.2187e-38,6.6275e-23,1.8335e-39,3.0906e-82,1.3542e-36,3.0196e-78,3.6567e-47
6.8625e-17,7.9679e-40,1.111e-20,2.9179e-21,9.7276e-27,1.5622e-38,1,1.6193e-40,1.2746e-43,2.3467e-48,1.9063e-21,1.0592e-46,2.5549e-28,7.7178e-16,1.9017e-11,4.8187e-17,1.4883e-45,1.5215e-29,3.8269e-30,2.0408e-20,1.2953e-51,1.4511e-30,1.6665e-21,5.4013e-11,1.0062e-13,2.7658e-62,2.7853e-65,8.3575e-57,9.5216e-40,5.9589e-65,4.7115e-31,1.8008e-59,8.7323e-66,3.4219e-55,4.2955e-56,9.2239e-43,5.1263e-57,1.0053e-56,3.1247e-42,4.2235e-41,2.56e-39,3.2104e-42,7.3263e-70,1.0943e-59,2.3209e-50,4.4674e-40,5.584e-49,6.4393e-92,5.0126e-51,2.3278e-94,2.2901e-62
5.2884e-31,1.9989e-36,8.6425e-40,3.5733e-32,2.2375e-27,3.1611e-29,1.6193e-40,1,8.5062e-25,2.9298e-30,2.5605e-30,8.4852e-27,3.7917e-25,3.921e-29,7.1078e-35,5.3867e-31,7.2866e-39,2.113e-25,6.2333e-27,4.5717e-41,5.4434e-32,8.1555e-23,1.1825e-29,3.2975e-40,2.0927e-35,4.6728e-49,4.5937e-54,6.0386e-57,7.7343e-28,5.0388e-55,5.4183e-32,1.8236e-54,5.357e-54,1.1426e-40,2.5323e-48,1.2432e-35,4.0688e-38,4.5286e-55,5.4038e-33,1.3348e-30,2.1576e-28,1.1317e-32,5.3672e-58,1.5702e-50,1.2727e-41,1.5681e-27,9.3859e-46,1.928e-87,1.6747e-40,8.9997e-82,2.1172e-53
6.6892e-35,6.1844e-28,6.9275e-42,5.6608e-32,5.3058e-23,1.2963e-20,1.2746e-43,8.5062e-25,1,3.9654e-31,8.0326e-28,5.081e-31,3.8123e-30,8.2196e-33,6.7515e-38,2.0275e-33,1.1912e-35,4.0734e-21,1.0362e-31,2.9489e-43,2.3053e-27,3.3932e-27,1.0568e-30,1.9004e-41,4.8306e-36,4.4241e-44,7.1854e-49,3.2338e-55,1.4671e-36,1.6009e-50,8.4037e-35,4.4748e-54,9.7078e-51,5.9089e-39,4.1582e-49,1.9471e-38,1.0279e-40,1.5809e-48,1.4477e-35,1.8296e-26,2.3038e-30,1.2135e-39,2.0687e-57,2.4975e-52,2.4406e-41,8.3738e-29,1.3053e-42,1.9958e-84,1.8173e-39,2.5287e-79,6.4024e-51
1.2654e-35,3.6223e-30,7.2655e-48,9.5894e-34,1.7162e-31,2.8448e-28,2.3467e-48,2.9298e-30,3.9654e-31,1,4.4835e-34,2.9778e-16,4.7011e-24,7.2308e-38,6.4041e-44,5.9172e-42,5.5153e-45,5.975e-29,1.4409e-23,4.9291e-53,3.7167e-16,1.0488e-22,2.5173e-32,8.8093e-49,3.314e-43,8.9683e-52,3.9641e-44,1.7675e-60,1.1898e-24,1.8989e-49,1.2336e-34,6.2618e-51,6.5967e-51,4.0681e-46,3.9867e-50,6.6631e-41,6.508e-26,1.0563e-50,2.1685e-21,1.1632e-25,1.7763e-22,9.9045e-37,1.8386e-59,2.9272e-56,6.3847e-37,5.9419e-27,9.0751e-40,1.0101e-88,1.2137e-42,5.4393e-84,6.9937e-46
3.0244e-17,4.1205e-25,1.6425e-26,5.4115e-13,1.3075e-12,9.8599e-23,1.9063e-21,2.5605e-30,8.0326e-28,4.4835e-34,1,6.5355e-35,1.3699e-19,6.7264e-16,9.6291e-18,3.6717e-17,8.5797e-34,3.1567e-13,8.3785e-22,2.4518e-28,8.4538e-35,3.6278e-19,2.4745e-15,2.7926e-22,9.0224e-17,1.0724e-49,6.2299e-52,6.024e-51,4.4802e-32,1.9771e-52,1.5124e-25,1.7127e-51,7.778e-55,8.0633e-43,2.8845e-48,4.0253e-33,5.8546e-43,2.8439e-47,2.1551e-31,2.3834e-25,3.8285e-25,2.1271e-36,8.7157e-60,4.2897e-52,5.1281e-40,1.1525e-27,3.606e-39,2.3693e-86,1.1288e-39,1.1011e-83,3.2441e-51
1.3289e-33,7.868e-33,7.2426e-45,1.2555e-33,1.4823e-30,7.4774e-28,1.0592e-46,8.4852e-27,5.081e-31,2.9778e-16,6.5355e-35,1,4.7683e-24,2.4416e-35,3.4727e-42,4.0327e-40,7.1542e-49,3.3606e-29,1.2114e-23,4.1105e-50,2.5555e-20,7.0683e-23,5.7008e-33,2.5406e-47,2.5905e-41,1.4949e-56,1.1077e-52,4.282e-64,2.9357e-25,2.3087e-56,4.1868e-35,1.0706e-55,4.3407e-56,1.4907e-49,3.5699e-54,3.5411e-43,2.2562e-31,5.5239e-57,1.5151e-27,8.898e-32,3.8377e-25,1.3258e-35,1.8649e-63,8.1729e-59,3.7559e-42,3.1874e-31,3.8464e-45,1.1012e-93,8.2767e-48,1.4335e-88,4.9447e-52
3.4321e-15,1.7154e-30,8.212e-32,7.3004e-20,7.2778e-19,7.6724e-27,2.5549e-28,3.7917e-25,3.8123e-30,4.7011e-24,1.3699e-19,4.7683e-24,1,1.3385e-18,3.2538e-25,1.4773e-24,9.6463e-42,1.5248e-19,5.2956e-06,2.4555e-35,1.4663e-29,1.4636e-13,2.555e-17,1.578e-29,1.9238e-24,3.2421e-54,1.1447e-51,2.8224e-55,1.616e-18,1.5593e-53,2.12e-22,7.4245e-48,5.7999e-55,1.3012e-45,4.0203e-49,7.7977e-35,2.404e-36,1.6763e-49,7.4136e-23,1.4897e-24,3.8635e-18,1.1766e-28,4.5122e-59,6.2192e-52,1.9403e-34,3.4716e-25,5.3929e-36,7.3802e-88,3.8716e-41,7.468e-87,8.8689e-48
6.5565e-12,2.7965e-33,5.1333e-18,4.5292e-15,1.9871e-18,2.5333e-30,7.7178e-16,3.921e-29,8.2196e-33,7.2308e-38,6.7264e-16,2.4416e-35,1.3385e-18,1,7.0053e-13,1.2366e-14,7.3194e-41,4.1247e-21,2.5252e-21,1.0115e-19,1.1715e-40,3.6758e-20,3.2413e-13,2.5286e-17,1.1777e-10,5.0776e-58,4.2609e-60,1.5536e-56,8.0431e-32,1.5652e-60,3.0025e-25,1.5899e-56,8.0306e-60,2.5837e-49,7.2702e-53,3.443e-39,2.908e-48,1.6485e-53,8.1064e-35,2.1421e-34,5.0638e-31,5.8105e-36,2.8989e-66,1.0127e-56,1.393e-45,1.2427e-33,4.9011e-44,2.9498e-91,1.2424e-46,8.6194e-92,8.0022e-58
5.8575e-15,7.9923e-37,2.23e-20,2.3801e-17,1.9015e-22,4.0829e-33,1.9017e-11,7.1078e-35,6.7515e-38,6.4041e-44,9.6291e-18,3.4727e-42,3.2538e-25,7.0053e-13,1,9.1358e-13,1.8406e-40,1.3077e-24,1.6605e-27,1.0932e-21,1.7028e-46,1.7272e-26,1.9609e-19,5.5143e-11,1.2647e-14,7.1476e-58,1.082e-62,2.2416e-54,9.9376e-37,5.4153e-61,4.0579e-30,6.4933e-59,1.1788e-61,1.308e-50,4.6746e-53,7.6601e-40,9.0796e-52,4.8775e-56,1.9834e-39,1.7017e-37,6.817e-37,2.9783e-38,2.1379e-67,7.4521e-56,1.0269e-48,5.6224e-36,4.3179e-48,2.9285e-90,4.5722e-48,3.9127e-92,3.6919e-61
4.3971e-16,2.1856e-34,1.7125e-25,4.7162e-19,4.5116e-19,5.3702e-30,4.8187e-17,5.3867e-31,2.0275e-33,5.9172e-42,3.6717e-17,4.0327e-40,1.4773e-24,1.2366e-14,9.1358e-13,1,1.8562e-37,8.8557e-21,1.4725e-26,3.0244e-24,5.1706e-44,2.2033e-26,1.4838e-19,6.303e-14,7.7778e-18,6.6933e-53,1.365e-59,1.9009e-49,3.2551e-34,8.1771e-56,9.6015e-29,5.4479e-54,7.3309e-57,2.1876e-44,6.7046e-48,6.6302e-36,3.6624e-48,1.2349e-55,7.1135e-38,9.1818e-34,3.4161e-35,1.1315e-32,3.3049e-62,2.4426e-48,1.8667e-44,1.3408e-31,2.2741e-46,1.0513e-84,1.1673e-41,5.1884e-87,2.5436e-58
1.571e-42,9.8629e-39,1.173e-45,4.718e-35,3.6066e-35,4.6332e-33,1.4883e-45,7.2866e-39,1.1912e-35,5.5153e-45,8.5797e-34,7.1542e-49,9.6463e-42,7.3194e-41,1.8406e-40,1.8562e-37,1,1.5576e-31,1.4454e-42,2.2183e-49,1.9094e-43,3.1301e-35,1.2579e-36,1.9163e-43,6.0494e-43,2.3941e-42,2.1947e-45,6.702e-55,2.6529e-46,1.2828e-47,3.3129e-44,6.2169e-53,5.58e-54,1.1465e-31,2.7843e-49,6.7054e-41,3.4861e-47,6.1865e-51,2.4223e-42,2.6782e-34,7.6162e-43,9.1e-50,4.771e-55,1.336e-50,1.4013e-44,3.6613e-34,7.188e-48,3.2031e-78,7.1531e-40,7.6037e-69,6.3774e-53
2.1603e-21,1.1234e-21,1.2066e-32,2.0609e-17,6.0172e-12,8.1921e-15,1.5215e-29,2.113e-25,4.0734e-21,5.975e-29,3.1567e-13,3.3606e-29,1.5248e-19,4.1247e-21,1.3077e-24,8.8557e-21,1.5576e-31,1,9.6338e-21,6.0743e-36,3.7608e-28,2.2347e-17,1.2617e-18,7.9638e-29,2.1907e-24,1.4042e-43,3.9307e-46,2.569e-47,4.4698e-29,3.0727e-46,9.3822e-24,6.7016e-47,1.1298e-48,4.1145e-36,9.1777e-43,1.2741e-28,2.3145e-36,3.3592e-45,2.321e-27,2.0873e-19,1.0709e-22,5.9777e-34,1.174e-53,3.4044e-47,2.3825e-34,4.1783e-22,6.6721e-36,7.2854e-81,3.4219e-33,3.4351e-78,2.0148e-45
2.257e-16,3.3847e-31,1.1758e-33,2.0485e-21,3.3991e-20,1.8632e-27,3.8269e-30,6.2333e-27,1.0362e-31,1.4409e-23,8.3785e-22,1.2114e-23,5.2956e-06,2.5252e-21,1.6605e-27,1.4725e-26,1.4454e-42,9.6338e-21,1,4.7535e-38,1.5418e-29,1.1233e-14,6.5529e-19,3.089e-31,1.1387e-26,6.3763e-55,1.226e-50,1.4554e-55,9.8131e-17,4.889e-53,1.8506e-22,7.832e-46,2.9358e-54,6.1025e-45,5.6284e-49,5.9132e-35,3.4225e-36,3.2734e-49,2.2921e-21,1.8355e-24,9.4391e-18,1.6648e-28,1.8694e-57,2.0508e-51,3.5685e-32,1.6196e-25,1.2801e-34,4.9327e-87,5.1977e-41,4.3304e-86,7.6219e-46
3.615e-27,4.7263e-44,1.4045e-17,3.6426e-28,5.0121e-31,2.8712e-44,2.0408e-20,4.5717e-41,2.9489e-43,4.9291e-53,2.4518e-28,4.1105e-50,2.4555e-35,1.0115e-19,1.0932e-21,3.0244e-24,2.2183e-49,6.0743e-36,4.7535e-38,1,7.7801e-55,1.4679e-35,2.3484e-26,4.5575e-22,3.0508e-16,4.803e-68,1.1741e-72,4.0694e-66,1.9657e-47,4.2737e-73,1.3096e-38,3.2475e-69,1.3136e-71,5.1911e-61,1.6375e-64,7.2141e-52,1.7891e-63,3.6099e-62,3.6639e-50,5.7806e-49,4.3582e-46,3.9838e-48,3.0673e-78,1.0656e-67,2.5887e-60,4.0183e-48,7.9571e-57,2.4534e-100,2.4468e-59,1.4387e-100,9.2592e-72
2.1869e-40,8.422e-32,1.6633e-49,2.6056e-35,7.0634e-31,1.3784e-25,1.2953e-51,5.4434e-32,2.3053e-27,3.7167e-16,8.4538e-35,2.5555e-20,1.4663e-29,1.1715e-40,1.7028e-46,5.1706e-44,1.9094e-43,3.7608e-28,1.5418e-29,7.7801e-55,1,4.0556e-26,9.3801e-37,2.7191e-51,4.0006e-45,1.4158e-49,1.1439e-46,2.2867e-60,2.1444e-32,5.993e-48,1.0512e-39,3.3545e-54,4.7262e-53,3.9311e-44,3.5417e-54,6.9907e-40,6.8296e-25,1.1388e-53,2.7186e-29,8.4092e-26,1.4786e-24,2.7813e-39,7.4297e-59,6.0375e-56,3.5115e-40,4.5264e-29,2.0437e-43,4.4589e-88,7.0435e-43,3.9102e-81,4.7081e-48
3.2506e-20,1.7725e-27,4.0178e-29,3.9513e-17,4.0587e-18,8.2952e-23,1.4511e-30,8.1555e-23,3.3932e-27,1.0488e-22,3.6278e-19,7.0683e-23,1.4636e-13,3.6758e-20,1.7272e-26,2.2033e-26,3.1301e-35,2.2347e-17,1.1233e-14,1.4679e-35,4.0556e-26,1,3.9403e-16,9.119e-32,3.5626e-25,3.0236e-51,2.6653e-49,3.8443e-57,1.2768e-23,7.3611e-53,7.5306e-25,4.837e-51,1.3e-54,1.557e-42,4.4649e-50,5.8265e-35,1.1579e-35,6.7047e-48,6.8561e-23,6.5139e-24,1.3332e-20,5.8784e-35,1.0082e-59,3.5809e-55,1.5216e-37,3.2989e-24,5.1854e-38,1.4833e-88,1.9856e-41,3.4446e-84,2.8475e-48
5.8894e-15,5.9917e-26,3.4422e-22,1.5702e-14,5.9611e-18,3.3686e-27,1.6665e-21,1.1825e-29,1.0568e-30,2.5173e-32,2.4745e-15,5.7008e-33,2.555e-17,3.2413e-13,1.9609e-19,1.4838e-19,1.2579e-36,1.2617e-18,6.5529e-19,2.3484e-26,9.3801e-37,3.9403e-16,1,4.6727e-23,5.3216e-16,1.95e-54,1.6316e-51,4.4039e-55,1.2352e-29,1.0667e-56,1.3372e-20,1.068e-51,1.0991e-54,1.0728e-45,3.6708e-48,9.8856e-38,4.0356e-45,3.4337e-46,3.2077e-28,1.5262e-29,9.7747e-28,5.5898e-38,1.4379e-62,5.3618e-56,2.0249e-40,9.0483e-30,3.3846e-38,5.6479e-88,2.2892e-42,4.8489e-87,1.4269e-51
3.9078e-18,1.0821e-40,1.5429e-21,1.5719e-21,2.0887e-25,6.9723e-37,5.4013e-11,3.2975e-40,1.9004e-41,8.8093e-49,2.7926e-22,2.5406e-47,1.578e-29,2.5286e-17,5.5143e-11,6.303e-14,1.9163e-43,7.9638e-29,3.089e-31,4.5575e-22,2.7191e-51,9.119e-32,4.6727e-23,1,8.9277e-17,1.4293e-60,3.7878e-66,3.6299e-54,1.2653e-40,8.1374e-63,1.3821e-33,1.3855e-59,1.7799e-63,1.5818e-52,2.0219e-55,5.4119e-43,4.1825e-56,3.602e-59,3.1976e-43,6.2091e-41,1.1452e-41,8.6304e-40,1.7931e-69,2.6215e-56,1.0803e-50,5.8047e-39,2.2398e-50,9.5959e-89,8.178e-50,2.1706e-94,8.8725e-64
1.9115e-16,1.8357e-34,2.2524e-16,1.6628e-17,1.1392e-20,8.1681e-34,1.0062e-13,2.0927e-35,4.8306e-36,3.314e-43,9.0224e-17,2.5905e-41,1.9238e-24,1.1777e-10,1.2647e-14,7.7778e-18,6.0494e-43,2.1907e-24,1.1387e-26,3.0508e-16,4.0006e-45,3.5626e-25,5.3216e-16,8.9277e-17,1,2.3741e-60,1.5681e-62,2.2598e-58,5.2968e-38,8.142e-64,7.6093e-28,1.2982e-58,7.6126e-63,8.4107e-53,3.7087e-56,7.3783e-43,1.1055e-53,6.3589e-53,3.449e-39,1.1688e-37,9.6804e-35,5.6706e-42,5.6364e-69,8.1595e-61,8.2716e-49,1.0942e-38,2.7236e-45,8.0596e-93,8.3488e-50,3.2459e-93,9.0429e-60
7.3061e-57,8.5301e-46,6.5671e-68,1.1212e-54,4.7002e-48,5.6638e-42,2.7658e-62,4.6728e-49,4.4241e-44,8.9683e-52,1.0724e-49,1.4949e-56,3.2421e-54,5.0776e-58,7.1476e-58,6.6933e-53,2.3941e-42,1.4042e-43,6.3763e-55,4.803e-68,1.4158e-49,3.0236e-51,1.95e-54,1.4293e-60,2.3741e-60,1,1.2298e-40,6.4439e-40,7.7062e-54,1.4621e-39,3.4944e-50,2.0256e-51,6.5192e-45,1.2516e-34,7.8677e-39,1.7788e-42,1.4209e-44,2.9775e-52,3.2502e-46,8.5352e-36,4.3604e-51,7.9901e-57,3.5057e-47,2.6819e-47,3.2138e-46,2.682e-35,9.0329e-48,2.2591e-62,4.3623e-31,1.3806e-57,3.0672e-48
2.5876e-57,1.5686e-40,1.9174e-69,2.7923e-55,8.7865e-52,1.2107e-45,2.7853e-65,4.5937e-54,7.1854e-49,3.9641e-44,6.2299e-52,1.1077e-52,1.1447e-51,4.2609e-60,1.082e-62,1.365e-59,2.1947e-45,3.9307e-46,1.226e-50,1.1741e-72,1.1439e-46,2.6653e-49,1.6316e-51,3.7878e-66,1.5681e-62,1.2298e-40,1,4.5134e-57,6.8557e-49,7.5849e-47,3.4807e-46,1.1741e-39,1.3445e-47,5.0162e-42,4.7439e-42,1.9436e-46,9.5368e-47,1.5444e-35,1.9096e-37,5.7878e-36,4.5845e-45,1.9339e-62,6.2216e-43,7.9658e-58,8.0655e-35,7.318e-41,2.2475e-35,1.0265e-73,1.1045e-38,1.0947e-56,1.0176e-29
4.8925e-55,7.8356e-54,3.1957e-66,9.1041e-55,1.1109e-51,1.8407e-50,8.3575e-57,6.0386e-57,3.2338e-55,1.7675e-60,6.024e-51,4.282e-64,2.8224e-55,1.5536e-56,2.2416e-54,1.9009e-49,6.702e-55,2.569e-47,1.4554e-55,4.0694e-66,2.2867e-60,3.8443e-57,4.4039e-55,3.6299e-54,2.2598e-58,6.4439e-40,4.5134e-57,1,6.9971e-56,2.462e-43,1.4673e-48,2.1967e-52,1.405e-39,1.1419e-42,1.0549e-31,2.3182e-42,1.9038e-52,1.6904e-64,2.752e-53,1.596e-46,4.9978e-56,9.9989e-53,2.1377e-53,2.1586e-37,2.2495e-50,1.4182e-44,1.5613e-51,2.9272e-49,9.2748e-29,1.7597e-73,1.9607e-56
8.4732e-27,8.29e-37,1.4694e-44,1.6576e-32,3.6241e-29,7.81e-34,9.5216e-40,7.7343e-28,1.4671e-36,1.1898e-24,4.4802e-32,2.9357e-25,1.616e-18,8.0431e-32,9.9376e-37,3.2551e-34,2.6529e-46,4.4698e-29,9.8131e-17,1.9657e-47,2.1444e-32,1.2768e-23,1.2352e-29,1.2653e-40,5.2968e-38,7.7062e-54,6.8557e-49,6.9971e-56,1,3.5076e-52,3.5597e-27,2.3559e-42,2.1675e-52,4.7317e-42,1.6317e-45,1.8043e-35,1.2863e-34,1.4659e-51,6.5775e-21,2.1892e-27,5.7844e-22,4.4241e-29,4.1132e-51,1.179e-47,2.8117e-29,2.4033e-26,6.6235e-36,4.5336e-85,1.0743e-39,4.7407e-81,2.9655e-43
1.6157e-58,7.2365e-52,1.4937e-71,6.2845e-54,1.9474e-51,8.7475e-47,5.9589e-65,5.0388e-55,1.6009e-50,1.8989e-49,1.9771e-52,2.3087e-56,1.5593e-53,1.5652e-60,5.4153e-61,8.1771e-56,1.2828e-47,3.0727e-46,4.889e-53,4.2737e-73,5.993e-48,7.3611e-53,1.0667e-56,8.1374e-63,8.142e-64,1.4621e-39,7.5849e-47,2.462e-43,3.5076e-52,1,5.5067e-56,2.8983e-47,2.5748e-45,4.3407e-38,2.785e-44,6.2156e-44,1.3237e-37,1.4646e-62,3.6072e-49,3.4339e-39,6.4199e-51,9.4142e-49,1.0735e-48,2.2175e-36,3.0588e-43,6.9902e-39,3.9254e-52,2.5848e-59,5.4985e-31,4.0817e-64,4.0925e-50
1.3485e-22,3.9111e-28,2.5103e-36,1.1946e-28,7.5924e-26,5.2074e-31,4.7115e-31,5.4183e-32,8.4037e-35,1.2336e-34,1.5124e-25,4.1868e-35,2.12e-22,3.0025e-25,4.0579e-30,9.6015e-29,3.3129e-44,9.3822e-24,1.8506e-22,1.3096e-38,1.0512e-39,7.5306e-25,1.3372e-20,1.3821e-33,7.6093e-28,3.4944e-50,3.4807e-46,1.4673e-48,3.5597e-27,5.5067e-56,1,7.1696e-43,1.4695e-47,2.6463e-43,8.7875e-39,8.4021e-35,3.4413e-45,2.8023e-39,6.611e-25,1.3126e-28,2.6195e-26,2.1092e-41,1.4873e-53,1.942e-53,2.0992e-32,1.8957e-30,1.9929e-27,8.8893e-81,4.0327e-36,1.3478e-80,1.6151e-40
4.2168e-51,8.2505e-50,3.2302e-68,6.4045e-55,2.5772e-49,3.9285e-51,1.8008e-59,1.8236e-54,4.4748e-54,6.2618e-51,1.7127e-51,1.0706e-55,7.4245e-48,1.5899e-56,6.4933e-59,5.4479e-54,6.2169e-53,6.7016e-47,7.832e-46,3.2475e-69,3.3545e-54,4.837e-51,1.068e-51,1.3855e-59,1.2982e-58,2.0256e-51,1.1741e-39,2.1967e-52,2.3559e-42,2.8983e-47,7.1696e-43,1,9.5434e-48,1.4352e-41,5.6657e-44,2.9771e-46,5.485e-51,3.9385e-47,2.2293e-40,5.9653e-39,6.6737e-44,2.6017e-52,6.4381e-34,2.6221e-45,7.8954e-22,2.0727e-43,4.4889e-29,2.7045e-65,5.1893e-37,1.3839e-59,5.5499e-27
2.2508e-58,1.9779e-48,1.499e-69,1.3016e-57,1.3826e-53,1.1232e-48,8.7323e-66,5.357e-54,9.7078e-51,6.5967e-51,7.778e-55,4.3407e-56,5.7999e-55,8.0306e-60,1.1788e-61,7.3309e-57,5.58e-54,1.1298e-48,2.9358e-54,1.3136e-71,4.7262e-53,1.3e-54,1.0991e-54,1.7799e-63,7.6126e-63,6.5192e-45,1.3445e-47,1.405e-39,2.1675e-52,2.5748e-45,1.4695e-47,9.5434e-48,1,6.4596e-41,2.3587e-31,1.4482e-54,3.1193e-48,1.1584e-59,7.1528e-47,3.1564e-47,5.2328e-54,2.7563e-56,1.6072e-55,3.4039e-48,6.3645e-48,5.2946e-47,2.1109e-45,2.4581e-58,4.921e-34,3.1573e-75,9.1546e-51
1.4107e-48,1.0223e-43,2.51e-58,2.3593e-45,4.1705e-40,4.8806e-37,3.4219e-55,1.1426e-40,5.9089e-39,4.0681e-46,8.0633e-43,1.4907e-49,1.3012e-45,2.5837e-49,1.308e-50,2.1876e-44,1.1465e-31,4.1145e-36,6.1025e-45,5.1911e-61,3.9311e-44,1.557e-42,1.0728e-45,1.5818e-52,8.4107e-53,1.2516e-34,5.0162e-42,1.1419e-42,4.7317e-42,4.3407e-38,2.6463e-43,1.4352e-41,6.4596e-41,1,1.2697e-36,1.1293e-33,6.9734e-42,1.1597e-53,3.5738e-41,7.0887e-33,7.8286e-43,9.3869e-47,8.7202e-35,1.5088e-34,9.419e-35,2.5244e-32,5.5342e-43,2.0165e-62,1.6371e-25,4.9414e-56,1.8917e-42
1.2032e-50,3.1893e-44,6.8301e-64,5.9028e-52,7.1643e-49,2.9067e-45,4.2955e-56,2.5323e-48,4.1582e-49,3.9867e-50,2.8845e-48,3.5699e-54,4.0203e-49,7.2702e-53,4.6746e-53,6.7046e-48,2.7843e-49,9.1777e-43,5.6284e-49,1.6375e-64,3.5417e-54,4.4649e-50,3.6708e-48,2.0219e-55,3.7087e-56,7.8677e-39,4.7439e-42,1.0549e-31,1.6317e-45,2.785e-44,8.7875e-39,5.6657e-44,2.3587e-31,1.2697e-36,1,2.6685e-41,7.0376e-48,1.974e-51,4.5216e-42,2.5271e-41,8.7992e-49,5.8594e-52,8.1978e-46,1.4841e-40,9.3677e-41,2.0323e-39,8.5488e-43,7.2789e-58,3.824e-25,2.6211e-66,6.7471e-45
8.2012e-38,8.6276e-39,1.2425e-49,6.7388e-36,1.0258e-33,1.6294e-34,9.2239e-43,1.2432e-35,1.9471e-38,6.6631e-41,4.0253e-33,3.5411e-43,7.7977e-35,3.443e-39,7.6601e-40,6.6302e-36,6.7054e-41,1.2741e-28,5.9132e-35,7.2141e-52,6.9907e-40,5.8265e-35,9.8856e-38,5.4119e-43,7.3783e-43,1.7788e-42,1.9436e-46,2.3182e-42,1.8043e-35,6.2156e-44,8.4021e-35,2.9771e-46,1.4482e-54,1.1293e-33,2.6685e-41,1,4.3584e-39,9.5285e-51,1.6748e-37,2.4589e-26,1.4105e-31,3.5277e-39,1.1064e-40,1.6494e-39,1.6898e-32,5.0686e-27,2.3496e-43,2.5343e-74,8.8979e-29,4.8781e-67,1.3485e-42
1.662e-46,8.6441e-43,3.903e-59,1.0942e-42,7.6595e-41,3.2122e-36,5.1263e-57,4.0688e-38,1.0279e-40,6.508e-26,5.8546e-43,2.2562e-31,2.404e-36,2.908e-48,9.0796e-52,3.6624e-48,3.4861e-47,2.3145e-36,3.4225e-36,1.7891e-63,6.8296e-25,1.1579e-35,4.0356e-45,4.1825e-56,1.1055e-53,1.4209e-44,9.5368e-47,1.9038e-52,1.2863e-34,1.3237e-37,3.4413e-45,5.485e-51,3.1193e-48,6.9734e-42,7.0376e-48,4.3584e-39,1,1.1908e-61,2.1867e-32,4.9207e-30,9.3636e-35,5.3982e-37,2.8971e-55,4.9113e-46,1.368e-40,5.0495e-29,2.6278e-47,1.5955e-78,5.6109e-37,1.63e-77,7.135e-49
4.0628e-51,4.8623e-39,4.0818e-60,3.4492e-52,5.8259e-48,1.3663e-47,1.0053e-56,4.5286e-55,1.5809e-48,1.0563e-50,2.8439e-47,5.5239e-57,1.6763e-49,1.6485e-53,4.8775e-56,1.2349e-55,6.1865e-51,3.3592e-45,3.2734e-49,3.6099e-62,1.1388e-53,6.7047e-48,3.4337e-46,3.602e-59,6.3589e-53,2.9775e-52,1.5444e-35,1.6904e-64,1.4659e-51,1.4646e-62,2.8023e-39,3.9385e-47,1.1584e-59,1.1597e-53,1.974e-51,9.5285e-51,1.1908e-61,1,1.7026e-41,6.1402e-40,1.4673e-44,1.9543e-68,2.7706e-52,2.9923e-70,2.2712e-40,1.2812e-48,8.7861e-31,1.2447e-85,4.0067e-50,1.3492e-68,5.4508e-33
3.3576e-30,3.6032e-29,2.5822e-45,2.5167e-32,5.6032e-29,3.8433e-29,3.1247e-42,5.4038e-33,1.4477e-35,2.1685e-21,2.1551e-31,1.5151e-27,7.4136e-23,8.1064e-35,1.9834e-39,7.1135e-38,2.4223e-42,2.321e-27,2.2921e-21,3.6639e-50,2.7186e-29,6.8561e-23,3.2077e-28,3.1976e-43,3.449e-39,3.2502e-46,1.9096e-37,2.752e-53,6.5775e-21,3.6072e-49,6.611e-25,2.2293e-40,7.1528e-47,3.5738e-41,4.5216e-42,1.6748e-37,2.1867e-32,1.7026e-41,1,2.443e-21,4.0127e-23,2.142e-39,1.3288e-51,5.3113e-53,1.1387e-28,6.0892e-23,5.3259e-27,4.2848e-81,7.9913e-37,9.6283e-77,1.1287e-36
2.6174e-31,3.9829e-26,3.1491e-46,7.4933e-30,4.1994e-23,3.6279e-22,4.2235e-41,1.3348e-30,1.8296e-26,1.1632e-25,2.3834e-25,8.898e-32,1.4897e-24,2.1421e-34,1.7017e-37,9.1818e-34,2.6782e-34,2.0873e-19,1.8355e-24,5.7806e-49,8.4092e-26,6.5139e-24,1.5262e-29,6.2091e-41,1.1688e-37,8.5352e-36,5.7878e-36,1.596e-46,2.1892e-27,3.4339e-39,1.3126e-28,5.9653e-39,3.1564e-47,7.0887e-33,2.5271e-41,2.4589e-26,4.9207e-30,6.1402e-40,2.443e-21,1,7.0874e-20,7.5651e-36,1.7763e-44,1.8662e-44,1.6211e-24,3.9123e-15,1.5889e-29,9.1761e-76,4.9761e-28,7.5539e-69,7.4245e-35
3.5621e-28,2.6968e-29,5.0721e-43,1.4621e-29,1.6619e-24,6.4405e-27,2.56e-39,2.1576e-28,2.3038e-30,1.7763e-22,3.8285e-25,3.8377e-25,3.8635e-18,5.0638e-31,6.817e-37,3.4161e-35,7.6162e-43,1.0709e-22,9.4391e-18,4.3582e-46,1.4786e-24,1.3332e-20,9.7747e-28,1.1452e-41,9.6804e-35,4.3604e-51,4.5845e-45,4.9978e-56,5.7844e-22,6.4199e-51,2.6195e-26,6.6737e-44,5.2328e-54,7.8286e-43,8.7992e-49,1.4105e-31,9.3636e-35,1.4673e-44,4.0127e-23,7.0874e-20,1,6.5057e-35,7.3032e-52,2.8657e-52,6.4707e-29,1.4021e-25,2.7407e-32,8.2154e-87,3.0587e-38,2.7644e-78,2.0244e-39
4.2287e-33,9.7866e-47,1.046e-48,8.4725e-37,1.2893e-33,6.3652e-39,3.2104e-42,1.1317e-32,1.2135e-39,9.9045e-37,2.1271e-36,1.3258e-35,1.1766e-28,5.8105e-36,2.9783e-38,1.1315e-32,9.1e-50,5.9777e-34,1.6648e-28,3.9838e-48,2.7813e-39,5.8784e-35,5.5898e-38,8.6304e-40,5.6706e-42,7.9901e-57,1.9339e-62,9.9989e-53,4.4241e-29,9.4142e-49,2.1092e-41,2.6017e-52,2.7563e-56,9.3869e-47,5.8594e-52,3.5277e-39,5.3982e-37,1.9543e-68,2.142e-39,7.5651e-36,6.5057e-35,1,2.6924e-60,1.3997e-37,9.1455e-42,2.8063e-31,4.0791e-52,3.0941e-82,1.6724e-41,4.0468e-88,4.5653e-60
1.1801e-62,8.9742e-58,3.8469e-77,7.5424e-64,2.5568e-57,2.964e-56,7.3263e-70,5.3672e-58,2.0687e-57,1.8386e-59,8.7157e-60,1.8649e-63,4.5122e-59,2.8989e-66,2.1379e-67,3.3049e-62,4.771e-55,1.174e-53,1.8694e-57,3.0673e-78,7.4297e-59,1.0082e-59,1.4379e-62,1.7931e-69,5.6364e-69,3.5057e-47,6.2216e-43,2.1377e-53,4.1132e-51,1.0735e-48,1.4873e-53,6.4381e-34,1.6072e-55,8.7202e-35,8.1978e-46,1.1064e-40,2.8971e-55,2.7706e-52,1.3288e-51,1.7763e-44,7.3032e-52,2.6924e-60,1,9.3987e-43,5.3262e-32,7.5032e-49,1.8686e-44,3.3932e-64,5.4898e-39,4.4207e-41,2.6111e-32
3.3168e-54,2.3751e-57,8.4883e-69,4.515e-55,2.0218e-50,5.9372e-51,1.0943e-59,1.5702e-50,2.4975e-52,2.9272e-56,4.2897e-52,8.1729e-59,6.2192e-52,1.0127e-56,7.4521e-56,2.4426e-48,1.336e-50,3.4044e-47,2.0508e-51,1.0656e-67,6.0375e-56,3.5809e-55,5.3618e-56,2.6215e-56,8.1595e-61,2.6819e-47,7.9658e-58,2.1586e-37,1.179e-47,2.2175e-36,1.942e-53,2.6221e-45,3.4039e-48,1.5088e-34,1.4841e-40,1.6494e-39,4.9113e-46,2.9923e-70,5.3113e-53,1.8662e-44,2.8657e-52,1.3997e-37,9.3987e-43,1,1.9158e-42,1.3049e-41,1.0826e-55,2.1568e-58,3.3277e-30,1.7948e-66,2.902e-56
4.8032e-40,3.0212e-39,7.4679e-58,3.2007e-43,1.4376e-37,4.2187e-38,2.3209e-50,1.2727e-41,2.4406e-41,6.3847e-37,5.1281e-40,3.7559e-42,1.9403e-34,1.393e-45,1.0269e-48,1.8667e-44,1.4013e-44,2.3825e-34,3.5685e-32,2.5887e-60,3.5115e-40,1.5216e-37,2.0249e-40,1.0803e-50,8.2716e-49,3.2138e-46,8.0655e-35,2.2495e-50,2.8117e-29,3.0588e-43,2.0992e-32,7.8954e-22,6.3645e-48,9.419e-35,9.3677e-41,1.6898e-32,1.368e-40,2.2712e-40,1.1387e-28,1.6211e-24,6.4707e-29,9.1455e-42,5.3262e-32,1.9158e-42,1,5.2815e-30,8.2047e-25,1.0857e-70,5.4605e-31,1.3002e-62,4.8254e-22
1.1799e-30,2.4406e-30,1.4464e-45,3.8094e-30,2.7043e-25,6.6275e-23,4.4674e-40,1.5681e-27,8.3738e-29,5.9419e-27,1.1525e-27,3.1874e-31,3.4716e-25,1.2427e-33,5.6224e-36,1.3408e-31,3.6613e-34,4.1783e-22,1.6196e-25,4.0183e-48,4.5264e-29,3.2989e-24,9.0483e-30,5.8047e-39,1.0942e-38,2.682e-35,7.318e-41,1.4182e-44,2.4033e-26,6.9902e-39,1.8957e-30,2.0727e-43,5.2946e-47,2.5244e-32,2.0323e-39,5.0686e-27,5.0495e-29,1.2812e-48,6.0892e-23,3.9123e-15,1.4021e-25,2.8063e-31,7.5032e-49,1.3049e-41,5.2815e-30,1,5.2186e-37,1.767e-74,3.0643e-27,6.2018e-72,1.2779e-42
6.4525e-40,6.5589e-36,2.251e-54,2.7111e-43,1.0888e-37,1.8335e-39,5.584e-49,9.3859e-46,1.3053e-42,9.0751e-40,3.606e-39,3.8464e-45,5.3929e-36,4.9011e-44,4.3179e-48,2.2741e-46,7.188e-48,6.6721e-36,1.2801e-34,7.9571e-57,2.0437e-43,5.1854e-38,3.3846e-38,2.2398e-50,2.7236e-45,9.0329e-48,2.2475e-35,1.5613e-51,6.6235e-36,3.9254e-52,1.9929e-27,4.4889e-29,2.1109e-45,5.5342e-43,8.5488e-43,2.3496e-43,2.6278e-47,8.7861e-31,5.3259e-27,1.5889e-29,2.7407e-32,4.0791e-52,1.8686e-44,1.0826e-55,8.2047e-25,5.2186e-37,1,3.5272e-75,5.8444e-38,1.7827e-70,2.581e-24
3.7736e-89,7.7099e-86,1.9543e-99,1.4686e-88,4.4918e-85,3.0906e-82,6.4393e-92,1.928e-87,1.9958e-84,1.0101e-88,2.3693e-86,1.1012e-93,7.3802e-88,2.9498e-91,2.9285e-90,1.0513e-84,3.2031e-78,7.2854e-81,4.9327e-87,2.4534e-100,4.4589e-88,1.4833e-88,5.6479e-88,9.5959e-89,8.0596e-93,2.2591e-62,1.0265e-73,2.9272e-49,4.5336e-85,2.5848e-59,8.8893e-81,2.7045e-65,2.4581e-58,2.0165e-62,7.2789e-58,2.5343e-74,1.5955e-78,1.2447e-85,4.2848e-81,9.1761e-76,8.2154e-87,3.0941e-82,3.3932e-64,2.1568e-58,1.0857e-70,1.767e-74,3.5272e-75,1,7.9656e-56,1.1783e-69,7.9313e-72
5.2144e-45,2.0435e-39,1.4616e-58,5.2712e-44,2.6177e-39,1.3542e-36,5.0126e-51,1.6747e-40,1.8173e-39,1.2137e-42,1.1288e-39,8.2767e-48,3.8716e-41,1.2424e-46,4.5722e-48,1.1673e-41,7.1531e-40,3.4219e-33,5.1977e-41,2.4468e-59,7.0435e-43,1.9856e-41,2.2892e-42,8.178e-50,8.3488e-50,4.3623e-31,1.1045e-38,9.2748e-29,1.0743e-39,5.4985e-31,4.0327e-36,5.1893e-37,4.921e-34,1.6371e-25,3.824e-25,8.8979e-29,5.6109e-37,4.0067e-50,7.9913e-37,4.9761e-28,3.0587e-38,1.6724e-41,5.4898e-39,3.3277e-30,5.4605e-31,3.0643e-27,5.8444e-38,7.9656e-56,1,3.681e-61,4.5975e-39
7.7941e-90,1.8123e-78,3.6195e-100,4.7934e-88,6.1031e-82,3.0196e-78,2.3278e-94,8.9997e-82,2.5287e-79,5.4393e-84,1.1011e-83,1.4335e-88,7.468e-87,8.6194e-92,3.9127e-92,5.1884e-87,7.6037e-69,3.4351e-78,4.3304e-86,1.4387e-100,3.9102e-81,3.4446e-84,4.8489e-87,2.1706e-94,3.2459e-93,1.3806e-57,1.0947e-56,1.7597e-73,4.7407e-81,4.0817e-64,1.3478e-80,1.3839e-59,3.1573e-75,4.9414e-56,2.6211e-66,4.8781e-67,1.63e-77,1.3492e-68,9.6283e-77,7.5539e-69,2.7644e-78,4.0468e-88,4.4207e-41,1.7948e-66,1.3002e-62,6.2018e-72,1.7827e-70,1.1783e-69,3.681e-61,1,1.6254e-57
3.0381e-53,5.6685e-45,3.7993e-68,7.9572e-55,8.4532e-50,3.6567e-47,2.2901e-62,2.1172e-53,6.4024e-51,6.9937e-46,3.2441e-51,4.9447e-52,8.8689e-48,8.0022e-58,3.6919e-61,2.5436e-58,6.3774e-53,2.0148e-45,7.6219e-46,9.2592e-72,4.7081e-48,2.8475e-48,1.4269e-51,8.8725e-64,9.0429e-60,3.0672e-48,1.0176e-29,1.9607e-56,2.9655e-43,4.0925e-50,1.6151e-40,5.5499e-27,9.1546e-51,1.8917e-42,6.7471e-45,1.3485e-42,7.135e-49,5.4508e-33,1.1287e-36,7.4245e-35,2.0244e-39,4.5653e-60,2.6111e-32,2.902e-56,4.8254e-22,1.2779e-42,2.581e-24,7.9313e-72,4.5975e-39,1.6254e-57,1
