1,4.0689e-145,5.907e-199,1.1726e-16,1.3257e-198,7.4847e-105,3.1877e-140,1.8346e-68,1.5212e-171,1.0814e-22,1.4171e-05,6.0759e-162,1.255e-125,4.1436e-18,1.0579e-53,2.8747e-75,4.9706e-18,1.224e-157,1.4924e-199,1.7444e-172,1.0431e-16,1.4968e-88,3.9744e-153,2.2147e-116,5.3504e-82,2.699e-198,1.0877e-199,2.3454e-37,1.1679e-63,2.86e-197,2.4355e-19,8.907e-197,1.0915e-81,5.1179e-102,1.7512e-61,1.0339e-115,1.1113e-115,8.7762e-86,1.1811e-49,9.359e-69,1.9043e-195,2.2298e-30,4.2662e-13,2.3437e-41,6.6136e-09,1.4118e-126,3.5513e-51,1.2004e-93,1.9737e-65,1.2276e-60,3.3283e-38,5.5047e-198,3.3264e-95,1.3762e-201,1.4987e-156,1.2945e-155,2.5947e-85,5.6066e-100,5.5352e-39,1.5973e-57,3.9559e-100,3.7034e-101,1.9632e-128,5.2502e-53,9.1717e-223,4.5776e-167,4.7062e-99,1.2913e-157,1.0267e-16,4.2526e-73,3.0189e-33,2.1622e-07,6.4441e-167,2.9214e-36,2.2434e-82,4.4472e-68,3.6506e-13,1.3249e-32,1.2689e-33,7.7689e-55,2.8913e-195,2.5907e-165,3.7119e-14,9.2529e-90,7.5904e-35,3.2364e-138,4.3811e-113,7.6191e-23,5.5859e-14,3.1093e-192,2.5645e-84,4.4367e-123,1.9687e-34,3.4433e-199,8.3279e-90,2.4667e-46,8.5691e-54,1.483e-165,3.3204e-88,1.5438e-197,2.0211e-63,2.4822e-81,1.501e-81,4.3145e-196,5.822e-99,8.2605e-101,3.5952e-24,2.6037e-199,9.4838e-199,3.7594e-152,1.2782e-47,1.1538e-24,1.9451e-212,5.7274e-41,3.2962e-68,7.5285e-06,4.2025e-43,1.8159e-174,2.1936e-197,1.1965e-38,6.647e-20,2.9077e-146,1.0967e-199,1.4657e-198,2.7458e-45,3.2143e-35,1.6789e-132,1.1287e-08,1.9333e-62,6.4257e-196,5.5291e-198,5.8022e-194,8.7911e-33,1.0684e-85,9.3932e-39,1.3018e-199,4.173e-18,8.1166e-17,3.5348e-29,2.0411e-39,1.9042e-13,1.0882e-108,3.0489e-64
4.0689e-145,1,1.4331e-55,3.9401e-130,3.5259e-55,4.7663e-249,5.7104e-12,4.5194e-78,4.3085e-29,1.4389e-125,8.0998e-148,3.9976e-20,1.6714e-22,2.7437e-161,1.6448e-92,5.2792e-72,5.5302e-130,1.9206e-16,5.1588e-56,1.3189e-29,8.7811e-160,9.182e-58,4.1369e-13,5.9198e-32,1.952e-64,7.9537e-55,3.8271e-56,5.4497e-110,1.6833e-82,9.4953e-54,1.9289e-130,0,8.4908e-65,1.4455e-44,6.608e-85,9.8344e-32,3.1206e-31,1.6902e-60,9.9232e-98,1.1406e-212,5.0931e-52,2.2514e-116,1.4727e-154,1.0817e-105,9.5943e-152,4.1825e-21,4.0388e-195,2.9484e-53,2.7787e-81,1.0486e-85,2.8227e-182,1.8792e-54,4.0605e-51,4.7863e-58,1.2249e-15,4.3939e-15,2.8757e-61,7.5145e-47,6.2978e-108,5.8119e-89,1.3436e-46,7.6204e-46,1.9373e-19,2.499e-93,6.7476e-79,1.0078e-24,2.5456e-47,2.6125e-16,1.4925e-130,9.0345e-74,1.8931e-113,1.7312e-141,2.1584e-24,1.9216e-110,7.1046e-64,4.5398e-92,3.4402e-143,4.245e-119,1.478e-177,3.1162e-94,1.1428e-51,1.4466e-23,2.2956e-156,3.586e-58,7.0804e-114,1.4262e-11,8.3387e-34,1.9987e-166,2.4556e-157,2.0522e-48,2.159e-228,2.7438e-24,2.1596e-178,7.8696e-56,1.2259e-56,6.0381e-190,4.5222e-195,2.5307e-24,1.4074e-58,5.0403e-54,3.9022e-83,1.6266e-225,3.0601e-65,2.947e-53,2.0136e-47,7.7735e-46,1.3123e-167,4.002e-56,4.7408e-55,7.1457e-13,1.4151e-100,1.7761e-121,5.1758e-69,2.1475e-106,9.1877e-79,1.3852e-141,4.7025e-187,6.9481e-32,3.9422e-54,2.2441e-109,2.4647e-126,4.4021e-37,3.2287e-56,8.7219e-55,2.9775e-102,2.2548e-178,5.8845e-15,6.6579e-152,1.4001e-87,1.8183e-52,5.3956e-55,1.0349e-51,8.1091e-114,2.1793e-61,5.133e-176,3.2445e-56,2.1201e-128,8.8298e-130,6.0242e-117,7.8448e-182,6.615e-134,3.5815e-38,2.9207e-83
5.907e-199,1.4331e-55,1,7.162e-184,6.9846e-09,6.1669e-303,2.0617e-60,8.7878e-132,2.0686e-29,1.5093e-179,1.1316e-201,3.3346e-38,4.8009e-75,3.4219e-215,2.7054e-146,1.1461e-125,6.9099e-184,1.4258e-42,5.8389e-08,1.2468e-28,1.3103e-213,2.7398e-111,3.0277e-47,8.8451e-85,3.8806e-118,6.677e-08,8.6245e-07,6.5261e-164,2.6779e-136,3.3797e-07,2.2777e-184,0,3.2514e-118,4.7033e-98,1.847e-138,2.421e-84,2.021e-84,4.0182e-114,1.1701e-151,1.3233e-266,2.1194e-07,3.5126e-170,2.0304e-208,1.2346e-159,1.4178e-205,2.2694e-73,5.4781e-249,1.3067e-106,4.0566e-135,2.0648e-139,3.9449e-236,1.586e-09,7.4333e-105,5.8289e-08,1.1266e-43,1.2141e-44,1.2035e-114,2.3088e-100,6.7394e-162,1.0573e-142,3.2867e-100,6.2405e-99,1.1665e-71,4.5122e-147,5.4253e-26,2.7692e-33,7.5016e-101,2.0039e-42,2.0078e-184,2.0583e-127,2.9763e-167,3.5656e-195,2.1623e-33,2.4425e-164,2.0292e-117,1.0984e-143,5.0783e-197,8.4722e-173,2.0298e-231,8.6708e-148,7.722e-10,6.0805e-37,3.4225e-210,1.3648e-111,1.4067e-167,8.5039e-62,5.9526e-87,2.5936e-220,3.0783e-211,1.4666e-10,2.4363e-282,4.0295e-77,4.049e-232,8.8956e-07,3.9764e-110,6.3959e-244,8.7306e-249,1.7979e-37,3.0354e-112,5.925e-11,9.6181e-137,2.3212e-279,1.2867e-118,1.5658e-13,5.2912e-101,2.2865e-99,1.7879e-221,2.4004e-09,3.2202e-08,3.2797e-48,3.8783e-154,2.7089e-175,2.4651e-17,2.0026e-160,1.4293e-132,2.1794e-195,5.1577e-241,6.0425e-26,5.6844e-12,2.9048e-163,3.6768e-180,1.6021e-68,1.1637e-07,4.5315e-08,3.9137e-156,2.4585e-232,7.3289e-68,8.2242e-206,4.0244e-141,6.2285e-07,3.8041e-13,1.0418e-18,1.7375e-167,1.9477e-114,1.1264e-229,5.7745e-09,3.6772e-182,1.0691e-183,1.0366e-170,1.0286e-235,1.4246e-187,2.0331e-91,5.0887e-137
1.1726e-16,3.9401e-130,7.162e-184,1,1.5989e-183,6.6574e-120,3.5487e-125,1.6291e-53,1.7787e-156,5.1529e-13,4.8763e-19,7.6731e-147,1.1255e-110,1.0356e-32,9.2924e-39,1.6172e-60,2.1678e-09,1.5416e-142,1.7748e-184,1.8915e-157,4.3782e-31,1.7805e-73,4.6418e-138,1.4574e-101,4.0368e-67,3.2942e-183,1.3424e-184,6.0655e-24,1.0825e-48,3.5084e-182,5.9552e-13,8.2655e-212,1.2924e-66,5.3055e-87,2.3286e-46,1.2588e-100,1.2051e-100,9.6455e-71,1.2616e-35,8.4377e-84,2.3989e-180,3.3718e-16,1.4209e-26,2.4771e-27,5.8477e-23,1.6931e-111,3.6176e-66,1.3646e-78,1.2776e-50,1.0938e-45,3.4684e-53,6.0401e-183,3.183e-80,1.5863e-186,1.8309e-141,1.6109e-140,3.2074e-70,5.2614e-85,4.5017e-25,1.1209e-42,3.3274e-85,4.1982e-86,2.2127e-113,4.9299e-38,9.9653e-208,5.779e-152,4.9013e-84,1.6008e-142,8.9673e-08,3.7774e-58,1.0521e-18,1.0549e-12,7.6075e-152,2.4764e-22,2.7596e-67,1.6879e-55,6.1541e-19,7.1793e-22,1.2349e-48,7.4301e-41,3.0012e-180,2.4294e-150,3.8778e-28,4.9201e-75,1.0008e-21,3.9014e-123,4.7667e-98,1.2922e-37,9.0292e-29,3.2956e-177,1.9247e-99,4.6e-108,3.763e-49,4.4133e-184,9.791e-75,1.8636e-61,3.8611e-68,1.1081e-150,2.524e-73,1.6036e-182,2.2115e-48,2.5046e-96,2.0564e-66,4.4159e-181,5.8681e-84,7.7912e-86,5.2746e-39,3.0922e-184,1.0528e-183,4.5493e-137,2.0192e-33,3.5156e-10,2.3022e-197,1.6243e-27,1.5072e-53,1.1044e-12,2.946e-58,2.2675e-159,2.1827e-182,1.9303e-25,1.4202e-06,8.4519e-132,1.3138e-184,1.6398e-183,2.4387e-31,3.9668e-50,1.4853e-117,2.8628e-23,1.5993e-48,8.149e-181,6.2126e-183,4.9465e-179,8.8525e-18,1.6653e-70,1.2396e-51,1.5458e-184,2.7145e-05,4.6358e-07,3.0328e-14,4.7764e-54,4.7377e-06,1.0053e-93,9.9612e-50
1.3257e-198,3.5259e-55,6.9846e-09,1.5989e-183,1,1.4447e-302,5.3704e-60,2.02e-131,2.8717e-29,3.5431e-179,2.5766e-201,5.3534e-38,1.076e-74,8.1757e-215,6.0727e-146,2.8276e-125,1.7185e-183,2.428e-42,4.3927e-08,2.8094e-28,3.0129e-213,5.7809e-111,6.1307e-47,1.81e-84,8.1551e-118,1.5013e-08,2.8467e-07,1.415e-163,6.1711e-136,1.3949e-07,5.3948e-184,0,6.5681e-118,1.0592e-97,4.0277e-138,4.3061e-84,4.621e-84,9.0692e-114,2.6507e-151,3.1929e-266,2.4201e-08,8.0137e-170,4.6895e-208,2.9691e-159,3.1541e-205,4.3852e-73,1.2128e-248,3.032e-106,9.8246e-135,4.6143e-139,8.9542e-236,1.583e-09,1.8325e-104,3.7411e-09,1.9045e-43,2.3527e-44,2.5059e-114,5.2709e-100,1.6566e-161,2.3422e-142,8.1436e-100,1.2914e-98,2.4279e-71,1.0645e-146,2.2207e-26,3.6792e-33,1.6454e-100,2.9448e-42,4.5253e-184,5.2598e-127,7.3824e-167,7.6605e-195,3.2996e-33,5.3351e-164,4.3192e-117,2.6831e-143,1.1671e-196,1.9553e-172,4.4591e-231,1.8442e-147,1.8172e-10,1.6584e-36,7.5221e-210,3.117e-111,3.1929e-167,1.6917e-61,1.2041e-86,6.0389e-220,6.8609e-211,1.389e-10,5.6173e-282,9.0771e-77,9.0249e-232,8.9757e-08,8.6612e-110,1.4484e-243,1.9148e-248,3.2352e-37,6.8034e-112,2.0106e-11,2.2154e-136,5.3281e-279,3.0985e-118,6.578e-14,1.1423e-100,4.6588e-99,4.0538e-221,2.0456e-10,9.1342e-09,6.9413e-48,8.2489e-154,6.0291e-175,5.1956e-18,4.5281e-160,3.4218e-132,4.888e-195,1.176e-240,5.3838e-26,1.8547e-12,6.3635e-163,7.9828e-180,2.8127e-68,1.8248e-08,3.8384e-08,8.7329e-156,5.4319e-232,1.5612e-67,1.8548e-205,8.5348e-141,6.5311e-08,6.7022e-14,8.2907e-19,4.0185e-167,4.1043e-114,2.6583e-229,2.6092e-09,7.892e-182,2.4031e-183,2.2853e-170,2.3674e-235,3.1595e-187,3.7116e-91,1.1693e-136
7.4847e-105,4.7663e-249,6.1669e-303,6.6574e-120,1.4447e-302,1,4.1314e-244,3.0847e-172,1.6787e-275,7.2503e-125,4.3375e-102,6.4721e-266,1.6725e-229,8.8087e-89,1.5113e-157,7.2694e-179,3.0918e-120,1.3464e-261,1.5547e-303,1.8812e-276,2.4539e-90,1.6977e-192,4.3901e-257,3.632e-220,6.878e-186,2.8704e-302,1.1217e-303,1.8171e-140,1.5148e-167,2.9717e-301,3.1983e-120,7.3135e-93,1.2963e-185,6.1586e-206,2.4717e-165,1.2629e-219,1.2909e-219,1.0216e-189,6.9181e-153,6.3793e-38,1.9873e-299,9.02e-134,1.0177e-95,1.2105e-144,3.085e-98,1.5207e-230,4.3442e-55,1.8183e-197,4.4285e-169,1.8129e-164,1.1369e-67,5.7851e-302,3.9971e-199,1.3959e-305,1.6317e-260,1.4397e-259,3.2839e-189,7.8274e-204,2.4096e-142,2.7691e-161,5.2095e-204,4.715e-205,2.2205e-232,8.5958e-157,0,4.9811e-271,5.1532e-203,1.349e-261,1.6581e-119,8.9966e-177,1.0693e-136,1.2847e-108,6.6241e-271,9.1461e-140,2.477e-186,5.9829e-167,9.3896e-108,7.8166e-133,1.6636e-72,1.8258e-157,2.9199e-299,3.4829e-269,6.8436e-94,2.5243e-193,4.0826e-137,3.5443e-242,5.0495e-217,1.4085e-83,1.1682e-92,3.0985e-296,1.9961e-22,5.1362e-227,9.5158e-72,3.6187e-303,9.8648e-194,1.4666e-60,2.0855e-59,2.01e-269,5.3154e-192,1.7193e-301,3.4325e-167,9.2715e-25,2.3642e-185,5.3434e-300,6.5315e-203,1.0298e-204,1.4904e-82,2.8317e-303,9.7358e-303,4.2369e-256,1.5675e-150,1.9041e-128,2.2054e-316,4.3774e-144,8.1342e-172,2.4872e-108,5.341e-63,1.9124e-278,2.4506e-301,2.1135e-141,1.3408e-123,2.2774e-248,1.1513e-303,1.5037e-302,2.154e-148,3.6587e-72,1.8876e-236,5.4922e-98,8.4927e-165,6.7247e-300,7.1442e-302,8.9308e-298,2.4056e-136,1.6646e-189,3.8174e-79,1.4194e-303,1.3088e-121,3.6653e-120,5.2369e-133,1.386e-69,3.1629e-116,1.2288e-212,1.3394e-167
3.1877e-140,5.7104e-12,2.0617e-60,3.5487e-125,5.3704e-60,4.1314e-244,1,3.683e-73,1.2089e-33,7.7126e-121,6.7475e-143,2.2838e-24,5.5019e-19,2.1994e-156,1.3152e-87,3.2048e-67,4.1454e-125,1.2113e-20,8.4219e-61,1.8137e-34,7.0952e-155,6.8867e-53,6.9785e-17,1.3257e-28,9.6882e-60,1.4178e-59,6.596e-61,2.495e-105,1.2746e-77,1.6441e-58,1.0227e-125,0,7.3246e-60,7.5941e-40,6.5496e-80,3.3962e-27,1.2381e-26,1.3782e-55,3.869e-93,8.9909e-208,6.9271e-57,1.685e-111,1.1428e-149,5.7977e-101,7.3273e-147,9.5863e-17,3.1061e-190,2.5925e-48,1.7486e-76,7.5972e-81,2.3009e-177,1.9988e-59,2.2858e-46,5.3117e-63,9.3544e-20,1.6018e-18,2.8016e-56,2.8774e-42,3.1395e-103,3.8103e-84,4.226e-42,5.0168e-41,2.3421e-15,2.2361e-88,6.4955e-84,2.1279e-29,1.225e-42,1.704e-20,1.0906e-125,3.2396e-68,1.5537e-108,1.6345e-136,5.9124e-29,1.0822e-105,5.9207e-59,1.5631e-87,2.3728e-138,2.1236e-114,1.1054e-172,1.2998e-89,9.0552e-57,1.0014e-28,1.7119e-151,9.1498e-54,5.0861e-109,4.2012e-09,4.1162e-29,1.6623e-161,1.7295e-152,1.5151e-53,1.5743e-223,4.1104e-20,2.1742e-173,1.5803e-60,1.0504e-51,3.7855e-185,3.0804e-190,7.6559e-30,5.5898e-54,3.9353e-59,3.7307e-78,1.5028e-220,4.3382e-60,2.6252e-58,8.7436e-43,1.9841e-41,1.0391e-162,5.2411e-61,4.4002e-60,6.1673e-16,9.6723e-96,1.4288e-116,7.6073e-74,7.7104e-102,3.6976e-74,1.2058e-136,3.2096e-182,1.7966e-36,3.6916e-59,9.2632e-105,1.8064e-121,1.5039e-37,3.8619e-61,9.9695e-60,1.3166e-97,1.4366e-173,5.8335e-13,4.8e-147,4.0317e-83,2.8665e-57,6.3362e-60,1.0146e-56,8.9113e-109,3.3439e-56,3.0837e-171,4.8416e-61,1.691e-123,5.7498e-125,5.1376e-112,5.6152e-177,6.9204e-129,5.7292e-34,1.3678e-78
1.8346e-68,4.5194e-78,8.7878e-132,1.6291e-53,2.02e-131,3.0847e-172,3.683e-73,1,2.211e-104,1.1108e-49,4.1652e-71,7.6828e-95,8.0124e-59,1.3341e-84,5.0957e-17,7.0625e-14,1.4887e-53,1.4847e-90,2.5421e-132,2.2883e-105,4.3692e-83,2.8934e-22,4.717e-86,3.3432e-50,4.9005e-17,4.5861e-131,1.8361e-132,1.2898e-34,4.2754e-09,4.8948e-130,1.4593e-54,3.9167e-264,1.9152e-16,2.7408e-35,6.7916e-11,5.254e-49,9.2306e-49,1.4581e-19,9.2452e-24,5.9745e-136,2.9372e-128,3.5075e-40,5.2785e-78,1.9451e-30,4.1511e-75,1.3177e-59,2.1488e-118,1.6558e-27,3.3079e-10,5.1789e-12,1.6501e-105,8.7793e-131,1.4451e-28,2.0447e-134,1.7152e-89,1.7258e-88,1.6202e-19,1.5171e-33,2.1581e-32,9.4101e-15,7.3322e-34,8.577e-35,1.8405e-61,8.3494e-18,1.6446e-155,5.904e-100,2.1907e-32,1.5656e-90,3.7115e-54,6.109e-11,3.3471e-37,7.6749e-65,9.0086e-100,1.3194e-34,1.7813e-16,7.8734e-35,4.782e-67,1.2387e-44,6.8696e-101,3.3131e-23,4.2093e-128,2.8211e-98,7.7252e-80,1.3709e-25,1.2608e-38,3.9452e-71,3.1373e-46,1.0923e-89,1.0042e-80,5.2399e-125,1.1136e-151,3.4168e-56,1.3583e-101,5.412e-132,1.8404e-23,2.1375e-113,5.5249e-119,9.6355e-99,1.022e-22,2.224e-130,1.8504e-10,1.0956e-148,4.6354e-16,4.2677e-129,2.1419e-32,1.7929e-34,6.0566e-91,3.1703e-132,1.5334e-131,4.7376e-85,1.5648e-26,6.4561e-45,3.0672e-145,1.7754e-31,1.0658e-11,7.0971e-65,2.1793e-110,2.2632e-107,2.6045e-130,1.4227e-34,8.0171e-50,8.4221e-83,1.5377e-132,2.6817e-131,1.3717e-27,6.8616e-102,1.5281e-65,2.9769e-75,5.0988e-21,1.018e-128,6.6164e-131,4.8403e-127,2.4232e-37,2.7568e-20,1.2164e-100,1.9961e-132,6.8897e-52,2.5727e-53,2.0365e-40,2.033e-105,3.0077e-57,2.85e-42,3.2113e-14
1.5212e-171,4.3085e-29,2.0686e-29,1.7787e-156,2.8717e-29,1.6787e-275,1.2089e-33,2.211e-104,1,3.7684e-152,2.9934e-174,7.5249e-13,4.1978e-48,9.2104e-188,6.8311e-119,2.4253e-98,1.8491e-156,1.1256e-16,6.8065e-30,4.5836e-10,3.5128e-186,5.5066e-84,7.021e-21,5.8744e-58,7.2507e-91,9.4469e-29,7.3072e-30,1.4231e-136,6.4697e-109,1.4121e-27,5.426e-157,0,6.5264e-91,9.4881e-71,4.1708e-111,3.064e-57,3.4393e-57,8.8032e-87,2.4017e-124,3.648e-239,7.3275e-26,8.9879e-143,5.0625e-181,2.7474e-132,3.7299e-178,2.9098e-46,1.4651e-221,2.4638e-79,1.0508e-107,4.5943e-112,1.0614e-208,1.4067e-28,1.6048e-77,6.1503e-32,1.1397e-17,1.4523e-18,2.5382e-87,3.5482e-73,1.6359e-134,2.4226e-115,5.5722e-73,9.7414e-72,1.4732e-44,1.1151e-119,8.5182e-53,1.1301e-09,1.5187e-73,1.726e-16,4.8335e-157,4.7888e-100,7.7422e-140,8.6689e-168,2.2556e-09,6.1826e-137,4.3979e-90,2.8108e-117,1.3007e-169,1.7988e-145,5.1917e-204,1.5085e-120,3.2651e-26,3.0269e-15,8.4924e-183,1.7417e-84,3.2381e-140,7.3302e-35,9.2901e-60,7.0759e-193,7.9876e-184,6.2314e-23,6.5923e-255,4.9286e-50,1.0423e-204,1.7548e-29,8.3404e-83,1.6261e-216,1.8743e-221,7.4287e-17,5.5831e-85,7.8081e-29,2.0549e-109,6.4274e-252,2.9745e-91,1.9898e-28,1.0725e-73,3.8808e-72,4.7141e-194,2.9846e-30,3.3498e-29,6.2497e-22,7.6158e-127,6.891e-148,5.704e-43,4.3976e-133,2.7724e-105,5.6255e-168,1.3881e-213,3.1971e-09,5.0602e-29,5.9853e-136,9.1172e-153,5.3268e-48,3.0037e-30,6.397e-29,8.9119e-129,6.4195e-205,5.2171e-41,2.1545e-178,6.0131e-114,2.7268e-26,4.7752e-30,1.4313e-28,4.4331e-140,3.7034e-87,2.2e-202,3.0704e-30,8.9054e-155,2.6838e-156,2.5864e-143,2.5494e-208,3.5462e-160,2.8033e-64,9.9343e-110
1.0814e-22,1.4389e-125,1.5093e-179,5.1529e-13,3.5431e-179,7.2503e-125,7.7126e-121,1.1108e-49,3.7684e-152,1,4.0705e-25,1.2154e-142,3.8959e-106,5.763e-38,3.0788e-35,5.0732e-56,2.0932e-12,2.4645e-138,4.0565e-180,5.9295e-153,7.0282e-37,1.6447e-69,9.3454e-134,1.0928e-96,1.144e-62,7.278e-179,2.7725e-180,1.4818e-18,8.2891e-45,7.4248e-178,3.9041e-12,9.5309e-217,7.2167e-63,9.3914e-83,3.2797e-43,1.4464e-96,2.4208e-96,9.7132e-67,2.4925e-30,1.2109e-88,4.7008e-176,9.4893e-15,7.2068e-32,7.813e-23,7.0385e-29,2.526e-107,3.0095e-71,1.1693e-74,2.0732e-46,6.5087e-42,1.599e-58,1.8914e-178,7.3332e-76,4.124e-182,3.061e-137,2.6407e-136,1.6367e-66,1.1587e-80,3.4756e-20,8.8825e-39,1.1287e-80,4.253e-82,3.9728e-109,9.2813e-35,3.5268e-203,9.6502e-148,8.5934e-80,2.6979e-138,2.6792e-11,3.3392e-54,3.6772e-17,6.1383e-21,1.5997e-147,7.6999e-18,1.8952e-63,4.6122e-52,9.0687e-23,5.0576e-19,1.0065e-53,1.3115e-36,1.0803e-175,1.105e-145,2.1382e-33,2.5823e-70,1.8849e-19,6.5315e-119,9.425e-94,5.8838e-43,9.5849e-34,1.2401e-172,4.1191e-104,1.1203e-103,3.4203e-55,7.8261e-180,8.9883e-71,8.7389e-66,1.6883e-72,8.7713e-146,7.9279e-69,5.9719e-178,6.122e-45,1.5871e-101,5.724e-63,1.4808e-176,1.1675e-79,1.7903e-81,5.3968e-44,6.7868e-180,3.3717e-179,7.5275e-133,4.3436e-30,6.9824e-11,5.6789e-193,2.0645e-21,5.9886e-49,8.7876e-20,7.2058e-63,3.7539e-155,8.5313e-178,2.7931e-20,1.1848e-09,2.0933e-127,2.986e-180,5.09e-179,1.375e-26,1.4255e-54,7.7631e-113,1.981e-28,8.1674e-44,1.5554e-176,1.8121e-178,2.2286e-174,6.7024e-18,2.9145e-67,2.187e-55,3.6135e-180,2.3787e-11,1.8053e-09,6.7166e-14,1.4826e-58,6.056e-16,2.8333e-89,5.0425e-45
1.4171e-05,8.0998e-148,1.1316e-201,4.8763e-19,2.5766e-201,4.3375e-102,6.7475e-143,4.1652e-71,2.9934e-174,4.0705e-25,1,1.1891e-164,2.5419e-128,2.5183e-15,2.3366e-56,6.5833e-78,3.5813e-20,2.3818e-160,2.9171e-202,3.3897e-175,5.963e-14,3.0621e-91,7.8566e-156,4.2018e-119,1.027e-84,5.3039e-201,2.1197e-202,5.1519e-40,2.512e-66,5.6128e-200,1.9073e-21,5.0681e-194,2.1634e-84,1.052e-104,3.8828e-64,2.0789e-118,2.2643e-118,1.836e-88,2.6766e-52,5.6756e-66,3.6929e-198,6.2061e-33,8.3099e-11,5.7594e-44,1.8639e-06,2.7924e-129,2.1306e-48,2.5808e-96,4.7755e-68,2.6708e-63,2.1309e-35,1.0727e-200,6.9257e-98,2.5973e-204,2.8976e-159,2.584e-158,5.3896e-88,1.1192e-102,1.2911e-41,3.4057e-60,7.9178e-103,7.3956e-104,3.9279e-131,1.2054e-55,1.7699e-225,8.9472e-170,9.2909e-102,2.5019e-160,5.1852e-19,1.0467e-75,9.4717e-36,7.3541e-09,1.2441e-169,6.2344e-39,4.5942e-85,2.1068e-70,1.1713e-13,8.0659e-35,6.8539e-31,1.6987e-57,5.3963e-198,5.1795e-168,7.187e-12,1.9551e-92,2.853e-37,6.461e-141,8.9833e-116,6.1776e-20,1.8798e-11,5.9833e-195,1.4165e-81,8.6792e-126,1.3045e-31,6.709e-202,1.7464e-92,1.1758e-43,2.8458e-51,2.7319e-168,6.8924e-91,2.9694e-200,4.6574e-66,1.4973e-78,3.5136e-84,8.1195e-199,1.1441e-101,1.6123e-103,2.0857e-21,4.8577e-202,1.8444e-201,7.4679e-155,3.1937e-50,3.0015e-27,3.8032e-215,1.2456e-43,6.744e-71,1.6866e-07,2.3472e-40,3.4459e-177,4.0641e-200,2.8538e-41,1.6724e-22,7.1743e-149,2.0802e-202,2.8757e-201,6.4436e-48,1.4504e-32,3.2476e-135,4.264e-06,5.4173e-65,1.2574e-198,1.0873e-200,1.1037e-196,2.5196e-35,2.3362e-88,1.2586e-36,2.5502e-202,1.1623e-20,2.4705e-19,8.6349e-32,8.9575e-37,1.2223e-15,1.9807e-111,7.2197e-67
6.0759e-162,3.9976e-20,3.3346e-38,7.6731e-147,5.3534e-38,6.4721e-266,2.2838e-24,7.6828e-95,7.5249e-13,1.2154e-142,1.1891e-164,1,1.0093e-38,3.4767e-178,2.8003e-109,8.5031e-89,6.5473e-147,1.3957e-07,8.8201e-39,9.8177e-14,1.3406e-176,2.8715e-74,1.2125e-11,1.2293e-48,3.0789e-81,1.6146e-37,1.0228e-38,4.6686e-127,2.726e-99,2.3268e-36,1.7429e-147,0,3.4405e-81,3.5292e-61,2.0235e-101,1.835e-47,1.4426e-47,4.173e-77,7.9567e-115,1.3117e-229,1.6515e-34,3.3961e-133,1.9545e-171,1.0008e-122,1.4464e-168,1.9811e-36,5.2905e-212,1.1623e-69,3.2684e-98,2.0166e-102,4.0772e-199,1.5799e-37,6.2346e-68,8.3815e-41,9.1318e-09,4.0174e-09,1.3061e-77,1.3966e-63,5.8805e-125,1.002e-105,2.0846e-63,5.7577e-62,6.7767e-35,4.8435e-110,4.9625e-62,3.7042e-08,6.618e-64,1.2298e-06,1.9106e-147,1.7274e-90,3.1045e-130,3.9078e-158,6.714e-08,2.044e-127,2.2589e-80,5.8012e-108,4.1066e-160,4.7006e-136,2.0341e-194,4.4173e-111,5.9099e-35,1.52e-13,3.3229e-173,5.2963e-75,1.1208e-130,4.8349e-25,4.2688e-50,2.6578e-183,3.0393e-174,8.3644e-32,2.3874e-245,2.2629e-40,4.4854e-195,3.5493e-38,4.1683e-73,5.7703e-207,5.9952e-212,6.7081e-16,1.8148e-75,1.4332e-37,1.0752e-99,2.4823e-242,1.4356e-81,1.0589e-36,4.5591e-64,1.5993e-62,1.7238e-184,8.1469e-39,3.4979e-38,2.6124e-12,2.7881e-117,2.8277e-138,6.6067e-52,1.2961e-123,9.8412e-96,2.3456e-158,4.982e-204,3.6951e-14,1.238e-37,1.8709e-126,3.7593e-143,1.72e-42,7.248e-39,6.1738e-38,2.7127e-119,2.2037e-195,1.2518e-31,8.2067e-169,1.3831e-104,6.0456e-35,1.4355e-38,1.5539e-36,1.9583e-130,2.2921e-77,6.3274e-193,4.951e-39,3.8638e-145,1.0178e-146,1.1222e-133,8.7192e-199,1.6081e-150,1.2586e-54,2.9104e-100
1.255e-125,1.6714e-22,4.8009e-75,1.1255e-110,1.076e-74,1.6725e-229,5.5019e-19,8.0124e-59,4.1978e-48,3.8959e-106,2.5419e-128,1.0093e-38,1,8.5612e-142,3.9043e-73,5.7092e-53,1.6307e-110,1.214e-34,1.5744e-75,9.007e-49,2.7694e-140,1.017e-38,2.8031e-30,3.5227e-16,3.3342e-45,2.5072e-74,1.0972e-75,1.5166e-90,3.5633e-63,2.7424e-73,5.2772e-111,1.9763e-321,1.2068e-45,7.4344e-26,1.3431e-65,3.215e-15,4.5961e-14,2.0161e-41,2.1042e-78,3.8345e-193,1.6266e-71,6.4239e-97,4.6698e-135,2.4921e-86,3.007e-132,1.4698e-10,1.39e-175,1.3264e-34,6.3269e-62,2.1022e-66,9.4604e-163,6.0339e-74,3.6287e-32,1.4068e-77,1.27e-33,1.1716e-32,2.8841e-42,3.2129e-28,1.6066e-88,1.3444e-69,5.1024e-28,2.0848e-27,1.1296e-10,5.8556e-74,1.6247e-98,1.1031e-43,1.9885e-28,1.7516e-34,4.38e-111,1.3759e-54,5.0056e-94,5.0672e-122,2.1815e-43,5.3389e-91,9.9515e-45,3.5556e-74,9.3426e-124,6.4435e-100,4.8396e-158,3.4993e-75,3.3304e-71,3.7552e-42,7.4016e-137,1.6856e-39,1.4104e-94,1.2545e-16,2.7558e-16,6.4529e-147,7.7622e-138,5.082e-68,7.509e-209,1.3325e-10,6.8704e-159,2.527e-75,1.1711e-37,2.0476e-170,1.3576e-175,1.9555e-42,1.8257e-39,1.6072e-73,7.0718e-64,5.5682e-206,3.0685e-46,1.4905e-72,1.2161e-28,1.9875e-27,4.5318e-148,1.3736e-75,1.2281e-74,1.603e-29,2.5322e-81,5.2178e-102,1.7967e-88,5.4572e-87,1.4639e-59,4.2678e-122,1.6049e-167,5.6548e-51,1.8122e-73,5.1669e-90,7.3394e-107,1.5255e-40,9.7195e-76,2.3276e-74,5.972e-83,6.8964e-159,2.4016e-11,2.1631e-132,9.143e-69,5.4151e-72,2.4537e-74,1.381e-70,2.023e-94,1.478e-42,1.1432e-156,1.0911e-75,6.1844e-109,2.7409e-110,1.6962e-97,2.5311e-162,1.8627e-114,4.2184e-20,5.1792e-64
4.1436e-18,2.7437e-161,3.4219e-215,1.0356e-32,8.1757e-215,8.8087e-89,2.1994e-156,1.3341e-84,9.2104e-188,5.763e-38,2.5183e-15,3.4767e-178,8.5612e-142,1,6.1577e-70,2.3124e-91,4.2694e-33,7.0928e-174,9.2919e-216,1.0933e-188,1.4556e-08,8.3346e-105,2.4079e-169,1.5531e-132,3.1026e-98,1.6962e-214,6.5406e-216,3.2898e-53,7.1898e-80,1.7494e-213,6.9256e-34,1.1623e-180,5.6136e-98,3.2907e-118,9.2872e-78,5.6601e-132,7.0912e-132,5.184e-102,1.4409e-65,9.6151e-53,1.1164e-211,2.1815e-46,1.0139e-11,2.8751e-57,2.3142e-12,8.1654e-143,2.0533e-35,7.9791e-110,1.6642e-81,7.0508e-77,1.1584e-22,3.4752e-214,2.1772e-111,8.1092e-218,8.6686e-173,7.8321e-172,1.3963e-101,3.9075e-116,5.8614e-55,1.036e-73,2.721e-116,2.0348e-117,1.2334e-144,3.4008e-69,5.8927e-239,2.6242e-183,2.7167e-115,7.2079e-174,2.5332e-32,3.484e-89,2.7453e-49,4.2811e-22,3.7291e-183,2.363e-52,1.1922e-98,1.0181e-82,7.1792e-23,6.0718e-47,1.6113e-18,1.3112e-70,1.8092e-211,1.816e-181,7.6027e-11,8.2976e-106,2.1063e-50,1.947e-154,2.7086e-129,7.4872e-09,1.6048e-08,1.9698e-208,2.7939e-68,2.7475e-139,1.8385e-19,2.013e-215,4.9046e-106,9.4825e-31,1.9421e-39,9.7711e-182,2.3316e-104,1.0056e-213,1.2484e-79,2.3919e-65,9.6047e-98,2.6557e-212,3.4372e-115,4.9226e-117,1.51e-10,1.4836e-215,5.9365e-215,2.2685e-168,1.6386e-63,5.8352e-41,1.2175e-228,8.375e-57,2.8585e-84,2.88e-21,2.3258e-27,1.0084e-190,1.301e-213,2.2644e-54,3.3768e-36,5.7885e-162,6.4181e-216,9.5277e-215,3.6788e-61,2.5558e-20,1.111e-148,1.4061e-11,4.14e-78,3.8192e-212,3.6142e-214,4.1832e-210,5.9494e-49,5.7601e-102,2.4882e-28,8.1695e-216,2.3192e-34,8.5087e-33,1.6545e-45,7.2798e-25,2.6155e-29,5.8889e-125,2.8123e-80
1.0579e-53,1.6448e-92,2.7054e-146,9.2924e-39,6.0727e-146,1.5113e-157,1.3152e-87,5.0957e-17,6.8311e-119,3.0788e-35,2.3366e-56,2.8003e-109,3.9043e-73,6.1577e-70,1,3.2021e-24,5.5401e-39,5.374e-105,7.4672e-147,7.8819e-120,2.0757e-68,5.0593e-36,1.7456e-100,3.1768e-64,6.7569e-30,1.3556e-145,5.5444e-147,7.1357e-21,6.694e-12,1.4682e-144,3.2048e-40,1.7606e-249,1.9179e-29,1.6321e-49,2.4411e-10,3.3166e-63,4.2422e-63,2.9304e-33,5.805e-13,2.7656e-121,9.0892e-143,1.4759e-25,2.568e-63,8.7605e-17,2.3401e-60,5.7239e-74,1.0037e-103,2.9375e-41,1.1983e-14,3.9384e-10,8.4518e-91,2.6243e-145,1.2307e-42,6.421e-149,6.3613e-104,5.9381e-103,5.6611e-33,1.3386e-47,2.1732e-18,1.068e-08,8.4558e-48,8.9063e-49,7.8075e-76,3.2579e-06,4.5453e-170,2.0574e-114,1.6849e-46,5.679e-105,2.1472e-39,1.4025e-21,1.2136e-22,4.6159e-50,2.9777e-114,2.1668e-20,7.2171e-30,5.1646e-34,1.1726e-52,9.6487e-32,3.7968e-86,2.1427e-16,1.2682e-142,9.5052e-113,3.8206e-65,1.9197e-38,5.2573e-25,1.5078e-85,1.7874e-60,5.5248e-75,5.2063e-66,1.5379e-139,5.4954e-137,1.628e-70,7.3903e-87,1.6974e-146,2.7328e-37,1.1106e-98,1.4217e-104,4.0279e-113,3.941e-36,6.6941e-145,3.299e-12,5.4777e-134,3.2011e-29,1.4384e-143,1.9648e-46,1.9234e-48,2.9563e-76,1.0616e-146,4.6189e-146,1.7185e-99,2.3348e-15,4.4e-30,8.8964e-160,2.629e-18,6.2781e-18,4.3466e-50,1.1114e-95,8.0618e-122,8.3136e-145,2.7881e-21,5.3579e-35,4.1819e-96,5.175e-147,7.5822e-146,6.1352e-16,3.2421e-87,6.4396e-80,1.7199e-60,2.0075e-19,3.2181e-143,2.0339e-145,1.555e-141,1.0496e-22,1.7776e-33,1.9198e-86,6.1505e-147,4.9527e-37,1.4642e-38,1.3853e-25,7.3272e-91,1.7852e-42,2.5827e-56,6.7038e-16
2.8747e-75,5.2792e-72,1.1461e-125,1.6172e-60,2.8276e-125,7.2694e-179,3.2048e-67,7.0625e-14,2.4253e-98,5.0732e-56,6.5833e-78,8.5031e-89,5.7092e-53,2.3124e-91,3.2021e-24,1,2.1022e-60,1.4585e-84,3.7535e-126,3.3339e-99,7.4364e-90,3.4083e-18,5.1236e-80,2.6964e-44,1.0924e-13,6.293e-125,2.5659e-126,6.0047e-41,1.0992e-15,6.8064e-124,4.7531e-61,1.0057e-270,3.0938e-14,3.8812e-30,2.5241e-18,1.7448e-43,4.1926e-43,4.7227e-16,1.281e-29,1.4307e-142,4.0394e-122,4.3547e-47,8.8005e-85,8.872e-37,7.3597e-82,7.8716e-54,4.5348e-125,2.5264e-23,8.6729e-16,1.4926e-18,3.1567e-112,1.4638e-124,1.2506e-23,3.3071e-128,1.5423e-83,1.5528e-82,1.642e-16,1.874e-28,1.1399e-38,2.9166e-21,2.2539e-28,9.5479e-30,1.3331e-55,4.3091e-25,3.0261e-149,6.4066e-94,2.7257e-27,1.6454e-84,7.3738e-61,6.0509e-13,3.3246e-44,9.182e-72,1.1232e-93,3.8606e-41,8.3036e-14,1.4703e-37,9.4516e-74,5.2484e-51,1.5885e-107,1.1241e-28,7.5401e-122,4.1833e-92,1.7744e-86,7.7391e-21,2.5786e-45,3.0421e-65,1.1971e-40,1.9562e-96,2.2749e-87,9.3325e-119,3.0807e-158,2.7315e-50,2.1016e-108,7.1197e-126,2.2644e-19,6.7647e-120,1.5327e-125,2.1954e-92,2.2311e-18,3.9266e-124,5.3711e-17,2.2983e-155,8.5215e-15,6.7555e-123,3.6336e-27,3.7578e-29,1.274e-97,5.0263e-126,2.6498e-125,4.4622e-79,5.8254e-33,7.5751e-52,4.6948e-139,1.4525e-37,9.0576e-15,9.6643e-72,5.8901e-117,2.6886e-101,5.0473e-124,1.0382e-40,1.2256e-56,1.9091e-77,2.4785e-126,4.2457e-125,4.4095e-34,2.0453e-108,2.1541e-59,6.0971e-82,6.8213e-25,1.3482e-122,1.0679e-124,7.7715e-121,1.2585e-44,7.3404e-18,4.9362e-107,2.9774e-126,9.6219e-59,5.1073e-60,1.8826e-47,5.1783e-112,2.7803e-64,1.6866e-36,3.1587e-18
4.9706e-18,5.5302e-130,6.9099e-184,2.1678e-09,1.7185e-183,3.0918e-120,4.1454e-125,1.4887e-53,1.8491e-156,2.0932e-12,3.5813e-20,6.5473e-147,1.6307e-110,4.2694e-33,5.5401e-39,2.1022e-60,1,1.298e-142,2.0475e-184,2.2528e-157,7.3955e-32,1.2158e-73,4.6226e-138,2.1005e-101,3.7387e-67,3.6336e-183,1.4237e-184,1.201e-23,8.435e-49,3.8134e-182,1.2402e-12,4.1501e-212,6.0426e-67,5.8923e-87,7.1627e-47,8.5907e-101,1.2719e-100,8.0092e-71,3.0578e-35,5.3685e-84,2.2472e-180,5.3518e-17,4.7112e-27,4.7819e-27,3.3038e-24,1.3955e-111,1.2117e-66,1.1084e-78,2.7382e-50,5.6224e-46,9.0565e-54,7.8476e-183,4.1379e-80,1.6651e-186,1.6221e-141,1.5499e-140,1.6776e-70,6.4558e-85,6.7481e-25,6.1401e-43,4.3831e-85,2.6466e-86,2.1913e-113,2.6271e-38,1.3786e-207,4.9553e-152,4.4093e-84,1.3152e-142,2.8554e-09,3.389e-58,2.0683e-19,9.6563e-16,7.5278e-152,1.8276e-22,1.548e-67,1.2968e-55,5.9764e-19,1.9912e-21,2.7529e-49,6.7121e-41,3.7369e-180,3.8169e-150,4.4206e-29,7.5763e-75,5.7282e-22,3.9207e-123,4.8411e-98,4.831e-38,1.7184e-29,4.5044e-177,1.0502e-99,4.775e-108,4.0861e-50,4.1188e-184,7.0651e-75,1.0949e-61,2.0486e-68,1.8852e-150,3.4927e-73,2.1147e-182,1.0457e-48,9.0801e-97,1.3109e-66,4.5971e-181,5.5235e-84,6.7057e-86,1.8319e-39,2.7472e-184,1.3072e-183,4.3603e-137,9.4903e-34,5.731e-12,2.5059e-197,6.9573e-27,2.0144e-53,9.5293e-15,1.5406e-58,1.8526e-159,2.6534e-182,2.9699e-25,1.3947e-09,1.3873e-131,1.2799e-184,2.259e-183,3.4392e-31,2.493e-50,2.2192e-117,4.9568e-24,3.6874e-48,7.9082e-181,7.161e-183,8.6967e-179,3.4215e-19,5.7858e-71,4.7174e-52,1.6827e-184,9.9406e-10,1.5912e-08,6.768e-16,3.9465e-54,7.3714e-11,7.7286e-94,1.8444e-49
1.224e-157,1.9206e-16,1.4258e-42,1.5416e-142,2.428e-42,1.3464e-261,1.2113e-20,1.4847e-90,1.1256e-16,2.4645e-138,2.3818e-160,1.3957e-07,1.214e-34,7.0928e-174,5.374e-105,1.4585e-84,1.298e-142,1,3.4292e-43,1.0919e-17,2.7254e-172,5.2379e-70,4.0431e-09,1.9706e-44,5.6913e-77,6.0597e-42,3.5675e-43,9.7981e-123,5.2861e-95,7.8899e-41,3.6827e-143,0,6.2518e-77,6.5632e-57,3.6949e-97,3.0276e-43,2.2302e-43,7.3533e-73,1.5433e-110,2.7156e-225,6.853e-39,7.0911e-129,3.9416e-167,2.033e-118,3.0322e-164,2.7036e-32,1.1547e-207,1.8282e-65,6.2138e-94,3.9612e-98,8.5029e-195,6.4709e-42,1.1006e-63,3.2727e-45,3.9888e-07,1.0595e-07,2.2224e-73,2.6336e-59,1.1486e-120,1.9098e-101,3.7684e-59,9.1034e-58,9.9474e-31,9.1062e-106,2.236e-66,8.9867e-12,1.319e-59,9.4753e-06,3.8521e-143,3.2813e-86,6.0216e-126,7.6398e-154,7.557e-12,4.2626e-123,4.084e-76,8.1085e-104,7.9467e-156,8.6578e-132,4.2195e-190,8.5029e-107,3.1213e-39,3.8337e-15,6.903e-169,9.0847e-71,2.1658e-126,4.8981e-21,6.11e-46,5.4137e-179,6.3246e-170,4.3301e-36,5.0622e-241,3.3608e-36,8.7342e-191,1.1496e-42,6.9361e-69,1.2523e-202,1.157e-207,4.4839e-17,3.455e-71,9.5012e-42,1.754e-95,5.0137e-238,2.2554e-77,5.5644e-41,8.7598e-60,2.9681e-58,3.5829e-180,3.7204e-43,1.6038e-42,6.8965e-10,5.2668e-113,5.6741e-134,2.9169e-56,2.8663e-119,1.8855e-91,4.6652e-154,1.0585e-199,1.9619e-18,9.17e-42,4.2302e-122,7.6304e-139,1.8427e-40,2.8713e-43,2.6811e-42,5.8655e-115,4.7574e-191,1.8403e-27,1.7018e-164,2.5274e-100,2.273e-39,1.0222e-42,2.2314e-40,3.6257e-126,3.5555e-73,1.2561e-188,1.8872e-43,7.6962e-141,2.1306e-142,2.205e-129,1.8282e-194,3.0402e-146,2.5406e-50,6.1163e-96
1.4924e-199,5.1588e-56,5.8389e-08,1.7748e-184,4.3927e-08,1.5547e-303,8.4219e-61,2.5421e-132,6.8065e-30,4.0565e-180,2.9171e-202,8.8201e-39,1.5744e-75,9.2919e-216,7.4672e-147,3.7535e-126,2.0475e-184,3.4292e-43,1,5.4803e-29,3.3682e-214,7.026e-112,8.5473e-48,1.998e-85,9.8641e-119,1.6162e-06,3.9312e-05,1.5955e-164,7.4954e-137,8.4472e-06,5.782e-185,0,7.7251e-119,1.3513e-98,4.6666e-139,5.2744e-85,6.2478e-85,1.1787e-114,3.023e-152,3.4943e-267,5.8117e-08,8.9924e-171,5.2207e-209,3.4367e-160,3.3488e-206,5.6937e-74,1.3029e-249,4.0476e-107,1.3612e-135,5.2496e-140,9.6534e-237,1.4795e-08,2.3706e-105,9.2753e-08,2.3532e-44,4.349e-45,3.1608e-115,7.0893e-101,1.9023e-162,2.7385e-143,9.7713e-101,1.5346e-99,3.2432e-72,1.2817e-147,5.3705e-25,6.0685e-34,1.9632e-101,4.5569e-43,5.0096e-185,6.4622e-128,8.6901e-168,8.3964e-196,7.0597e-34,5.9732e-165,5.2247e-118,3.4221e-144,1.3612e-197,2.3419e-173,4.7382e-232,2.077e-148,1.0257e-09,3.4264e-37,8.108e-211,3.8601e-112,3.8567e-168,2.6885e-62,1.6509e-87,6.9085e-221,7.4486e-212,2.5714e-10,5.9628e-283,1.2017e-77,9.9769e-233,3.8981e-06,1.1122e-110,1.5719e-244,2.0196e-249,4.2463e-38,8.0802e-113,1.2917e-10,2.7859e-137,5.9003e-280,4.2313e-119,1.8744e-14,1.3824e-101,5.4046e-100,4.3509e-222,5.5204e-10,1.7419e-07,1.2744e-48,9.5024e-155,6.9214e-176,1.1037e-16,4.9338e-161,4.0366e-133,5.4827e-196,1.2713e-241,1.101e-26,5.1213e-12,6.8635e-164,8.7707e-181,5.1334e-69,1.043e-07,3.469e-06,9.7985e-157,6.0947e-233,2.0756e-68,2.0321e-206,1.2491e-141,4.131e-07,1.8172e-13,2.1816e-18,4.7907e-168,5.1974e-115,2.7964e-230,3.382e-08,8.6201e-183,2.6467e-184,2.5948e-171,2.6138e-236,3.6106e-188,3.8554e-92,1.2885e-137
1.7444e-172,1.3189e-29,1.2468e-28,1.8915e-157,2.8094e-28,1.8812e-276,1.8137e-34,2.2883e-105,4.5836e-10,5.9295e-153,3.3897e-175,9.8177e-14,9.007e-49,1.0933e-188,7.8819e-120,3.3339e-99,2.2528e-157,1.0919e-17,5.4803e-29,1,3.6031e-187,6.1835e-85,1.4998e-21,1.7673e-58,1.0968e-91,8.9225e-28,5.2924e-29,2.2906e-137,7.9703e-110,1.08e-26,7.7302e-158,0,6.9864e-92,1.1681e-71,4.1716e-112,3.0625e-58,4.4379e-58,1.0382e-87,4.3515e-125,4.3229e-240,4.9579e-25,1.0197e-143,6.2152e-182,4.2356e-133,4.0786e-179,3.4715e-47,1.6037e-222,2.5848e-80,1.3301e-108,5.6114e-113,1.1352e-209,2.6314e-27,2.3332e-78,7.469e-31,1.0088e-18,1.8848e-19,2.5051e-88,6.1408e-74,2.494e-135,3.099e-116,9.7012e-74,1.0804e-72,1.7875e-45,1.2704e-120,1.1884e-51,8.9442e-11,1.8898e-74,2.1996e-17,6.2569e-158,5.5949e-101,8.537e-141,8.6448e-169,6.1426e-10,7.7009e-138,4.9102e-91,5.4547e-118,1.5102e-170,2.3569e-146,6.1698e-205,1.9933e-121,7.3672e-25,2.2061e-14,9.7533e-184,3.4048e-85,4.209e-141,8.4234e-36,1.3545e-60,8.0197e-194,9.6209e-185,1.9348e-21,8.1579e-256,7.4595e-51,1.0326e-205,1.0829e-28,9.926e-84,2.2052e-217,2.2913e-222,1.4647e-15,8.944e-86,1.676e-27,2.4535e-110,6.7123e-253,2.6855e-92,2.6389e-27,1.4245e-74,5.141e-73,5.6664e-195,2.7415e-29,6.6549e-28,1.0548e-22,9.2755e-128,7.9699e-149,5.4403e-42,7.9729e-134,4.3644e-106,6.2169e-169,1.7625e-214,2.1083e-09,9.6035e-28,9.8766e-137,1.0959e-153,3.2918e-48,3.8379e-29,9.5138e-28,1.2753e-129,8.1526e-206,1.8735e-41,2.652e-179,1.0096e-114,2.2711e-25,6.002e-29,2.1216e-27,4.3173e-141,2.9653e-88,3.1947e-203,2.3758e-29,1.0159e-155,3.5011e-157,2.8713e-144,3.2752e-209,3.4787e-161,4.6338e-65,1.4385e-110
1.0431e-16,8.7811e-160,1.3103e-213,4.3782e-31,3.0129e-213,2.4539e-90,7.0952e-155,4.3692e-83,3.5128e-186,7.0282e-37,5.963e-14,1.3406e-176,2.7694e-140,1.4556e-08,2.0757e-68,7.4364e-90,7.3955e-32,2.7254e-172,3.3682e-214,3.6031e-187,1,3.1067e-103,8.5732e-168,4.5188e-131,1.0026e-96,6.1014e-213,2.4296e-214,6.5694e-52,2.3198e-78,6.4044e-212,1.2974e-32,3.3424e-182,2.2185e-96,1.1141e-116,3.7907e-76,2.3013e-130,2.3963e-130,1.8353e-100,3.2795e-64,2.1583e-54,4.3088e-210,5.8928e-45,2.604e-11,6.5568e-56,7.2226e-11,2.9806e-141,6.9405e-37,2.7491e-108,5.6892e-80,2.5938e-75,4.8748e-24,1.2168e-212,6.9728e-110,2.9958e-216,3.314e-171,2.9157e-170,5.4652e-100,1.2334e-114,1.2787e-53,3.2073e-72,8.2396e-115,8.0287e-116,4.3803e-143,1.1027e-67,2.0089e-237,1.028e-181,9.6948e-114,2.8012e-172,4.7538e-31,1.02e-87,8.7265e-48,2.8753e-20,1.3778e-181,5.7299e-51,4.4971e-97,2.6729e-81,3.3569e-22,6.0802e-46,5.3897e-20,3.932e-69,6.0188e-210,5.9566e-180,3.7644e-10,2.2621e-104,5.9925e-49,7.1257e-153,9.1288e-128,2.1861e-10,2.6515e-08,6.6653e-207,6.1026e-70,9.2906e-138,1.5897e-20,7.7516e-214,1.721e-104,1.5483e-32,9.3246e-41,3.057e-180,7.3271e-103,3.3592e-212,4.4116e-78,7.3346e-67,3.6643e-96,9.4307e-211,1.1727e-113,1.7086e-115,5.3982e-12,5.6922e-214,2.0693e-213,8.3118e-167,4.938e-62,2.0006e-39,4.4162e-227,1.4799e-55,7.4292e-83,1.0452e-19,4.0868e-29,3.9769e-189,4.6448e-212,4.2616e-53,1.1106e-34,1.7694e-160,2.4337e-214,3.2502e-213,8.2004e-60,4.9123e-22,3.4567e-147,1.1391e-10,8.8485e-77,1.4561e-210,1.2833e-212,1.3675e-208,2.3094e-47,2.5604e-100,1.4192e-29,3.0029e-214,9.0303e-33,1.9551e-31,6.2593e-44,1.5555e-26,1.4211e-27,2.1151e-123,8.5527e-79
1.4968e-88,9.182e-58,2.7398e-111,1.7805e-73,5.7809e-111,1.6977e-192,6.8867e-53,2.8934e-22,5.5066e-84,1.6447e-69,3.0621e-91,2.8715e-74,1.017e-38,8.3346e-105,5.0593e-36,3.4083e-18,1.2158e-73,5.2379e-70,7.026e-112,6.1835e-85,3.1067e-103,1,1.4173e-65,1.2492e-30,2.632e-10,1.2856e-110,5.4756e-112,4.2226e-54,3.9614e-26,1.4256e-109,2.0451e-74,1.9811e-284,4.0264e-09,1.973e-15,3.0033e-28,1.8353e-28,1.9822e-28,8.5253e-06,2.9577e-42,3.2633e-156,9.4905e-108,6.3583e-60,4.1032e-98,9.5431e-50,3.5387e-95,4.9263e-39,1.3147e-138,4.1797e-09,8.3358e-26,2.3914e-29,1.0635e-125,2.2135e-110,2.4958e-09,6.3413e-114,5.8236e-69,5.4902e-68,1.4102e-06,1.6704e-14,6.6303e-52,9.2404e-33,1.4686e-14,1.1735e-14,5.8123e-41,7.9125e-37,4.0721e-135,2.0053e-79,3.1145e-12,5.9956e-70,4.1908e-74,1.1432e-18,5.7299e-57,8.6571e-85,2.7128e-79,2.8108e-54,1.57e-07,4.5294e-44,4.7929e-87,7.8193e-64,5.0657e-121,1.3723e-39,1.1306e-107,5.0272e-78,6.877e-100,1.1996e-13,5.78e-58,1.3178e-50,8.3647e-26,6.669e-110,7.3751e-101,1.361e-104,6.3128e-172,9.2744e-36,1.0355e-121,1.7271e-111,2.8519e-05,1.4299e-133,5.2166e-139,1.4839e-78,1.7647e-09,5.4986e-110,1.101e-26,6.3033e-169,3.9689e-10,1.0897e-108,2.5226e-12,8.3886e-15,4.0949e-111,1.0205e-111,4.1775e-111,1.402e-64,6.2117e-45,7.2085e-65,7.6528e-125,8.7309e-51,6.4601e-24,6.0457e-85,1.3142e-130,8.2005e-87,6.6764e-110,9.6393e-54,9.5839e-70,3.6274e-65,5.3179e-112,6.7597e-111,1.0682e-46,4.9228e-122,3.2927e-45,2.1741e-95,1.0673e-34,3.3367e-108,1.4402e-110,7.4234e-107,3.84e-57,1.6462e-07,2.1699e-120,5.5887e-112,9.3724e-72,2.5528e-73,2.8047e-60,1.385e-125,3.4852e-77,6.4231e-22,1.1895e-28
3.9744e-153,4.1369e-13,3.0277e-47,4.6418e-138,6.1307e-47,4.3901e-257,6.9785e-17,4.717e-86,7.021e-21,9.3454e-134,7.8566e-156,1.2125e-11,2.8031e-30,2.4079e-169,1.7456e-100,5.1236e-80,4.6226e-138,4.0431e-09,8.5473e-48,1.4998e-21,8.5732e-168,1.4173e-65,1,5.6322e-40,1.8004e-72,1.4832e-46,8.3178e-48,3.5575e-118,1.7293e-90,1.9057e-45,1.3643e-138,0,1.6759e-72,1.8737e-52,1.0363e-92,5.2529e-39,5.9447e-39,2.1778e-68,5.3361e-106,9.2866e-221,1.2716e-43,2.1938e-124,1.3876e-162,7.426e-114,9.6156e-160,4.8786e-28,3.6569e-203,4.6844e-61,2.2136e-89,1.1796e-93,2.6799e-190,3.6061e-46,3.9406e-59,9.6614e-50,4.8627e-09,1.6928e-08,5.9175e-69,7.1942e-55,4.3145e-116,6.3424e-97,1.3027e-54,1.7565e-53,2.1073e-26,2.9191e-101,6.6764e-71,1.673e-16,3.631e-55,1.146e-08,1.3018e-138,9.7335e-82,1.9288e-121,2.1853e-149,3.9248e-16,1.4143e-118,1.167e-71,1.1476e-99,2.9749e-151,3.4012e-127,1.4078e-185,2.4063e-102,1.1142e-43,1.287e-17,2.1186e-164,3.0215e-66,7.184e-122,2.5107e-17,2.0169e-41,1.8367e-174,2.0775e-165,1.8056e-40,1.7837e-236,5.9269e-32,2.6559e-186,2.344e-47,2.2193e-64,4.3274e-198,4.1038e-203,3.6111e-19,1.1779e-66,3.7502e-46,5.7588e-91,1.6227e-233,6.4327e-73,2.2105e-45,2.6526e-55,7.9608e-54,1.2315e-175,7.5969e-48,6.0524e-47,3.6238e-08,1.6152e-108,1.8306e-129,8.8973e-61,1.1517e-114,6.0774e-87,1.4851e-149,3.7053e-195,2.6019e-23,3.203e-46,1.5083e-117,2.5326e-134,8.0123e-39,6.2036e-48,9.4201e-47,1.9652e-110,1.6221e-186,3.479e-23,5.8364e-160,8.9856e-96,4.8417e-44,3.9332e-47,2.1832e-44,1.0823e-121,7.8413e-69,4.2454e-184,5.0401e-48,2.4407e-136,7.3201e-138,6.9023e-125,6.4357e-190,9.0079e-142,6.7377e-46,2.048e-91
2.2147e-116,5.9198e-32,8.8451e-85,1.4574e-101,1.81e-84,3.632e-220,1.3257e-28,3.3432e-50,5.8744e-58,1.0928e-96,4.2018e-119,1.2293e-48,3.5227e-16,1.5531e-132,3.1768e-64,2.6964e-44,2.1005e-101,1.9706e-44,1.998e-85,1.7673e-58,4.5188e-131,1.2492e-30,5.6322e-40,1,2.0752e-36,3.1293e-84,1.3784e-85,4.0772e-81,2.4297e-54,3.3798e-83,1.4189e-101,4.4431e-312,2.8005e-37,4.8585e-19,6.206e-57,1.1972e-13,6.9828e-13,2.5129e-33,5.0756e-69,7.907e-184,2.7104e-81,8.5054e-88,8.4069e-126,4.6895e-77,5.8552e-123,4.86e-17,3.1664e-166,1.806e-27,2.5259e-53,1.9934e-57,1.8566e-153,1.1404e-83,2.2528e-24,2.8615e-87,2.1549e-43,1.0152e-42,2.5778e-34,4.7694e-21,3.25e-79,1.362e-60,2.8665e-20,8.8163e-21,3.2921e-18,3.7365e-65,3.3864e-108,1.6104e-53,7.044e-21,2.886e-44,7.9817e-102,3.7267e-46,5.1028e-85,6.8626e-113,2.9698e-53,1.2447e-81,2.0416e-36,3.9522e-66,1.6303e-114,9.5939e-91,1.1644e-148,5.7454e-66,8.8132e-81,1.3926e-51,1.5345e-127,6.9689e-31,2.1574e-85,1.5618e-26,2.8069e-13,1.0409e-137,1.8554e-128,1.0902e-77,2.0385e-199,1.3297e-14,1.0197e-149,3.288e-85,9.1901e-30,6.0935e-161,2.8837e-166,2.2787e-51,4.0676e-31,4.2897e-83,2.6273e-55,1.0331e-196,1.1423e-38,6.8516e-82,8.4917e-21,1.1099e-19,9.3726e-139,3.3869e-85,2.7027e-84,1.7622e-39,2.7964e-72,7.3141e-93,3.3141e-98,2.087e-77,2.0617e-50,6.4696e-113,4.2886e-158,9.6887e-61,6.1567e-83,1.6179e-80,1.3765e-97,2.4299e-45,1.8702e-85,3.3933e-84,1.291e-73,1.8055e-149,1.8919e-19,4.6531e-123,1.2221e-59,7.6832e-82,6.7404e-84,4.2865e-80,1.4172e-85,3.4883e-35,2.6825e-147,1.7253e-85,1.0202e-99,5.93e-101,2.1495e-88,5.8024e-153,1.9334e-105,9.6295e-13,5.5501e-55
