1,2.5726e-35,1.4147e-34,1.8105e-48,1.3791e-43,1.1328e-55,9.1566e-41,1.4657e-57,4.3458e-50,3.2889e-48,2.2777e-50,1.5017e-36,1.2561e-41,2.4631e-48,1.6864e-61,1.1437e-64,6.2451e-64,4.6592e-51,7.4458e-36,4.8705e-42,8.0357e-33,1.4306e-36,2.2493e-52,9.0309e-46,4.9793e-45,1.9453e-45,6.0041e-32,6.0508e-52,1.3257e-61,1.8572e-43,1.7505e-47,3.522e-48,1.5272e-42,2.3185e-33,6.8648e-49,1.7281e-44,5.5158e-43,4.2782e-36,6.9945e-40,6.7266e-36,9.7308e-52,5.8419e-54,2.7529e-59,4.5651e-54,8.7449e-44,1.5603e-41,1.3149e-41,7.6025e-42,9.0791e-42,2.0048e-56,3.9234e-33,2.9279e-60,1.7363e-42,1.3499e-35,1.9728e-51,7.6826e-33,4.0443e-32,1.7258e-49,3.1518e-46,3.8929e-45,4.9393e-46,9.7103e-64,1.7112e-38,9.7622e-52,3.7053e-46,3.6165e-65,7.2114e-35,9.4593e-47,2.5508e-34,7.9617e-47,2.0709e-64,7.9719e-55,6.8902e-50,5.657e-54,5.3853e-94,2.1269e-47,1.0462e-48,9.0524e-54,7.0263e-60,2.7089e-46,1.6368e-44,4.6984e-42,1.9773e-46,4.0887e-50,4.5369e-41,3.6258e-45,1.9444e-40,1.6298e-90,4.4767e-62,1.4905e-47,6.4997e-55,3.025e-59,2.8759e-38,9.1071e-61,1.1543e-40,1.4077e-44,1.2162e-59,1.122e-37,1.7489e-42,5.4296e-56,2.1216e-55,1.7735e-52,1.3455e-50,1.4922e-56,1.307e-69,2.3683e-52,2.5772e-54,1.5901e-61,1.2171e-35,3.3127e-64,1.2133e-55,6.0213e-56,2.3526e-37,9.4658e-55,1.5054e-59,1.5758e-48,3.1763e-50,2.6052e-59,4.8384e-48,5.4838e-70,9.6261e-58,9.2516e-33,5.291e-64,5.8997e-76,5.1573e-42,3.5325e-70,8.609e-41,1.5462e-59,5.6208e-43,1.1029e-54,2.9225e-66,3.5329e-35,1.6122e-51,2.6234e-76,1.1463e-49,1.4671e-43,1.5123e-62,5.9757e-49,8.1343e-49,1.1758e-36,1.416e-53,4.6865e-48,9.2866e-63
2.5726e-35,1,1.9487e-25,2.8985e-43,1.3363e-35,2.7981e-36,2.078e-34,3.0423e-37,3.9079e-33,2.9833e-30,1.2368e-33,1.5695e-22,2.0845e-37,1.5878e-38,1.2852e-43,6.1484e-43,9.2497e-41,1.3228e-31,6.3389e-23,9.5807e-33,6.0897e-28,9.6025e-23,1.3073e-29,1.5965e-27,6.5389e-38,4.1878e-25,2.0942e-25,1.2507e-31,4.8785e-41,1.9786e-24,5.4528e-26,1.0229e-30,2.7247e-22,1.1273e-19,8.8132e-30,5.0822e-34,1.164e-22,3.0411e-27,5.8456e-24,5.7335e-26,3.4433e-33,8.1633e-51,6.0647e-41,4.3618e-33,3.9575e-39,9.1383e-36,6.4729e-35,6.0212e-21,7.0334e-29,6.8617e-36,1.1081e-27,1.4785e-48,1.876e-24,2.8954e-25,2.9647e-33,5.4146e-29,9.2266e-33,1.3748e-32,5.7351e-25,1.6981e-32,9.4763e-29,1.8787e-41,9.7112e-27,3.1923e-33,3.6491e-29,9.5007e-48,3.8948e-21,1.9817e-34,6.2239e-29,3.1055e-26,3.3398e-50,9.642e-60,1.216e-33,5.453e-37,1.6527e-84,2.1624e-37,7.2152e-53,2.2282e-59,6.4787e-47,1.2317e-41,5.1851e-35,5.7863e-39,8.7202e-30,3.6794e-36,1.3684e-30,1.1879e-33,2.23e-30,2.9835e-87,3.4676e-43,4.7698e-35,1.1628e-36,4.4e-47,7.3828e-34,1.0907e-40,1.6357e-20,1.7167e-33,8.5847e-42,2.1374e-50,2.1327e-34,8.4916e-56,6.5736e-46,1.5507e-43,1.8836e-32,3.5108e-41,1.3958e-52,1.5415e-41,4.3989e-56,6.6497e-44,3.2794e-24,2.6248e-48,4.1184e-36,3.1524e-34,2.1698e-37,4.639e-38,2.0457e-38,2.2081e-38,1.4092e-36,2.2732e-42,2.8802e-35,1.0253e-56,5.3192e-41,3.7518e-31,6.3347e-73,1.6324e-61,2.9876e-38,1.078e-50,7.9673e-44,1.3837e-41,1.5851e-36,1.6866e-40,4.2684e-45,5.7433e-26,3.857e-46,1.3691e-55,1.6404e-31,1.0652e-45,1.45e-45,7.1385e-42,1.2935e-52,6.7997e-29,9.541e-42,6.9985e-31,5.9904e-44
1.4147e-34,1.9487e-25,1,1.2375e-52,4.8539e-48,2.3074e-47,2.8652e-45,2.2587e-54,4.8018e-50,1.6576e-44,2.9875e-48,3.8912e-33,2.0577e-49,6.656e-53,6.0107e-57,2.4088e-59,7.4013e-57,5.1836e-46,1.19e-36,6.3394e-47,1.3112e-29,4.9707e-38,5.3536e-47,9.3649e-41,1.6957e-51,6.0935e-44,8.1426e-34,1.197e-47,7.4401e-58,8.0048e-35,3.7585e-42,1.7501e-48,4.8177e-36,2.9732e-15,2.2877e-43,7.9123e-39,6.6535e-37,2.5135e-41,8.9885e-36,1.3676e-33,1.6229e-48,2.9798e-54,3.2849e-56,4.8154e-48,6.3328e-52,7.1935e-47,1.1068e-37,1.7938e-37,4.5488e-41,1.7815e-52,7.0538e-31,1.7551e-62,1.7169e-37,1.4078e-37,3.0304e-46,6.9441e-34,3.1864e-24,7.2309e-47,3.9839e-39,5.3695e-46,1.4264e-44,2.4533e-57,2.3553e-35,4.215e-50,3.8418e-40,3.8236e-60,6.6157e-24,4.281e-35,7.0051e-22,1.0658e-41,3.7288e-62,1.2149e-53,3.8577e-41,4.8723e-52,7.3332e-90,2.9656e-50,1.8422e-49,1.1181e-58,4.0485e-59,1.0681e-44,4.742e-43,4.1097e-43,3.2267e-37,1.1013e-41,9.8621e-45,1.9044e-43,5.3225e-36,9.4444e-89,4.1773e-59,4.47e-46,2.8502e-49,2.2608e-55,4.9312e-42,4.243e-56,1.933e-34,4.673e-42,5.7187e-59,5.5136e-52,6.2655e-44,1.8234e-54,3.3605e-50,2.9824e-44,1.2471e-45,5.6492e-54,2.1969e-58,8.8139e-47,7.5205e-54,9.8636e-59,1.3145e-38,1.8678e-62,6.2463e-51,5.3185e-51,1.8415e-35,8.2952e-56,8.9425e-53,8.1387e-39,2.3808e-38,1.8927e-52,8.7044e-44,1.0196e-66,6.8461e-50,1.0647e-38,1.3585e-71,2.1273e-72,1.7773e-45,3.7958e-68,4.225e-43,3.176e-57,2.0412e-40,7.0012e-53,5.3055e-61,8.9556e-32,1.4465e-50,2.7368e-72,2.8246e-42,2.9326e-55,8.2857e-59,8.147e-51,2.3146e-55,1.7667e-38,5.3887e-53,8.0403e-47,1.3542e-60
1.8105e-48,2.8985e-43,1.2375e-52,1,2.7788e-21,2.1813e-48,2.1654e-24,1.6184e-41,2.9497e-37,4.9769e-35,6.1925e-39,7.1529e-49,3.6041e-25,2.0486e-26,2.3142e-38,1.4026e-45,1.6264e-45,4.1799e-39,1.8515e-31,1.883e-30,9.4664e-47,5.2923e-39,1.6657e-40,5.857e-33,7.1096e-24,3.9362e-40,6.8874e-39,3.1853e-35,1.2125e-41,9.2148e-38,3.8852e-40,3.8164e-38,2.297e-40,9.9267e-49,8.4057e-38,1.424e-46,5.229e-42,3.1053e-37,7.7238e-42,6.1876e-42,8.9105e-41,2.1549e-54,2.4831e-38,4.1169e-39,1.3335e-24,4.6773e-27,1.7635e-49,4.0948e-36,2.2205e-36,2.2381e-39,8.4183e-38,4.1957e-32,1.7555e-38,1.6937e-30,2.3839e-35,1.8126e-38,7.5726e-50,4.14e-33,8.3534e-37,1.3718e-40,1.0715e-41,2.0051e-47,8.2716e-41,7.5839e-37,1.9073e-33,3.6521e-44,5.2555e-46,7.8525e-55,2.1472e-50,7.3499e-40,1.1556e-43,2.4428e-63,8.2574e-34,3.8819e-30,1.4761e-68,2.6544e-23,1.148e-56,8.0835e-39,1.2302e-32,6.557e-41,1.5418e-33,1.4875e-37,8.0093e-45,7.5884e-35,2.9665e-44,1.0231e-42,4.414e-31,1.9672e-70,7.0971e-53,1.7297e-27,4.0009e-44,1.4047e-30,5.7084e-23,2.2347e-39,2.0804e-32,5.1796e-35,1.6401e-40,1.6615e-42,4.2765e-49,1.6358e-58,1.5268e-42,6.6595e-53,1.5549e-39,6.17e-37,7.9966e-56,1.303e-33,1.0388e-63,7.6738e-40,8.3538e-30,8.9791e-43,4.2907e-41,1.3701e-45,5.7466e-60,1.1161e-54,3.2644e-40,2.5151e-48,6.8616e-47,1.3916e-44,1.5982e-41,1.1847e-37,4.4271e-41,2.2264e-34,4.4602e-59,3.871e-52,4.5025e-54,4.9638e-52,2.9425e-44,1.1424e-39,1.6655e-41,3.9503e-42,2.6762e-47,3.9333e-37,3.4797e-58,2.4957e-62,5.5925e-38,9.0832e-41,4.9165e-39,6.2118e-42,5.3226e-39,1.6205e-36,1.9224e-25,9.3852e-39,4.2627e-54
1.3791e-43,1.3363e-35,4.8539e-48,2.7788e-21,1,1.6721e-36,1.3361e-18,3.5872e-32,7.2496e-31,1.8616e-27,2.1674e-28,1.0478e-42,4.6322e-18,1.5603e-18,7.7008e-33,1.7382e-36,7.6298e-38,6.1004e-28,1.5404e-22,1.3189e-21,2.139e-39,9.4745e-28,9.0548e-31,3.3686e-26,9.7646e-16,6.2605e-27,7.1212e-28,2.4754e-25,1.5148e-31,5.0681e-28,3.6772e-31,2.5875e-24,1.4125e-33,8.5378e-43,3.0964e-29,1.5254e-37,9.8778e-32,6.8114e-26,9.7771e-31,4.0808e-33,1.7541e-30,9.1375e-48,4.5167e-30,3.4381e-30,3.7774e-17,1.629e-22,2.1753e-42,2.8284e-27,4.1475e-26,8.5381e-30,1.0931e-31,3.2201e-23,1.17e-29,2.0407e-23,2.3466e-26,9.0616e-33,1.2024e-45,4.5483e-23,1.7225e-25,4.3806e-32,3.1682e-31,7.3055e-38,7.7325e-35,2.2814e-26,1.6248e-25,4.371e-38,1.0523e-40,2.5792e-50,1.1818e-45,1.8814e-32,6.5762e-39,3.2284e-61,3.7951e-29,1.6233e-21,1.9146e-69,1.0353e-15,1.9623e-54,2.3285e-45,1.084e-28,1.6604e-37,4.4466e-30,1.1548e-35,2.7339e-37,8.8557e-30,6.3135e-33,2.5026e-36,1.1883e-26,1.266e-74,2.1264e-44,5.9359e-19,1.8961e-31,8.0998e-30,2.6355e-20,5.5044e-34,4.0819e-25,3.3323e-31,1.6422e-31,6.3669e-39,3.5131e-45,2.5681e-57,6.4167e-40,1.5464e-45,8.7272e-30,1.0114e-28,2.5078e-51,7.2424e-31,5.2324e-62,1.9864e-32,2.6078e-19,1.7386e-38,1.481e-35,4.3344e-36,4.1293e-53,2.0781e-44,6.4065e-30,1.1045e-42,3.8751e-41,7.5392e-40,4.6663e-30,2.3601e-37,1.0198e-37,2.4446e-26,7.0279e-61,6.4541e-50,1.6988e-46,3.4914e-45,1.1887e-39,1.8731e-31,3.092e-32,4.3487e-32,6.3683e-38,1.1694e-34,6.7241e-54,9.7206e-54,4.6633e-31,3.0394e-34,1.9333e-32,3.8711e-34,3.5814e-38,1.08e-32,3.8081e-22,3.6211e-29,8.585e-45
1.1328e-55,2.7981e-36,2.3074e-47,2.1813e-48,1.6721e-36,1,4.2702e-42,1.506e-25,7.348e-34,1.4693e-27,1.3523e-30,1.5057e-42,2.6734e-42,2.2152e-39,7.9503e-31,1.3928e-27,2.1562e-32,3.0345e-19,4.8647e-36,7.0978e-35,3.9289e-39,1.5492e-29,4.9982e-25,5.3725e-34,2.5285e-41,1.963e-26,1.3873e-37,3.5664e-24,3.0098e-27,8.9704e-31,1.1873e-25,2.7819e-27,9.9687e-28,4.0086e-43,2.2468e-31,1.6602e-45,9.4965e-30,1.5059e-38,2.6624e-25,2.3375e-32,1.4869e-23,4.6324e-51,3.7288e-32,5.55e-19,8.5724e-45,1.9247e-43,1.6174e-44,6.3326e-30,1.5593e-30,1.9753e-23,6.4173e-45,1.7209e-41,1.2342e-28,2.0494e-41,2.0028e-28,2.1423e-39,3.0335e-50,5.7385e-32,1.4568e-23,4.6751e-35,7.047e-25,3.8341e-30,8.753e-40,1.0625e-29,7.1345e-35,1.9588e-36,3.0805e-41,1.4698e-53,3.3865e-45,2.538e-29,6.1462e-44,8.3565e-68,6.1395e-40,5.1278e-28,1.9172e-76,5.9599e-35,3.7666e-63,1.9294e-68,1.5324e-44,6.9693e-42,6.9259e-36,1.6406e-45,9.1142e-43,1.7915e-34,1.2031e-35,9.6101e-37,2.7454e-40,1.8924e-86,4.2163e-35,5.0523e-33,2.0031e-25,5.1495e-40,1.1346e-41,2.2961e-32,6.1614e-32,1.6298e-38,2.8005e-37,6.4706e-61,4.1439e-47,1.4081e-60,2.2872e-49,5.5461e-50,5.1442e-32,1.4217e-39,7.4755e-43,2.2705e-39,1.462e-65,5.0289e-30,1.972e-34,2.4735e-33,6.2389e-35,5.56e-27,8.9304e-57,7.8856e-37,1.1894e-29,2.1263e-53,1.3562e-41,2.0398e-35,3.7005e-23,8.7364e-48,3.1431e-38,3.6775e-38,1.7741e-85,4.3257e-56,2.1879e-45,7.0339e-44,1.7932e-58,1.3316e-30,1.3063e-37,2.9443e-32,1.5543e-24,4.3248e-43,4.8637e-54,6.4523e-49,2.6214e-34,5.3585e-54,2.4609e-30,2.1305e-51,3.2771e-64,7.4328e-40,1.1128e-38,7.4444e-29,8.5108e-37
9.1566e-41,2.078e-34,2.8652e-45,2.1654e-24,1.3361e-18,4.2702e-42,1,1.4595e-37,1.8466e-33,1.7958e-32,5.3931e-36,5.4699e-41,8.9634e-14,3.4806e-19,3.1179e-43,6.307e-43,4.543e-43,1.3598e-35,2.9934e-23,5.3869e-19,7.0605e-40,1.9838e-32,5.5488e-36,2.6126e-32,9.9419e-17,6.614e-30,1.0174e-29,9.5046e-33,3.6132e-39,4.9256e-33,8.5123e-35,3.3651e-32,2.2754e-35,4.1354e-40,2.2225e-36,9.5894e-43,5.1151e-35,3.3937e-30,1.7064e-34,4.5331e-35,2.1988e-37,4.1312e-53,1.202e-40,1.1753e-36,3.5174e-17,4.7599e-17,6.4692e-44,2.5089e-31,4.5473e-32,5.7154e-36,3.3656e-32,1.5649e-34,1.221e-32,6.8584e-25,1.0671e-36,9.8835e-38,1.1155e-45,8.8068e-32,2.3426e-32,1.9729e-37,2.6515e-37,1.3338e-44,5.8702e-39,5.9471e-33,2.8971e-34,6.478e-45,1.6732e-37,2.6272e-46,5.12e-43,7.818e-34,2.1567e-48,7.5725e-64,1.4022e-35,2.0555e-29,2.7874e-78,6.4327e-27,6.381e-54,5.1812e-44,1.1577e-31,2.6262e-42,7.9818e-36,8.4365e-38,2.7818e-37,7.3391e-36,1.7815e-39,1.5624e-37,2.0884e-29,2.5699e-82,7.3132e-47,2.1062e-27,6.9208e-38,6.7708e-40,2.0614e-19,5.0823e-42,1.726e-26,4.482e-35,4.0003e-38,9.5956e-35,1.0043e-43,1.8312e-59,7.8243e-48,6.8185e-49,4.0475e-37,4.2184e-39,3.2189e-57,1.1166e-38,8.8421e-61,9.9793e-38,1.3886e-20,3.2179e-46,4.6921e-40,9.0195e-40,4.6928e-53,4.4963e-46,1.8063e-38,3.0004e-41,1.8597e-43,5.8587e-44,5.8313e-39,3.8216e-48,6.8895e-43,1.6373e-28,1.6862e-53,5.2157e-60,1.9951e-44,5.2676e-49,2.2233e-42,6.9185e-39,7.4018e-39,4.4087e-40,2.2095e-45,5.0101e-35,1.0499e-57,6.0808e-58,7.1859e-36,5.1118e-31,2.0761e-43,3.5139e-40,8.1296e-38,4.8273e-36,3.6279e-32,1.3541e-36,1.2223e-47
1.4657e-57,3.0423e-37,2.2587e-54,1.6184e-41,3.5872e-32,1.506e-25,1.4595e-37,1,1.0213e-22,3.9839e-29,1.417e-32,2.4996e-43,6.5904e-35,4.2086e-28,4.4382e-31,1.0977e-12,3.4823e-22,5.6943e-17,5.734e-34,9.9524e-30,9.7523e-48,3.3721e-32,6.759e-17,4.0112e-34,4.9763e-32,3.0425e-23,1.0456e-41,2.3956e-12,1.1226e-19,7.3584e-34,5.0013e-18,1.413e-22,1.9167e-26,1.3191e-48,5.1451e-28,2.395e-48,2.3335e-30,3.1263e-38,3.4766e-31,8.5372e-40,6.4859e-21,2.398e-61,8.2455e-28,6.5852e-16,6.5874e-38,4.5135e-37,9.671e-49,4.1561e-28,5.4834e-29,5.898e-10,1.38e-45,2.9588e-34,2.5916e-32,7.5059e-40,8.7595e-29,6.0048e-45,1.256e-58,3.3461e-29,3.1455e-25,5.2182e-37,1.367e-23,1.1303e-20,5.6815e-43,7.2246e-21,5.227e-35,3.3563e-26,1.1403e-45,1.1164e-54,3.5342e-51,2.7686e-25,9.9747e-44,8.1314e-79,3.0606e-39,1.2737e-17,7.6914e-79,7.8439e-30,2.0477e-67,1.2117e-65,7.4783e-31,4.0686e-51,1.6304e-40,2.714e-48,2.3943e-44,3.4339e-38,5.0462e-34,4.1617e-36,1.031e-41,2.6138e-90,1.4927e-22,2.2125e-29,1.0373e-21,9.6898e-42,1.0692e-39,2.021e-17,1.2365e-27,3.6053e-38,5.2419e-22,3.6193e-63,5.3267e-43,1.2396e-68,3.4666e-52,3.8242e-56,3.363e-31,4.2034e-35,5.225e-44,1.7345e-41,2.8009e-72,1.0524e-17,5.1028e-31,6.2154e-30,3.1443e-21,3.8337e-17,1.0626e-64,2.9296e-26,1.1738e-24,5.5649e-54,2.4735e-45,6.3521e-29,8.7951e-35,1.6889e-45,9.6363e-40,6.2987e-39,1.1089e-83,4.2523e-48,4.5565e-43,5.2931e-28,1.453e-61,1.9013e-21,1.4204e-46,2.9181e-36,6.7713e-19,6.743e-45,2.7804e-54,7.6423e-40,2.8073e-33,1.8633e-47,4.5664e-29,5.2399e-51,3.7275e-61,2.5524e-38,7.4518e-37,1.1579e-25,6.7033e-26
4.3458e-50,3.9079e-33,4.8018e-50,2.9497e-37,7.2496e-31,7.348e-34,1.8466e-33,1.0213e-22,1,1.5629e-24,1.0871e-34,1.5564e-39,1.7269e-31,3.0414e-30,5.3125e-33,1.1181e-29,1.1528e-34,3.3857e-25,2.1933e-29,1.4582e-26,3.9499e-43,6.7139e-30,1.9742e-23,1.0969e-31,2.6012e-30,6.8659e-23,2.0817e-37,1.7326e-23,7.0335e-30,5.8837e-32,1.6614e-22,1.3845e-24,1.1074e-27,7.5399e-45,1.2723e-29,3.7695e-45,5.1837e-31,7.7508e-32,2.3031e-33,2.5993e-37,4.2848e-28,5.0364e-58,1.328e-33,3.4792e-26,4.2462e-35,1.0268e-33,4.1428e-43,1.0333e-24,9.7901e-32,2.5278e-22,7.3635e-40,4.3292e-36,2.2056e-26,2.1029e-33,2.9084e-31,1.3626e-39,2.4308e-51,1.1631e-32,6.4855e-28,5.5307e-37,2.923e-30,3.7688e-33,1.1642e-38,5.418e-26,7.5525e-34,3.145e-37,2.3905e-39,9.2765e-51,7.6911e-46,2.3126e-26,7.3764e-44,1.7829e-71,3.3486e-39,5.3261e-23,8.3813e-79,5.5884e-31,9.2423e-60,5.1089e-61,5.3974e-34,2.6948e-45,7.1511e-35,4.6372e-41,1.7531e-37,3.9551e-35,4.1658e-30,4.237e-34,5.253e-39,4.9217e-85,1.1725e-30,6.0743e-29,1.2807e-30,1.3985e-40,5.6578e-36,2.1078e-27,4.1921e-26,4.041e-40,1.414e-28,1.6325e-56,3.432e-38,8.7834e-62,1.1739e-53,4.2312e-55,2.9694e-33,1.8735e-38,3.4881e-56,1.4663e-37,4.6915e-66,4.2218e-25,5.1076e-27,8.839e-38,7.6637e-28,2.994e-27,4.3276e-58,6.9165e-31,7.3849e-31,2.1408e-50,3.1504e-48,1.2731e-40,2.5941e-36,4.67e-46,3.0305e-46,4.5227e-37,7.9555e-78,9.4821e-50,1.3074e-44,7.3638e-35,3.2801e-56,2.0395e-23,1.2005e-42,3.7229e-37,1.8673e-31,5.4648e-37,2.1906e-55,4.7525e-44,1.1937e-36,8.5299e-40,2.8803e-33,1.131e-45,6.1063e-56,1.6832e-37,5.5581e-33,7.1811e-27,8.0322e-34
3.2889e-48,2.9833e-30,1.6576e-44,4.9769e-35,1.8616e-27,1.4693e-27,1.7958e-32,3.9839e-29,1.5629e-24,1,3.0517e-23,2.5544e-34,1.6559e-32,3.5962e-32,3.0166e-22,1.2267e-32,1.4654e-33,8.3788e-22,5.1671e-26,1.2194e-28,2.08e-38,5.7933e-22,3.2824e-21,1.2079e-22,5.2636e-32,1.8156e-24,1.2749e-27,2.2583e-24,1.0577e-29,1.3086e-19,2.3135e-24,1.7567e-23,4.2839e-27,6.3641e-39,8.1992e-26,6.8762e-35,1.8178e-21,9.8807e-24,2.073e-23,1.4064e-25,7.8524e-21,3.2663e-41,1.3147e-25,1.5798e-22,5.3896e-35,8.9962e-35,2.3378e-44,5.4815e-20,1.0694e-27,4.6172e-25,7.9448e-38,3.1447e-34,2.0416e-17,2.5535e-28,4.4924e-20,1.8255e-32,7.5164e-43,2.1152e-29,1.0669e-19,4.4908e-23,4.3043e-24,9.3226e-33,3.3894e-29,1.2306e-23,1.4743e-25,3.3088e-38,7.4127e-32,3.2445e-53,3.8944e-43,2.704e-23,1.5655e-32,5.2597e-59,5.6323e-32,1.9967e-25,1.4205e-67,6.0134e-25,1.7763e-59,3.7452e-61,1.6762e-41,1.6841e-35,1.4995e-29,2.2015e-38,7.5221e-35,1.9474e-30,1.3449e-27,4.4831e-37,4.125e-35,4.4701e-74,2.2915e-41,8.2484e-30,1.1024e-32,6.639e-32,1.6541e-32,6.8745e-33,5.4924e-27,2.2341e-31,8.3924e-35,1.7614e-53,1.5738e-46,1.5179e-58,2.3277e-40,2.0264e-44,2.6815e-25,8.1696e-35,3.7585e-49,2.1483e-34,9.3313e-66,8.6671e-33,1.4074e-23,1.3713e-34,3.8615e-35,4.1616e-29,5.9545e-50,1.8532e-37,8.5426e-28,1.1422e-48,2.4908e-41,2.8097e-39,6.0154e-26,9.5622e-39,8.7757e-35,3.0402e-32,1.3475e-78,1.4695e-50,1.5492e-48,1.0437e-41,4.6256e-51,2.0276e-30,3.1446e-28,1.0027e-24,2.166e-30,1.2871e-33,3.3478e-52,4.1179e-45,1.7377e-29,7.0169e-47,1.0051e-30,1.8409e-40,7.3441e-54,3.2827e-32,2.1888e-24,4.338e-22,2.7886e-40
2.2777e-50,1.2368e-33,2.9875e-48,6.1925e-39,2.1674e-28,1.3523e-30,5.3931e-36,1.417e-32,1.0871e-34,3.0517e-23,1,1.3099e-40,8.8613e-36,1.334e-31,9.6791e-25,2.3111e-34,3.7676e-29,3.3756e-26,2.4001e-24,9.655e-35,1.7261e-44,1.0933e-23,1.8223e-23,3.5874e-16,2.5166e-32,1.0617e-23,2.5962e-27,1.4485e-26,7.1173e-26,3.7096e-23,1.3493e-31,3.237e-19,3.268e-34,1.6321e-42,4.5836e-20,1.6174e-32,1.1946e-21,6.191e-27,2.982e-22,7.7368e-25,2.8402e-25,8.6818e-35,7.2725e-18,3.2843e-27,2.4258e-32,3.7631e-37,1.2802e-52,4.1866e-21,1.5656e-30,8.1554e-30,1.1066e-41,5.3073e-32,3.8267e-26,6.9298e-28,1.0564e-17,2.3547e-31,7.5893e-46,1.0113e-22,3.0874e-20,9.1217e-22,3.465e-23,1.9241e-30,3.7366e-26,4.7624e-24,3.5845e-21,2.1014e-36,6.1812e-38,3.4826e-57,1.7231e-50,8.2191e-25,1.0726e-25,2.0385e-58,7.0577e-28,5.1327e-31,2.4348e-64,1.024e-26,6.1782e-66,2.2449e-63,9.0918e-43,1.4412e-40,1.6294e-36,2.0931e-45,1.5077e-40,2.6066e-38,8.8214e-32,2.0513e-46,7.95e-36,2.2803e-73,2.4705e-47,1.4416e-33,1.8435e-34,9.764e-36,7.2421e-38,1.5396e-35,7.0036e-32,1.1019e-35,3.7729e-32,6.5072e-56,6.4361e-54,1.2879e-65,1.4705e-34,5.4079e-39,1.4121e-27,9.2616e-28,1.8191e-44,3.2061e-41,1.0367e-70,1.0801e-39,1.0036e-30,4.6265e-34,1.0461e-39,1.255e-33,5.3453e-49,2.9495e-43,1.5382e-30,1.696e-50,1.3492e-37,2.5872e-39,1.8323e-28,6.9424e-38,4.5736e-29,1.6546e-31,4.1417e-80,1.488e-54,1.4239e-49,1.7318e-43,1.7161e-49,6.5107e-38,1.8508e-27,5.774e-24,2.8965e-34,2.8134e-42,1.8981e-48,1.0445e-45,6.6014e-21,2.2214e-51,5.613e-34,3.355e-38,4.1129e-54,5.8421e-34,1.0848e-30,9.1786e-20,4.0834e-41
1.5017e-36,1.5695e-22,3.8912e-33,7.1529e-49,1.0478e-42,1.5057e-42,5.4699e-41,2.4996e-43,1.5564e-39,2.5544e-34,1.3099e-40,1,5.3182e-41,2.9362e-44,4.2816e-48,3.692e-49,1.4014e-47,2.1019e-36,1.2977e-32,1.1972e-37,8.2697e-35,3.0253e-26,3.4921e-35,2.8015e-38,1.9058e-43,3.1148e-35,2.1922e-30,2.3875e-38,1.0002e-49,7.052e-31,1.5469e-31,1.9859e-39,1.8006e-30,6.0804e-28,2.0775e-39,1.9439e-40,2.1681e-27,9.8648e-30,5.4229e-29,2.7703e-28,1.2049e-35,3.5166e-51,3.2529e-46,1.4859e-38,4.2607e-46,1.4625e-41,1.9149e-41,3.0566e-31,2.7162e-35,6.4407e-42,1.1832e-37,1.9193e-56,5.5387e-32,6.2267e-35,3.2121e-40,8.5197e-37,1.2469e-38,2.9014e-43,3.7139e-35,4.4946e-30,3.7191e-32,3.8776e-47,1.4956e-33,3.6682e-41,3.3555e-40,3.0389e-53,1.2536e-28,7.6998e-50,5.0475e-36,6.4719e-32,1.3879e-55,1.9672e-62,1.7249e-43,3.5405e-44,6.3588e-89,1.0437e-41,1.4129e-58,8.2338e-66,7.3672e-57,5.4267e-46,2.7022e-42,2.3265e-44,1.0433e-36,5.0566e-46,8.0572e-31,4.1988e-38,6.2472e-42,3.3367e-92,1.0617e-47,3.131e-44,3.1901e-43,6.5919e-54,1.9276e-37,3.3643e-47,2.728e-31,1.9166e-32,9.9093e-50,1.1681e-54,1.5168e-41,5.2212e-61,2.2915e-52,1.7489e-50,1.6122e-33,8.2589e-51,2.7016e-56,2.3698e-48,4.1628e-64,1.4873e-49,1.3545e-29,3.3118e-49,1.6658e-40,1.3714e-39,1.1723e-43,1.1872e-38,1.7793e-44,5.2219e-49,1.0379e-45,3.8073e-43,3.2023e-42,1.9238e-62,1.1791e-46,2.0683e-36,5.9392e-79,9.8032e-68,8.4236e-41,1.7757e-55,4.8141e-53,1.9278e-49,7.0576e-41,1.8969e-42,1.1004e-50,2.5755e-30,2.2229e-45,1.0004e-59,3.5459e-39,2.5471e-53,1.952e-52,1.0424e-50,1.1122e-55,2.103e-27,1.325e-47,1.4162e-36,4.3681e-46
1.2561e-41,2.0845e-37,2.0577e-49,3.6041e-25,4.6322e-18,2.6734e-42,8.9634e-14,6.5904e-35,1.7269e-31,1.6559e-32,8.8613e-36,5.3182e-41,1,8.7012e-15,8.7217e-42,1.7601e-41,6.3068e-43,1.9022e-33,1.034e-23,7.6213e-19,4.3739e-43,3.329e-32,5.3117e-34,8.9182e-34,5.4661e-11,3.2792e-31,1.0877e-32,3.586e-31,5.1979e-39,3.8063e-34,3.9022e-33,7.4434e-31,5.561e-36,9.1859e-45,6.5465e-36,1.1077e-44,1.3628e-34,5.8211e-29,6.9333e-35,5.7531e-36,1.1373e-35,5.1975e-54,2.7615e-39,3.4427e-36,7.0472e-16,4.1492e-15,7.7397e-46,6.7624e-33,9.1102e-32,2.7065e-33,2.0669e-35,6.7054e-33,9.5419e-34,1.6965e-28,3.8162e-36,4.2787e-39,4.6026e-49,2.5813e-34,1.2313e-33,3.4684e-36,2.4383e-35,1.0692e-42,1.2344e-39,1.9331e-32,1.246e-35,2.7628e-43,2.734e-41,3.9997e-52,3.9083e-46,1.6881e-32,3.6934e-47,3.6011e-67,3.4738e-38,2.6074e-29,3.6901e-79,1.7338e-25,2.176e-55,6.878e-47,2.5767e-30,8.4807e-45,1.3164e-37,3.8823e-39,7.9497e-42,8.0632e-39,2.1698e-37,1.322e-38,2.8208e-34,6.4147e-84,1.5733e-44,2.2466e-29,1.7751e-37,5.4372e-41,1.7074e-22,6.8972e-40,1.6861e-29,4.1292e-36,7.7473e-37,2.1157e-38,2.9619e-44,2.7757e-62,1.8072e-50,6.7477e-53,1.8113e-37,1.6851e-40,3.334e-58,8.2423e-40,2.0952e-64,1.0637e-35,1.6086e-20,2.1898e-43,8.2783e-39,6.3134e-38,5.1925e-57,1.2221e-42,3.9941e-38,6.846e-47,8.7594e-48,2.2672e-42,6.6476e-40,2.3463e-47,5.5107e-46,3.7826e-28,9.8353e-59,6.2987e-59,2.2909e-42,7.0498e-46,5.287e-48,3.373e-37,3.7068e-41,4.8864e-40,2.6419e-44,5.7882e-39,7.3819e-57,2.5654e-55,2.5869e-37,7.3157e-30,3.9359e-43,1.4215e-42,3.7423e-39,3.8932e-35,9.229e-33,1.0992e-34,1.4094e-45
2.4631e-48,1.5878e-38,6.656e-53,2.0486e-26,1.5603e-18,2.2152e-39,3.4806e-19,4.2086e-28,3.0414e-30,3.5962e-32,1.334e-31,2.9362e-44,8.7012e-15,1,1.6693e-38,3.5756e-33,7.1158e-33,5.2434e-29,4.2797e-24,9.6565e-21,1.8125e-46,5.8507e-32,1.429e-28,2.4061e-31,1.2777e-08,3.6771e-28,7.9855e-35,5.7576e-25,8.5246e-31,3.4323e-34,1.7765e-29,1.2267e-26,4.5878e-34,6.7077e-48,2.5234e-31,1.4795e-45,8.2752e-34,3.0756e-32,6.1692e-34,3.1008e-37,9.4773e-31,8.0628e-56,8.4259e-32,1.284e-30,1.6737e-15,9.4536e-17,6.4141e-49,1.8562e-30,2.1424e-29,1.2596e-27,2.3177e-38,7.8447e-29,2.8714e-35,7.8742e-30,3.4098e-33,5.5858e-42,5.7626e-54,1.8455e-27,5.3649e-31,8.8979e-35,2.3152e-31,3.878e-35,2.6807e-40,2.381e-25,1.2742e-33,9.3465e-34,3.407e-44,3.8858e-54,3.1056e-50,1.3211e-29,1.9473e-44,3.4485e-72,5.4776e-36,6.1107e-24,3.8377e-78,5.5475e-23,2.4232e-60,4.3527e-49,2.8029e-25,4.6322e-48,7.8245e-40,2.2153e-42,1.5203e-44,6.2327e-40,1.6023e-37,7.3512e-39,5.681e-35,9.9569e-86,4.4231e-39,1.0385e-27,8.1964e-33,1.3967e-40,1.4146e-26,5.5015e-33,1.163e-28,2.7061e-35,2.1996e-28,8.7756e-46,4.5397e-45,3.0985e-66,6.3647e-49,2.1174e-54,1.2182e-34,7.8958e-36,4.7377e-51,1.7798e-41,2.0381e-68,7.9718e-30,3.3635e-23,2.8123e-39,3.5571e-33,1.7237e-32,2.6417e-61,9.1288e-40,4.0777e-34,1.3783e-48,1.496e-45,1.0674e-35,1.4974e-39,9.8458e-45,4.0872e-40,5.5801e-31,1.3553e-64,1.3162e-55,5.0475e-42,1.6249e-40,1.8095e-51,2.5804e-33,2.6416e-43,1.7018e-39,6.7288e-38,1.7331e-42,5.1002e-57,5.7292e-52,2.5382e-32,2.0675e-36,3.0251e-39,4.0124e-44,1.5487e-43,4.3936e-35,2.3556e-33,1.277e-31,3.3526e-38
1.6864e-61,1.2852e-43,6.0107e-57,2.3142e-38,7.7008e-33,7.9503e-31,3.1179e-43,4.4382e-31,5.3125e-33,3.0166e-22,9.6791e-25,4.2816e-48,8.7217e-42,1.6693e-38,1,2.487e-30,2e-31,4.8968e-26,8.0805e-37,3.2432e-39,5.7963e-51,5.3222e-34,1.7786e-26,7.4449e-26,3.8181e-39,3.019e-33,2.757e-40,1.1005e-26,1.4015e-25,2.1649e-29,3.8605e-33,8.4873e-28,2.4072e-38,1.297e-51,5.2222e-27,1.2479e-41,2.2971e-31,5.2421e-36,2.4995e-34,5.2277e-37,8.3802e-27,2.0453e-43,4.4236e-20,7.6064e-26,5.6345e-42,2.6987e-45,1.54e-55,1.8156e-29,2.5621e-37,4.1369e-27,1.6469e-49,4.5129e-30,6.6789e-30,3.7364e-38,1.2597e-17,2.1414e-38,1.8977e-53,2.8367e-31,1.0246e-25,3.4539e-31,6.5882e-32,9.1101e-30,4.8092e-36,9.4747e-29,3.7934e-27,7.8042e-34,4.8472e-47,6.5089e-64,3.5094e-56,3.0427e-31,1.9065e-22,8.9162e-63,1.9161e-32,1.6287e-27,1.7294e-54,8.6428e-28,3.2513e-69,2.3199e-66,2.3209e-42,1.7503e-40,1.2609e-34,2.8859e-46,1.2563e-44,4.2977e-34,4.8387e-37,1.6315e-47,2.0564e-42,2.8303e-65,3.6875e-47,5.1326e-33,2.8164e-35,9.634e-25,3.7519e-42,4.3732e-30,1.9087e-36,2.4561e-40,6.7722e-35,2.4633e-64,4.7507e-58,2.4204e-65,1.27e-40,1.1936e-47,3.5485e-29,1.5966e-31,3.7496e-46,3.1103e-34,1.474e-74,8.9693e-34,2.8291e-37,5.3785e-27,9.0196e-39,6.3125e-35,3.0675e-60,8.0385e-47,1.7461e-25,4.1145e-58,2.2023e-45,5.0357e-40,1.8181e-28,4.1497e-25,5.4844e-35,3.4375e-41,3.9927e-87,4.3008e-43,9.9201e-59,6.8313e-42,1.1197e-57,1.4534e-30,6.4399e-34,1.2971e-22,7.227e-27,3.591e-45,4.763e-56,1.5887e-44,7.0185e-33,3.1602e-56,2.5041e-22,9.5122e-45,1.4609e-60,3.0059e-41,1.2421e-22,4.5531e-25,2.8261e-44
1.1437e-64,6.1484e-43,2.4088e-59,1.4026e-45,1.7382e-36,1.3928e-27,6.307e-43,1.0977e-12,1.1181e-29,1.2267e-32,2.3111e-34,3.692e-49,1.7601e-41,3.5756e-33,2.487e-30,1,8.6694e-19,4.8761e-21,5.8342e-40,7.9132e-36,2.6495e-53,3.2009e-37,2.798e-21,8.4139e-37,1.0008e-37,1.9336e-28,1.449e-46,1.9485e-17,1.2092e-15,1.0646e-37,6.3391e-24,2.2712e-25,8.5962e-33,3.318e-53,6.7369e-31,1.6257e-50,1.03e-34,1.4522e-43,1.9939e-36,3.9367e-45,1.1811e-22,1.4837e-63,8.4759e-27,8.313e-20,7.9661e-43,4.2116e-43,3.5988e-53,3.8005e-32,3.9917e-34,7.0699e-14,3.207e-50,6.1789e-34,1.6505e-37,3.7552e-44,1.749e-30,6.8544e-50,2.4832e-63,2.2976e-30,6.6844e-28,6.4377e-40,1.5158e-28,9.4246e-16,1.1717e-47,2.971e-22,2.2326e-37,3.9903e-23,2.1046e-51,5.6881e-59,1.0094e-56,5.8589e-30,1.5726e-43,6.6126e-82,1.2289e-39,1.7724e-20,6.799e-76,4.1308e-33,4.7301e-72,7.6594e-69,5.8947e-33,2.4861e-54,2.2132e-44,1.5525e-52,1.7782e-47,6.1055e-40,8.4477e-39,1.4956e-41,3.2231e-46,8.7909e-90,1.2576e-26,6.2809e-32,1.3524e-22,1.9078e-41,1.6454e-45,1.1778e-17,6.6659e-33,1.7766e-42,2.5128e-22,3.9149e-68,7.7052e-50,9.3487e-72,3.0574e-53,9.3924e-58,2.8497e-33,5.9853e-35,7.7437e-42,6.2588e-44,7.5093e-77,3.4453e-19,2.3842e-37,2.9121e-29,1.5374e-25,3.1002e-20,3.903e-69,3.9863e-32,9.5927e-22,5.5667e-58,2.4863e-47,4.4441e-31,4.8086e-37,4.8796e-43,1.2563e-39,1.0244e-44,2.9018e-88,3.7197e-45,1.8874e-49,1.4896e-27,2.4961e-64,2.8913e-22,6.1077e-49,8.1109e-37,2.4389e-15,3.6176e-50,1.8435e-60,6.1002e-40,1.7851e-34,1.0664e-53,6.5096e-27,6.743e-53,1.7943e-64,1.9529e-44,1.5135e-38,3.7427e-30,1.3486e-26
6.2451e-64,9.2497e-41,7.4013e-57,1.6264e-45,7.6298e-38,2.1562e-32,4.543e-43,3.4823e-22,1.1528e-34,1.4654e-33,3.7676e-29,1.4014e-47,6.3068e-43,7.1158e-33,2e-31,8.6694e-19,1,1.1916e-24,1.0305e-36,1.0943e-39,4.069e-54,9.7742e-36,1.1298e-19,7.4723e-32,1.9001e-37,1.7131e-29,2.5567e-43,1.0054e-20,1.5704e-20,9.0278e-35,2.2151e-27,8.2403e-27,1.3803e-34,6.6335e-51,3.0996e-25,1.6369e-46,1.0654e-31,1.9883e-42,2.7678e-34,9.7335e-41,4.7139e-24,9.6133e-58,2.6131e-21,8.9161e-23,1.7436e-41,1.1537e-42,2.5105e-57,2.1376e-29,1.7536e-35,3.6846e-23,9.6945e-50,9.8724e-37,1.6037e-38,4.6226e-40,2.1868e-29,1.1932e-48,6.9566e-61,8.1925e-26,2.381e-28,5.7686e-35,6.0482e-28,3.2041e-19,8.0502e-42,2.6019e-22,7.2582e-34,4.3882e-20,1.1798e-48,8.3379e-60,4.6637e-58,5.1656e-28,4.434e-41,2.0676e-78,1.8972e-36,2.645e-27,1.8472e-74,2.9139e-34,6.4463e-75,2.273e-68,2.8317e-38,8.9195e-56,1.1686e-47,8.962e-55,1.4403e-47,1.2397e-44,2.2531e-39,8.683e-46,2.2418e-45,4.6088e-88,3.0268e-35,8.2991e-37,3.2123e-28,3.0442e-44,6.2053e-45,7.1204e-23,3.1862e-33,9.0102e-41,4.4368e-24,6.1083e-69,1.7386e-53,2.4135e-75,9.5704e-50,2.7197e-54,2.0452e-29,4.3637e-35,5.7014e-34,3.5138e-47,2.2035e-79,4.6251e-29,4.4689e-38,2.9563e-34,3.2988e-28,2.2169e-25,1.2098e-65,1.2884e-37,1.177e-27,1.9181e-55,7.6884e-41,2.7681e-26,8.6165e-39,5.3874e-44,1.3864e-30,3.5324e-44,8.6666e-88,2.4121e-51,4.0266e-50,3.2745e-34,1.992e-63,4.3492e-34,2.2901e-46,1.8323e-37,4.992e-24,6.6036e-51,5.058e-56,2.8988e-42,8.7384e-28,3.8747e-59,8.0496e-35,1.9622e-52,3.9217e-63,3.145e-40,1.8539e-40,2.0974e-29,1.1346e-26
4.6592e-51,1.3228e-31,5.1836e-46,4.1799e-39,6.1004e-28,3.0345e-19,1.3598e-35,5.6943e-17,3.3857e-25,8.3788e-22,3.3756e-26,2.1019e-36,1.9022e-33,5.2434e-29,4.8968e-26,4.8761e-21,1.1916e-24,1,2.879e-28,9.687e-28,2.6365e-38,3.3639e-23,1.0845e-13,6.4845e-28,4.5166e-31,8.3866e-22,4.8871e-33,2.1738e-11,3.9552e-23,1.4849e-23,2.4231e-14,1.8852e-20,2.531e-21,1.8905e-41,1.0839e-23,5.112e-40,6.0527e-23,4.2403e-31,6.8157e-22,1.1294e-29,3.6295e-13,6.5375e-51,9.4238e-24,7.931e-11,7.4931e-37,1.9246e-34,5.0942e-41,2.9522e-22,1.3866e-21,1.8392e-14,8.5734e-38,4.9361e-35,7.2999e-26,2.2101e-34,2.2989e-21,1.7225e-36,3.8051e-48,9.7099e-25,1.5721e-18,3.3568e-27,1.4956e-17,7.3219e-24,2.3355e-34,1.4783e-19,2.1325e-28,1.3849e-26,3.757e-38,1.1058e-52,2.0299e-43,1.4846e-20,7.7523e-40,3.2014e-68,2.2789e-33,1.961e-19,1.8329e-75,1.7542e-25,5.4285e-60,7.2182e-61,1.2793e-36,1.08e-41,7.7271e-34,3.965e-40,1.5782e-39,6.3097e-32,9.1695e-28,3.9846e-31,3.6967e-36,1.5231e-84,1.7657e-28,1.967e-26,2.2819e-18,7.9378e-37,7.8658e-34,5.0134e-22,9.7953e-24,1.6396e-30,7.203e-28,2.2779e-57,2.5378e-41,2.6299e-61,1.8917e-45,3.4412e-50,6.9789e-23,3.4575e-34,4.3166e-40,3.6907e-35,7.9471e-67,3.0531e-22,3.5076e-25,6.4188e-30,6.9916e-23,6.7146e-19,1.3687e-56,2.5349e-29,1.2995e-23,3.3287e-49,3.0547e-40,1.7521e-25,3.6455e-24,1.1441e-42,6.0448e-35,6.8745e-33,7.9376e-81,2.1343e-49,9.119e-40,1.7751e-37,1.0724e-54,7.1156e-25,2.5239e-36,6.5688e-31,6.546e-23,1.4205e-37,2.3994e-51,1.9339e-45,6.1621e-27,3.1344e-48,5.6033e-28,1.1888e-46,3.8624e-56,5.6917e-31,2.1295e-32,8.8061e-22,5.0065e-30
7.4458e-36,6.3389e-23,1.19e-36,1.8515e-31,1.5404e-22,4.8647e-36,2.9934e-23,5.734e-34,2.1933e-29,5.1671e-26,2.4001e-24,1.2977e-32,1.034e-23,4.2797e-24,8.0805e-37,5.8342e-40,1.0305e-36,2.879e-28,1,7.5265e-23,2.1585e-32,1.2503e-20,1.6603e-26,2.3285e-18,3.1339e-22,1.3132e-22,1.4171e-21,1.165e-27,1.3812e-34,9.2457e-22,1.9376e-26,4.9086e-24,7.3585e-27,1.3914e-33,1.5284e-23,1.5315e-31,1.9436e-22,3.4738e-20,2.9375e-23,2.6531e-22,1.0508e-30,9.0687e-44,8.1316e-33,6.8812e-31,1.4569e-22,7.8967e-21,2.9469e-39,3.0397e-19,7.2582e-27,1.2417e-31,9.4884e-28,2.5168e-36,2.3536e-23,5.0695e-19,1.9469e-27,3.1794e-26,2.1565e-35,4.2501e-25,1.9481e-23,1.1107e-26,1.3089e-26,8.3349e-39,7.8811e-24,1.1263e-25,2.9704e-23,2.206e-41,3.8105e-27,1.4485e-45,4.6919e-36,5.507e-21,5.0847e-40,1.4051e-56,6.4604e-29,3.5968e-31,3.1569e-77,1.9005e-27,4.376e-50,1.625e-50,1.7705e-37,6.5649e-37,1.032e-30,9.1151e-34,4.6861e-36,2.4764e-33,6.8809e-32,5.7599e-35,3.2165e-27,3.7999e-80,5.2039e-44,3.3581e-28,2.2013e-35,3.8418e-39,4.5837e-26,3.5607e-38,7.5623e-23,4.1752e-32,2.4589e-35,1.2767e-41,2.2332e-39,2.9382e-55,1.85e-41,6.4226e-44,8.719e-32,3.5055e-35,6.1088e-53,1.4475e-36,2.0371e-57,6.2003e-39,1.098e-19,1.5164e-42,3.198e-37,5.1391e-34,6.8495e-44,1.3464e-40,9.4172e-37,3.5292e-41,2.6254e-39,2.9e-40,4.4201e-32,6.9966e-47,2.7167e-38,1.6314e-23,2.4697e-66,1.1867e-58,1.3808e-36,8.4541e-48,1.3271e-40,9.599e-37,4.5971e-32,3.4904e-36,7.2665e-43,3.6249e-30,1.5329e-48,5.0584e-54,4.6605e-27,1.5966e-38,2.8611e-40,5.2828e-38,6.3568e-45,2.3512e-28,1.5589e-32,2.0574e-25,2.2019e-43
4.8705e-42,9.5807e-33,6.3394e-47,1.883e-30,1.3189e-21,7.0978e-35,5.3869e-19,9.9524e-30,1.4582e-26,1.2194e-28,9.655e-35,1.1972e-37,7.6213e-19,9.6565e-21,3.2432e-39,7.9132e-36,1.0943e-39,9.687e-28,7.5265e-23,1,1.4028e-34,1.0818e-27,1.5115e-30,1.1419e-32,1.166e-19,6.6964e-25,3.3834e-32,2.0806e-27,1.7279e-33,2.5473e-32,3.5283e-26,1.5267e-27,1.549e-29,1.3867e-42,3.2049e-35,3.9617e-44,3.4585e-33,2.1042e-28,3.0293e-31,3.2868e-33,2.2844e-30,2.5323e-54,2.6826e-38,9.7717e-30,9.9954e-24,2.2667e-18,3.6796e-38,3.2406e-29,9.1113e-28,3.7159e-28,1.7433e-34,1.9792e-35,2.0394e-30,2.5599e-30,4.4002e-35,3.4997e-37,9.3586e-47,3.8602e-31,1.7162e-30,1.7507e-33,9.6944e-31,9.1371e-39,5.4659e-40,5.5793e-27,3.0604e-36,3.2041e-41,1.4586e-38,5.3167e-50,1.9077e-41,4.8847e-28,9.6735e-48,5.5166e-67,1.3756e-38,9.2098e-26,3.013e-82,1.5023e-27,9.5751e-51,2.3761e-50,2.8217e-33,2.4085e-40,1.1588e-32,2.4737e-33,3.1024e-41,6.3678e-35,3.1737e-34,7.653e-28,1.7881e-34,6.9626e-87,7.4711e-37,5.1444e-25,6.1692e-32,5.0196e-40,1.3244e-24,5.4829e-37,3.9005e-26,1.7357e-33,1.6306e-35,4.0564e-40,2.4012e-37,5.2294e-55,4.9669e-52,1.7405e-55,7.6514e-36,2.4615e-40,2.0178e-57,2.2934e-37,5.3568e-59,2.9108e-30,6.3965e-20,1.4984e-39,5.2543e-35,6.1188e-33,7.5129e-57,6.5444e-36,1.27e-35,2.3384e-49,2.1237e-48,1.6175e-40,1.4628e-34,3.115e-49,1.9806e-45,1.2682e-31,1.3937e-64,8.001e-59,7.6108e-35,8.4958e-46,2.0916e-48,4.3832e-30,5.0276e-41,4.7486e-39,5.5753e-39,5.2554e-33,1.0861e-58,2.5884e-55,2.3995e-36,1.8808e-34,9.5166e-38,5.4535e-47,2.3323e-45,2.2098e-34,2.8064e-33,1.8453e-31,4.4749e-41
8.0357e-33,6.0897e-28,1.3112e-29,9.4664e-47,2.139e-39,3.9289e-39,7.0605e-40,9.7523e-48,3.9499e-43,2.08e-38,1.7261e-44,8.2697e-35,4.3739e-43,1.8125e-46,5.7963e-51,2.6495e-53,4.069e-54,2.6365e-38,2.1585e-32,1.4028e-34,1,2.9717e-30,7.0721e-43,2.6757e-39,2.7212e-44,5.8827e-38,5.6819e-32,6.5089e-42,9.4238e-51,1.3569e-34,2.5659e-36,7.655e-42,1.1985e-30,9.5275e-31,1.0864e-42,5.7224e-42,3.1141e-38,7.0085e-35,2.3157e-32,8.0486e-31,2.747e-41,1.0871e-51,7.5441e-51,2.806e-40,3.7789e-45,2.7685e-39,1.4221e-24,1.6073e-35,4.6106e-32,2.4523e-45,5.2213e-29,3.765e-55,6.3808e-34,1.9522e-36,6.3371e-43,2.9593e-30,1.6179e-28,3.07e-40,5.6907e-37,1.7846e-39,1.6338e-37,6.4982e-54,1.1087e-36,6.2758e-43,2.1936e-40,2.4289e-56,4.5602e-31,5.8393e-42,7.8908e-26,6.4268e-39,1.6603e-58,8.7602e-53,3.0819e-44,3.3383e-44,6.7197e-90,6.583e-43,3.5762e-37,1.4205e-54,1.8731e-55,1.5206e-33,3.8284e-31,4.3712e-29,2.8496e-43,4.1309e-36,3.3064e-39,1.8867e-26,1.1847e-33,2.5403e-88,3.8011e-50,2.1921e-37,1.6642e-43,1.5552e-48,1.2213e-34,9.2343e-51,3.5389e-33,3.8809e-36,8.3724e-54,8.2203e-42,6.0984e-33,1.1146e-38,8.0687e-52,3.3513e-54,7.4506e-43,1.373e-51,2.9284e-60,9.7653e-41,4.2893e-42,3.2446e-49,5.5392e-31,1.1899e-54,7.1196e-47,1.4132e-45,5.0321e-43,5.5485e-48,1.1236e-49,7.8951e-47,1.434e-46,6.6055e-50,2.1984e-33,8.7389e-63,4.6796e-50,4.3695e-36,2.6283e-70,1.4484e-69,1.4292e-37,7.1104e-65,7.824e-42,1.756e-46,1.2917e-38,1.586e-49,6.0377e-53,2.1091e-26,3.4109e-55,1.5911e-70,9.2682e-44,1.1324e-49,3.6522e-49,2.5959e-52,9.5398e-54,5.2884e-35,3.4784e-46,2.0263e-41,1.7447e-55
1.4306e-36,9.6025e-23,4.9707e-38,5.2923e-39,9.4745e-28,1.5492e-29,1.9838e-32,3.3721e-32,6.7139e-30,5.7933e-22,1.0933e-23,3.0253e-26,3.329e-32,5.8507e-32,5.3222e-34,3.2009e-37,9.7742e-36,3.3639e-23,1.2503e-20,1.0818e-27,2.9717e-30,1,5.0504e-24,1.1086e-23,5.0181e-31,5.3562e-21,1.3772e-20,8.1461e-26,5.4221e-34,7.1457e-22,4.6867e-23,2.3097e-21,3.8601e-23,6.0495e-32,1.0024e-24,2.4386e-32,2.779e-19,8.0635e-19,5.6231e-17,5.1103e-19,6.8691e-23,1.6323e-41,6.0363e-30,6.4039e-26,2.6655e-32,2.5144e-32,3.3968e-38,6.6417e-18,3.012e-25,9.4244e-30,3.3445e-31,1.4933e-39,4.2157e-22,1.0004e-23,4.266e-26,2.9308e-26,2.7067e-37,8.899e-26,1.2689e-20,8.977e-20,2.2668e-18,6.0867e-37,6.2557e-24,4.4399e-26,1.4159e-26,1.992e-41,1.8801e-29,7.4594e-49,8.0239e-37,2.0423e-23,3.4117e-42,9.0705e-58,2.1699e-34,1.3444e-30,1.2548e-77,1.1311e-26,1.3506e-55,3.0271e-59,2.887e-46,3.8772e-37,5.4578e-31,1.4336e-37,2.6891e-35,3.5884e-35,3.6217e-20,1.1043e-33,2.6671e-32,1.8971e-82,1.3507e-40,1.5806e-30,1.1058e-32,7.3876e-41,1.7981e-30,1.1027e-36,3.2637e-24,1.201e-28,2.8374e-37,2.8156e-47,2.627e-39,2.2335e-56,1.654e-42,3.9229e-43,7.6394e-25,1.1193e-36,6.0871e-49,3.9007e-39,3.8643e-60,1.261e-38,6.6052e-21,2.7493e-38,1.9916e-34,3.7385e-30,4.9453e-42,1.323e-34,1.8377e-34,6.7805e-47,5.1187e-38,4.13e-38,9.8724e-27,4.4601e-50,4.8298e-36,3.5195e-24,4.0405e-75,5.5382e-57,2.4878e-38,8.1794e-48,3.9287e-44,8.9606e-37,1.3783e-27,1.6702e-29,7.2347e-38,2.5067e-29,1.2618e-43,3.0418e-52,1.1093e-28,6.2193e-46,2.1315e-37,4.7068e-39,1.4863e-52,1.3854e-22,1.3262e-34,2.135e-25,1.3033e-37
2.2493e-52,1.3073e-29,5.3536e-47,1.6657e-40,9.0548e-31,4.9982e-25,5.5488e-36,6.759e-17,1.9742e-23,3.2824e-21,1.8223e-23,3.4921e-35,5.3117e-34,1.429e-28,1.7786e-26,2.798e-21,1.1298e-19,1.0845e-13,1.6603e-26,1.5115e-30,7.0721e-43,5.0504e-24,1,1.0845e-24,4.5326e-31,6.3381e-21,3.9947e-33,1.7942e-13,2.4422e-22,3.5148e-23,3.7125e-15,7.528e-19,8.6343e-23,1.8775e-41,3.3423e-19,6.693e-38,2.3812e-18,2.5812e-29,4.2441e-23,3.9656e-30,2.5154e-15,8.5052e-51,2.0232e-21,1.4842e-15,4.1252e-36,3.9945e-35,1.4061e-46,1.8216e-18,2.6841e-25,4.6894e-15,5.679e-40,2.3337e-35,1.9789e-24,1.5308e-32,8.9606e-21,6.0254e-38,2.2307e-49,4.0416e-25,1.1231e-18,7.4135e-26,3.8595e-17,2.3665e-21,1.5421e-31,1.9621e-16,1.27e-26,2.35e-28,2.8317e-36,6.9932e-53,2.3843e-46,1.5171e-15,1.0344e-36,2.528e-69,3.0511e-32,4.4773e-23,1.7692e-75,2.6035e-28,2.3839e-64,2.3675e-65,6.8297e-37,3.0043e-46,9.9489e-38,3.5235e-44,2.1046e-39,2.1786e-36,1.2294e-28,2.8487e-36,2.6649e-38,4.746e-85,2.0333e-29,3.0075e-31,1.5382e-24,2.2113e-40,2.1467e-37,7.3104e-22,5.6951e-24,8.0802e-34,3.3592e-24,1.5339e-60,4.8631e-43,1.4324e-66,1.6191e-45,6.2971e-49,2.5877e-24,1.7201e-34,1.6472e-41,3.9879e-40,1.3369e-70,3.8453e-26,5.0917e-26,4.27e-32,1.196e-23,4.0625e-16,1.8676e-55,6.956e-28,6.6741e-25,2.1166e-49,8.3126e-40,1.5746e-27,1.2466e-29,3.5315e-43,3.2338e-34,1.4181e-33,5.6964e-83,2.9509e-51,4.6102e-42,6.1782e-32,8.5341e-57,5.1639e-28,1.0947e-37,1.6094e-31,8.7019e-24,2.6895e-40,1.2214e-49,8.0781e-39,1.5886e-25,7.1755e-49,3.6147e-32,1.1117e-45,6.5627e-58,3.1242e-32,3.2832e-34,6.0407e-19,1.3424e-27
9.0309e-46,1.5965e-27,9.3649e-41,5.857e-33,3.3686e-26,5.3725e-34,2.6126e-32,4.0112e-34,1.0969e-31,1.2079e-22,3.5874e-16,2.8015e-38,8.9182e-34,2.4061e-31,7.4449e-26,8.4139e-37,7.4723e-32,6.4845e-28,2.3285e-18,1.1419e-32,2.6757e-39,1.1086e-23,1.0845e-24,1,1.3433e-30,1.6309e-24,1.171e-25,9.3889e-27,6.0115e-29,2.6768e-19,3.771e-29,4.7179e-22,1.2342e-30,5.1443e-36,5.3051e-16,5.4594e-28,5.8414e-21,1.0054e-24,7.2139e-25,5.7217e-25,2.2298e-29,3.6832e-38,4.5518e-24,4.5958e-29,4.3848e-30,1.0064e-33,1.3751e-46,5.1158e-16,1.0848e-30,8.3235e-31,6.8235e-35,2.679e-32,9.1958e-22,1.4117e-20,4.191e-17,3.2225e-24,5.8334e-38,1.5592e-21,5.4121e-18,6.6917e-26,1.268e-27,3.5526e-34,1.63e-19,8.8376e-25,7.7619e-13,5.6212e-38,1.5124e-31,2.8041e-49,1.6069e-42,1.1767e-22,7.6824e-28,2.1107e-53,5.2608e-21,3.0353e-30,3.0633e-64,2.1666e-26,2.756e-58,1.4817e-56,1.4645e-39,4.0464e-36,9.0207e-30,1.0346e-38,1.776e-35,1.1366e-30,4.9617e-33,1.4666e-42,5.41e-29,2.761e-69,3.106e-48,4.6886e-29,5.6791e-36,8.7094e-31,2.5252e-33,9.3676e-35,9.0504e-26,2.2219e-35,9.766e-34,6.5756e-52,2.6871e-48,1.6321e-58,2.4767e-33,1.2542e-36,3.3091e-28,1.3552e-27,1.1218e-47,5.7615e-34,5.2871e-63,5.4895e-40,9.1989e-28,1.7807e-37,2.3099e-38,8.9923e-35,3.3461e-44,3.7372e-46,3.0148e-31,2.4986e-44,7.4786e-35,1.3711e-40,1.6275e-28,1.6676e-36,9.0438e-31,7.8161e-29,6.741e-75,1.6577e-51,4.8586e-48,3.9175e-46,4.6574e-42,1.0562e-35,1.2462e-26,1.0135e-27,3.812e-38,3.1339e-34,1.5747e-47,7.8101e-50,4.7134e-23,3.3823e-47,3.0975e-33,7.1921e-34,9.6316e-51,4.3752e-32,1.9495e-26,6.5667e-22,3.8599e-45
4.9793e-45,6.5389e-38,1.6957e-51,7.1096e-24,9.7646e-16,2.5285e-41,9.9419e-17,4.9763e-32,2.6012e-30,5.2636e-32,2.5166e-32,1.9058e-43,5.4661e-11,1.2777e-08,3.8181e-39,1.0008e-37,1.9001e-37,4.5166e-31,3.1339e-22,1.166e-19,2.7212e-44,5.0181e-31,4.5326e-31,1.3433e-30,1,3.6085e-29,6.1066e-33,4.419e-28,2.1426e-34,2.5941e-33,2.5938e-31,1.5318e-27,3.002e-35,8.7089e-47,6.8337e-32,1.0802e-43,2.5258e-34,2.4344e-29,1.6079e-34,3.6885e-36,2.1449e-33,1.2542e-53,5.674e-34,2.1475e-33,4.2862e-11,3.9385e-14,6.2416e-47,9.8853e-31,2.3073e-30,7.1416e-31,3.9592e-36,1.2253e-28,3.6578e-34,4.8747e-27,1.138e-33,2.1579e-39,5.8815e-51,1.5352e-28,7.549e-32,1.3899e-34,1.9374e-33,3.5023e-39,2.1798e-38,5.3318e-28,6.6959e-33,4.3827e-38,4.9777e-43,1.8008e-53,1.8159e-48,3.3683e-31,1.6515e-44,1.5159e-68,7.0083e-36,2.5096e-26,1.7966e-77,4.884e-23,6.5995e-57,5.538e-47,1.5129e-27,1.6568e-45,1.1755e-37,2.6804e-39,1.8389e-43,7.3985e-39,7.6047e-37,2.145e-38,8.5214e-34,4.665e-83,2.0012e-42,1.983e-27,3.2587e-35,2.0953e-39,8.5111e-24,3.0375e-36,4.8135e-29,7.1585e-36,5.6177e-32,1.9923e-41,1.3866e-44,2.6306e-63,9.027e-49,1.8078e-53,4.3525e-35,5.788e-37,8.1385e-55,1.2239e-39,1.0567e-65,6.3142e-33,1.2847e-21,2.2477e-41,5.5544e-36,5.1229e-36,1.0797e-58,1.3026e-42,3.1793e-36,1.4263e-47,1.5907e-46,3.5829e-39,4.9515e-39,8.279e-45,1.12e-42,1.4354e-29,4.6907e-61,1.8527e-56,1.1826e-42,2.3913e-44,4.3495e-48,8.4429e-35,3.0828e-41,2.3091e-39,1.8117e-41,2.681e-40,1.158e-56,5.3316e-54,4.1088e-34,2.1069e-33,2.1665e-40,6.7024e-42,4.8176e-40,1.7009e-34,1.2475e-31,1.0031e-32,3.3469e-42
