1,0.45778,0.28189,0.00995,0.026722,0.0038439,0.2783,0.25855,0.20262,0.16208,0.0084214,0.11087,0.11569,0.19283,0.14477,0.57645,0.20179,0.27327,0.23803,0.29484,0.65804,0.089702,0.041702,0.064662,0.29042,0.039368,0.0071224,0.20357,0.35581,0.02514,0.20131,0.23889,0.77915,0.030094,0.4721,0.49275,0.10274,0.65403,0.12012,0.3652,0.51948,0.14893,0.31879,0.026633,0.15693,0.51205,0.058703,0.030619,0.39765,0.15028,0.54176
0.45778,1,0.13267,0.0046871,0.01257,0.0018096,0.58299,0.54351,0.42746,0.076453,0.0039608,0.052194,0.054577,0.091095,0.067979,0.64776,0.42572,0.57141,0.50114,0.13934,0.65251,0.042328,0.019671,0.030381,0.60483,0.018578,0.0033568,0.42209,0.73035,0.011873,0.095301,0.1133,0.38871,0.014166,0.72725,0.23461,0.048425,0.66303,0.056597,0.17323,0.24868,0.31245,0.63078,0.012516,0.33121,0.81004,0.0277,0.014435,0.20785,0.071315,0.26266
0.28189,0.13267,1,0.034645,0.093196,0.0134,0.079712,0.073989,0.05797,0.54531,0.029393,0.38287,0.39429,0.63524,0.50543,0.17627,0.057759,0.078245,0.068107,0.80533,0.19284,0.3079,0.14402,0.22596,0.083432,0.1357,0.024766,0.058666,0.10196,0.086525,0.6478,0.71397,0.33093,0.10468,0.14009,0.54648,0.35245,0.19159,0.41422,0.69689,0.50921,0.042738,0.092818,0.092832,0.044978,0.14813,0.20171,0.10578,0.43176,0.48997,0.47367
0.00995,0.0046871,0.034645,1,0.36658,0.37287,0.0028044,0.0026057,0.0020369,0.060698,0.75239,0.088611,0.085311,0.051065,0.067654,0.0063005,0.00203,0.0027552,0.002395,0.033273,0.0067892,0.10995,0.23392,0.15178,0.0029345,0.24585,0.66629,0.0020647,0.0036006,0.38418,0.047684,0.04096,0.011762,0.3255,0.0049455,0.019665,0.096289,0.0067636,0.081252,0.026243,0.0185,0.0015039,0.0032559,0.36755,0.0015748,0.0052182,0.1671,0.31956,0.018706,0.062845,0.017143
0.026722,0.01257,0.093196,0.36658,1,0.14201,0.0075256,0.006989,0.0054673,0.16241,0.31038,0.23766,0.22804,0.13676,0.18194,0.016887,0.005448,0.0073912,0.0064268,0.089217,0.018226,0.29355,0.60713,0.40715,0.0078773,0.62624,0.26194,0.0055405,0.0096566,0.76823,0.12748,0.10937,0.031563,0.81214,0.013273,0.052793,0.25748,0.018155,0.21762,0.070414,0.049583,0.0040339,0.0087454,0.86176,0.0042303,0.014003,0.44075,0.77909,0.049605,0.16699,0.045987
0.0038439,0.0018096,0.0134,0.37287,0.14201,1,0.001083,0.001006,0.00078671,0.023417,0.43577,0.034249,0.032881,0.019696,0.026188,0.0024383,0.00078412,0.001064,0.00092481,0.012839,0.002622,0.042399,0.090479,0.058721,0.0011336,0.095261,0.50397,0.00079832,0.0013901,0.14862,0.018474,0.015786,0.0045441,0.12575,0.0019121,0.0075966,0.037109,0.0026123,0.031476,0.010153,0.0071465,0.00058084,0.0012597,0.14238,0.00060856,0.0020154,0.064418,0.12327,0.0072998,0.024376,0.0066325
0.2783,0.58299,0.079712,0.0028044,0.0075256,0.001083,1,0.87646,0.71381,0.045858,0.0023705,0.031281,0.03271,0.054648,0.040787,0.42089,0.71092,0.87862,0.82791,0.083706,0.40577,0.025351,0.011786,0.018202,0.85903,0.011132,0.002009,0.67616,0.75775,0.0071096,0.057258,0.06799,0.23551,0.008482,0.52562,0.14122,0.029012,0.4097,0.03394,0.10443,0.14975,0.51799,0.74136,0.0074954,0.55438,0.52831,0.016593,0.0086438,0.1291,0.042875,0.15898
0.25855,0.54351,0.073989,0.0026057,0.006989,0.001006,0.87646,1,0.76655,0.042613,0.0022029,0.029038,0.030409,0.050783,0.037872,0.39148,0.75938,0.88192,0.88075,0.077744,0.377,0.023568,0.010951,0.016905,0.82115,0.010351,0.0018668,0.71124,0.71123,0.0066136,0.05327,0.063301,0.21937,0.0078837,0.49204,0.13124,0.026978,0.38085,0.031543,0.096984,0.13974,0.55743,0.71329,0.0069634,0.59259,0.49504,0.015437,0.0080395,0.12022,0.039888,0.14793
0.20262,0.42746,0.05797,0.0020369,0.0054673,0.00078671,0.71381,0.76655,1,0.033318,0.0017224,0.022727,0.023761,0.039698,0.029657,0.30957,0.89656,0.72226,0.82841,0.060823,0.29599,0.018415,0.0085597,0.013229,0.67551,0.008087,0.0014591,0.78113,0.55884,0.0051639,0.041667,0.049401,0.17142,0.0061629,0.39147,0.1027,0.021076,0.29856,0.02467,0.076002,0.10898,0.69106,0.58528,0.0054448,0.75445,0.38661,0.012054,0.0062783,0.095216,0.031199,0.11593
0.16208,0.076453,0.54531,0.060698,0.16241,0.023417,0.045858,0.042613,0.033318,1,0.051243,0.64851,0.68917,0.78851,0.76947,0.10196,0.033199,0.045049,0.039164,0.53333,0.11071,0.54082,0.2531,0.38777,0.047922,0.23836,0.043429,0.033656,0.058852,0.15319,0.68475,0.65043,0.19145,0.18291,0.080247,0.31865,0.61875,0.11035,0.68254,0.41555,0.29966,0.024546,0.053016,0.16185,0.02575,0.085221,0.35594,0.18656,0.27325,0.70177,0.27474
0.0084214,0.0039608,0.029393,0.75239,0.31038,0.43577,0.0023705,0.0022029,0.0017224,0.051243,1,0.074974,0.071933,0.043095,0.057459,0.0053295,0.0017164,0.0023293,0.0020245,0.028119,0.0057439,0.092729,0.19706,0.1288,0.0024814,0.20704,0.72714,0.0017475,0.0030424,0.32075,0.040409,0.034527,0.009953,0.27487,0.0041879,0.016638,0.081243,0.0057194,0.068904,0.02224,0.015656,0.0012719,0.002759,0.31116,0.0013325,0.0044156,0.14076,0.26837,0.015892,0.053207,0.014524
0.11087,0.052194,0.38287,0.088611,0.23766,0.034249,0.031281,0.029038,0.022727,0.64851,0.074974,1,0.81471,0.55441,0.71729,0.069789,0.022652,0.030728,0.026716,0.36744,0.075761,0.74716,0.366,0.56533,0.032731,0.34303,0.063355,0.023005,0.040118,0.22124,0.50619,0.44462,0.13073,0.2665,0.054999,0.21815,0.8208,0.075333,0.77374,0.28858,0.20424,0.016756,0.036262,0.23674,0.017589,0.058117,0.50812,0.2702,0.19472,0.61414,0.18908
0.11569,0.054577,0.39429,0.085311,0.22804,0.032881,0.03271,0.030409,0.023761,0.68917,0.071933,0.81471,1,0.59096,0.71388,0.072971,0.023677,0.032142,0.027939,0.38502,0.078969,0.76026,0.35603,0.53658,0.034185,0.33535,0.061097,0.024006,0.042016,0.21638,0.5282,0.47699,0.13685,0.25725,0.057265,0.22808,0.86894,0.078811,0.79197,0.29948,0.21511,0.01751,0.03779,0.22719,0.018349,0.060831,0.50243,0.26325,0.20132,0.64004,0.19725
0.19283,0.091095,0.63524,0.051065,0.13676,0.019696,0.054648,0.050783,0.039698,0.78851,0.043095,0.55441,0.59096,1,0.68562,0.12153,0.03956,0.053663,0.046675,0.63356,0.13171,0.45948,0.21374,0.32708,0.057122,0.20135,0.036573,0.040067,0.070167,0.12934,0.74259,0.77297,0.2279,0.15406,0.095381,0.37891,0.52609,0.13156,0.5916,0.48998,0.35682,0.02923,0.063047,0.13611,0.030672,0.10152,0.30087,0.15732,0.31711,0.66358,0.32568
0.14477,0.067979,0.50543,0.067654,0.18194,0.026188,0.040787,0.037872,0.029657,0.76947,0.057459,0.71729,0.71388,0.68562,1,0.090872,0.029552,0.040047,0.034843,0.47371,0.098817,0.5823,0.27875,0.44017,0.042715,0.26216,0.048345,0.030052,0.052234,0.16763,0.6383,0.55513,0.17049,0.20395,0.071909,0.28434,0.66055,0.098284,0.75756,0.37714,0.26612,0.021875,0.047565,0.18126,0.022996,0.075902,0.38732,0.20529,0.24992,0.68586,0.24722
0.57645,0.64776,0.17627,0.0063005,0.016887,0.0024383,0.42089,0.39148,0.30957,0.10196,0.0053295,0.069789,0.072971,0.12153,0.090872,1,0.30841,0.4127,0.3619,0.18515,0.71665,0.056644,0.026422,0.04074,0.43865,0.024947,0.004519,0.30896,0.52757,0.015932,0.12674,0.15053,0.49824,0.019021,0.63073,0.30864,0.064781,0.73518,0.075744,0.22902,0.3261,0.22746,0.4697,0.016814,0.24094,0.69708,0.037111,0.019369,0.26835,0.094962,0.34261
0.20179,0.42572,0.057759,0.00203,0.005448,0.00078412,0.71092,0.75938,0.89656,0.033199,0.0017164,0.022652,0.023677,0.03956,0.029552,0.30841,1,0.71794,0.82156,0.060618,0.29466,0.018352,0.0085315,0.013183,0.67261,0.0080597,0.0014545,0.77946,0.55613,0.0051456,0.041511,0.04921,0.17069,0.0061407,0.38961,0.10235,0.020999,0.29743,0.024579,0.075749,0.1085,0.69066,0.58117,0.0054257,0.75646,0.38431,0.01201,0.0062557,0.094821,0.031084,0.11545
0.27327,0.57141,0.078245,0.0027552,0.0073912,0.001064,0.87862,0.88192,0.72226,0.045049,0.0023293,0.030728,0.032142,0.053663,0.040047,0.4127,0.71794,1,0.83582,0.0822,0.399,0.024909,0.011579,0.017877,0.83979,0.010936,0.0019737,0.68222,0.74493,0.0069891,0.05627,0.066852,0.23125,0.008337,0.51661,0.13859,0.028512,0.40204,0.03333,0.10249,0.14724,0.5262,0.72779,0.0073659,0.56018,0.51956,0.016314,0.0084968,0.12707,0.042152,0.15631
0.23803,0.50114,0.068107,0.002395,0.0064268,0.00092481,0.82791,0.88075,0.82841,0.039164,0.0020245,0.026716,0.027939,0.046675,0.034843,0.3619,0.82156,0.83582,1,0.071486,0.34794,0.021653,0.010063,0.015549,0.77895,0.0095089,0.0017156,0.75262,0.6559,0.0060731,0.048961,0.058104,0.20148,0.0072448,0.45622,0.12066,0.024783,0.35053,0.028994,0.089257,0.12811,0.60116,0.66934,0.0064025,0.64644,0.45348,0.014177,0.0073837,0.11114,0.036657,0.13612
0.29484,0.13934,0.80533,0.033273,0.089217,0.012839,0.083706,0.077744,0.060823,0.53333,0.028119,0.36744,0.38502,0.63356,0.47371,0.18515,0.060618,0.0822,0.071486,1,0.20198,0.29903,0.13918,0.21488,0.087492,0.13118,0.023814,0.061356,0.10737,0.084011,0.62674,0.75676,0.34752,0.10049,0.14598,0.57368,0.34249,0.20133,0.39482,0.70656,0.53665,0.04478,0.09653,0.088892,0.047033,0.15534,0.19579,0.10229,0.43978,0.47645,0.48926
0.65804,0.65251,0.19284,0.0067892,0.018226,0.002622,0.40577,0.377,0.29599,0.11071,0.0057439,0.075761,0.078969,0.13171,0.098817,0.71665,0.29466,0.399,0.34794,0.20198,1,0.061237,0.028461,0.044132,0.42239,0.026873,0.0048585,0.29624,0.51746,0.017167,0.13799,0.16359,0.55814,0.020538,0.65606,0.33896,0.07013,0.83424,0.081956,0.25101,0.35773,0.21757,0.45801,0.018183,0.22914,0.72476,0.0401,0.020902,0.29167,0.10309,0.379
0.089702,0.042328,0.3079,0.10995,0.29355,0.042399,0.025351,0.023568,0.018415,0.54082,0.092729,0.74716,0.76026,0.45948,0.5823,0.056644,0.018352,0.024909,0.021653,0.29903,0.061237,1,0.45671,0.67475,0.0265,0.4301,0.078766,0.018617,0.032561,0.27843,0.41735,0.3698,0.10611,0.33104,0.044446,0.17706,0.85473,0.061088,0.68878,0.23347,0.16691,0.013575,0.029325,0.29246,0.014226,0.047159,0.64269,0.33888,0.15898,0.52742,0.15337
0.041702,0.019671,0.14402,0.23392,0.60713,0.090479,0.011786,0.010951,0.0085597,0.2531,0.19706,0.366,0.35603,0.21374,0.27875,0.026422,0.0085315,0.011579,0.010063,0.13918,0.028461,0.45671,1,0.60263,0.012326,0.77832,0.16791,0.0086635,0.015133,0.58047,0.1973,0.17169,0.049321,0.676,0.020689,0.082326,0.40126,0.028392,0.33481,0.1093,0.077554,0.0063127,0.013645,0.60403,0.0066148,0.021908,0.67511,0.69703,0.076199,0.25676,0.071523
0.064662,0.030381,0.22596,0.15178,0.40715,0.058721,0.018202,0.016905,0.013229,0.38777,0.1288,0.56533,0.53658,0.32708,0.44017,0.04074,0.013183,0.017877,0.015549,0.21488,0.044132,0.67475,0.60263,1,0.019057,0.56485,0.1084,0.013409,0.023343,0.37068,0.30471,0.26103,0.076295,0.45387,0.032127,0.12754,0.60495,0.043901,0.51744,0.17005,0.11969,0.0097645,0.021197,0.40535,0.010246,0.033885,0.76056,0.45416,0.11723,0.39011,0.11102
0.29042,0.60483,0.083432,0.0029345,0.0078773,0.0011336,0.85903,0.82115,0.67551,0.047922,0.0024814,0.032731,0.034185,0.057122,0.042715,0.43865,0.67261,0.83979,0.77895,0.087492,0.42239,0.0265,0.012326,0.019057,1,0.011638,0.0021018,0.64768,0.77042,0.0074288,0.059866,0.070953,0.24565,0.0088724,0.54562,0.14758,0.030325,0.42681,0.035516,0.10926,0.15625,0.49083,0.74903,0.0078422,0.52842,0.5476,0.017341,0.0090346,0.13522,0.044807,0.16616
0.039368,0.018578,0.1357,0.24585,0.62624,0.095261,0.011132,0.010351,0.008087,0.23836,0.20704,0.34303,0.33535,0.20135,0.26216,0.024947,0.0080597,0.010936,0.0095089,0.13118,0.026873,0.4301,0.77832,0.56485,0.011638,1,0.1769,0.0081881,0.014299,0.60685,0.18657,0.16213,0.046655,0.68675,0.019553,0.077815,0.37785,0.026818,0.31573,0.10316,0.073385,0.005966,0.012896,0.6272,0.0062457,0.020706,0.63933,0.72496,0.071802,0.24374,0.067556
0.0071224,0.0033568,0.024766,0.66629,0.26194,0.50397,0.002009,0.0018668,0.0014591,0.043429,0.72714,0.063355,0.061097,0.036573,0.048345,0.004519,0.0014545,0.0019737,0.0017156,0.023814,0.0048585,0.078766,0.16791,0.1084,0.0021018,0.1769,1,0.0014794,0.00258,0.27705,0.034155,0.029356,0.0084262,0.2326,0.0035418,0.014087,0.068928,0.0048449,0.05819,0.01878,0.013258,0.0010772,0.0023317,0.26258,0.0011278,0.0037376,0.11982,0.22932,0.013427,0.04507,0.012275
0.20357,0.42209,0.058666,0.0020647,0.0055405,0.00079832,0.67616,0.71124,0.78113,0.033656,0.0017475,0.023005,0.024006,0.040067,0.030052,0.30896,0.77946,0.68222,0.75262,0.061356,0.29624,0.018617,0.0086635,0.013409,0.64768,0.0081881,0.0014794,1,0.54425,0.0052225,0.042145,0.049772,0.17227,0.0062416,0.39061,0.1035,0.021303,0.29767,0.024985,0.076813,0.10977,0.64219,0.57274,0.0055223,0.69389,0.38292,0.012191,0.0063543,0.096017,0.031543,0.11689
0.35581,0.73035,0.10196,0.0036006,0.0096566,0.0013901,0.75775,0.71123,0.55884,0.058852,0.0030424,0.040118,0.042016,0.070167,0.052234,0.52757,0.55613,0.74493,0.6559,0.10737,0.51746,0.032561,0.015133,0.023343,0.77042,0.014299,0.00258,0.54425,1,0.0091412,0.073391,0.08744,0.30158,0.010889,0.64268,0.18088,0.037273,0.52236,0.043504,0.13347,0.19244,0.40702,0.74346,0.0096228,0.43174,0.67018,0.021327,0.011109,0.16279,0.054958,0.20312
0.02514,0.011873,0.086525,0.38418,0.76823,0.14862,0.0071096,0.0066136,0.0051639,0.15319,0.32075,0.22124,0.21638,0.12934,0.16763,0.015932,0.0051456,0.0069891,0.0060731,0.084011,0.017167,0.27843,0.58047,0.37068,0.0074288,0.60685,0.27705,0.0052225,0.0091412,1,0.11958,0.10444,0.029772,0.75291,0.012474,0.049652,0.24407,0.017124,0.20256,0.065764,0.046911,0.0038106,0.0082156,0.77707,0.0039839,0.013225,0.42512,0.80539,0.046327,0.1573,0.043158
0.20131,0.095301,0.6478,0.047684,0.12748,0.018474,0.057258,0.05327,0.041667,0.68475,0.040409,0.50619,0.5282,0.74259,0.6383,0.12674,0.041511,0.05627,0.048961,0.62674,0.13799,0.41735,0.1973,0.30471,0.059866,0.18657,0.034155,0.042145,0.073391,0.11958,1,0.70989,0.23726,0.14351,0.10014,0.39036,0.47583,0.1374,0.54334,0.50457,0.36965,0.030739,0.066461,0.12713,0.032237,0.10647,0.27669,0.14581,0.32794,0.6092,0.33907
0.23889,0.1133,0.71397,0.04096,0.10937,0.015786,0.06799,0.063301,0.049401,0.65043,0.034527,0.44462,0.47699,0.77297,0.55513,0.15053,0.04921,0.066852,0.058104,0.75676,0.16359,0.3698,0.17169,0.26103,0.070953,0.16213,0.029356,0.049772,0.08744,0.10444,0.70989,1,0.28302,0.12364,0.11815,0.46636,0.42409,0.16336,0.4766,0.5825,0.44471,0.036397,0.078168,0.10912,0.038085,0.12642,0.24316,0.12681,0.3723,0.5679,0.39955
0.77915,0.38871,0.33093,0.011762,0.031563,0.0045441,0.23551,0.21937,0.17142,0.19145,0.009953,0.13073,0.13685,0.2279,0.17049,0.49824,0.17069,0.23125,0.20148,0.34752,0.55814,0.10611,0.049321,0.076295,0.24565,0.046655,0.0084262,0.17227,0.30158,0.029772,0.23726,0.28302,1,0.035564,0.40329,0.57933,0.12156,0.55882,0.14194,0.42812,0.61481,0.12616,0.27116,0.031477,0.13257,0.43589,0.069534,0.036248,0.44142,0.17744,0.62432
0.030094,0.014166,0.10468,0.3255,0.81214,0.12575,0.008482,0.0078837,0.0061629,0.18291,0.27487,0.2665,0.25725,0.15406,0.20395,0.019021,0.0061407,0.008337,0.0072448,0.10049,0.020538,0.33104,0.676,0.45387,0.0088724,0.68675,0.2326,0.0062416,0.010889,0.75291,0.14351,0.12364,0.035564,1,0.014945,0.059438,0.29053,0.02046,0.24456,0.079206,0.055988,0.0045483,0.009851,0.81182,0.0047639,0.015797,0.49852,0.83757,0.05566,0.18757,0.051814
0.4721,0.72725,0.14009,0.0049455,0.013273,0.0019121,0.52562,0.49204,0.39147,0.080247,0.0041879,0.054999,0.057265,0.095381,0.071909,0.63073,0.38961,0.51661,0.45622,0.14598,0.65606,0.044446,0.020689,0.032127,0.54562,0.019553,0.0035418,0.39061,0.64268,0.012474,0.10014,0.11815,0.40329,0.014945,1,0.24513,0.050872,0.65523,0.05966,0.18229,0.25884,0.28992,0.59153,0.013229,0.30647,0.74782,0.029109,0.015191,0.21775,0.074922,0.27538
0.49275,0.23461,0.54648,0.019665,0.052793,0.0075966,0.14122,0.13124,0.1027,0.31865,0.016638,0.21815,0.22808,0.37891,0.28434,0.30864,0.10235,0.13859,0.12066,0.57368,0.33896,0.17706,0.082326,0.12754,0.14758,0.077815,0.014087,0.1035,0.18088,0.049652,0.39036,0.46636,0.57933,0.059438,0.24513,1,0.20276,0.33884,0.2363,0.67984,0.81795,0.075618,0.16312,0.052588,0.079476,0.26208,0.11591,0.060482,0.53261,0.29161,0.74007
0.10274,0.048425,0.35245,0.096289,0.25748,0.037109,0.029012,0.026978,0.021076,0.61875,0.081243,0.8208,0.86894,0.52609,0.66055,0.064781,0.020999,0.028512,0.024783,0.34249,0.07013,0.85473,0.40126,0.60495,0.030325,0.37785,0.068928,0.021303,0.037273,0.24407,0.47583,0.42409,0.12156,0.29053,0.050872,0.20276,1,0.069923,0.76484,0.26705,0.19132,0.015539,0.033568,0.25678,0.016278,0.054004,0.56777,0.29731,0.18038,0.5922,0.17557
0.65403,0.66303,0.19159,0.0067636,0.018155,0.0026123,0.4097,0.38085,0.29856,0.11035,0.0057194,0.075333,0.078811,0.13156,0.098284,0.73518,0.29743,0.40204,0.35053,0.20133,0.83424,0.061088,0.028392,0.043901,0.42681,0.026818,0.0048449,0.29767,0.52236,0.017124,0.1374,0.16336,0.55882,0.02046,0.65523,0.33884,0.069923,1,0.08179,0.25008,0.35843,0.21873,0.46249,0.018083,0.231,0.73887,0.039978,0.020834,0.29018,0.10271,0.37681
0.12012,0.056597,0.41422,0.081252,0.21762,0.031476,0.03394,0.031543,0.02467,0.68254,0.068904,0.77374,0.79197,0.5916,0.75756,0.075744,0.024579,0.03333,0.028994,0.39482,0.081956,0.68878,0.33481,0.51744,0.035516,0.31573,0.05819,0.024985,0.043504,0.20256,0.54334,0.4766,0.14194,0.24456,0.05966,0.2363,0.76484,0.08179,1,0.31284,0.22283,0.018198,0.039471,0.21666,0.019101,0.063179,0.46537,0.2475,0.20925,0.64354,0.20526
0.3652,0.17323,0.69689,0.026243,0.070414,0.010153,0.10443,0.096984,0.076002,0.41555,0.02224,0.28858,0.29948,0.48998,0.37714,0.22902,0.075749,0.10249,0.089257,0.70656,0.25101,0.23347,0.1093,0.17005,0.10926,0.10316,0.01878,0.076813,0.13347,0.065764,0.50457,0.5825,0.42812,0.079206,0.18229,0.67984,0.26705,0.25008,0.31284,1,0.63887,0.056083,0.12124,0.070153,0.058921,0.19367,0.15319,0.080263,0.49212,0.37837,0.59134
0.51948,0.24868,0.50921,0.0185,0.049583,0.0071465,0.14975,0.13974,0.10898,0.29966,0.015656,0.20424,0.21511,0.35682,0.26612,0.3261,0.1085,0.14724,0.12811,0.53665,0.35773,0.16691,0.077554,0.11969,0.15625,0.073385,0.013258,0.10977,0.19244,0.046911,0.36965,0.44471,0.61481,0.055988,0.25884,0.81795,0.19132,0.35843,0.22283,0.63887,1,0.080346,0.17327,0.049432,0.08414,0.27981,0.10954,0.057114,0.5206,0.27603,0.75744
0.14893,0.31245,0.042738,0.0015039,0.0040339,0.00058084,0.51799,0.55743,0.69106,0.024546,0.0012719,0.016756,0.01751,0.02923,0.021875,0.22746,0.69066,0.5262,0.60116,0.04478,0.21757,0.013575,0.0063127,0.0097645,0.49083,0.005966,0.0010772,0.64219,0.40702,0.0038106,0.030739,0.036397,0.12616,0.0045483,0.28992,0.075618,0.015539,0.21873,0.018198,0.056083,0.080346,1,0.43542,0.00402,0.79016,0.28354,0.0088946,0.0046339,0.070692,0.023037,0.085566
0.31879,0.63078,0.092818,0.0032559,0.0087454,0.0012597,0.74136,0.71329,0.58528,0.053016,0.002759,0.036262,0.03779,0.063047,0.047565,0.4697,0.58117,0.72779,0.66934,0.09653,0.45801,0.029325,0.013645,0.021197,0.74903,0.012896,0.0023317,0.57274,0.74346,0.0082156,0.066461,0.078168,0.27116,0.009851,0.59153,0.16312,0.033568,0.46249,0.039471,0.12124,0.17327,0.43542,1,0.0087083,0.46505,0.59409,0.019197,0.010009,0.14882,0.049637,0.18401
0.026633,0.012516,0.092832,0.36755,0.86176,0.14238,0.0074954,0.0069634,0.0054448,0.16185,0.31116,0.23674,0.22719,0.13611,0.18126,0.016814,0.0054257,0.0073659,0.0064025,0.088892,0.018183,0.29246,0.60403,0.40535,0.0078422,0.6272,0.26258,0.0055223,0.0096228,0.77707,0.12713,0.10912,0.031477,0.81182,0.013229,0.052588,0.25678,0.018083,0.21666,0.070153,0.049432,0.00402,0.0087083,1,0.0042107,0.013948,0.44114,0.78985,0.049372,0.16662,0.045856
0.15693,0.33121,0.044978,0.0015748,0.0042303,0.00060856,0.55438,0.59259,0.75445,0.02575,0.0013325,0.017589,0.018349,0.030672,0.022996,0.24094,0.75646,0.56018,0.64644,0.047033,0.22914,0.014226,0.0066148,0.010246,0.52842,0.0062457,0.0011278,0.69389,0.43174,0.0039839,0.032237,0.038085,0.13257,0.0047639,0.30647,0.079476,0.016278,0.231,0.019101,0.058921,0.08414,0.79016,0.46505,0.0042107,1,0.2984,0.0093032,0.004846,0.074335,0.024123,0.089816
0.51205,0.81004,0.14813,0.0052182,0.014003,0.0020154,0.52831,0.49504,0.38661,0.085221,0.0044156,0.058117,0.060831,0.10152,0.075902,0.69708,0.38431,0.51956,0.45348,0.15534,0.72476,0.047159,0.021908,0.033885,0.5476,0.020706,0.0037376,0.38292,0.67018,0.013225,0.10647,0.12642,0.43589,0.015797,0.74782,0.26208,0.054004,0.73887,0.063179,0.19367,0.27981,0.28354,0.59409,0.013948,0.2984,1,0.030888,0.016091,0.23058,0.079594,0.29391
0.058703,0.0277,0.20171,0.1671,0.44075,0.064418,0.016593,0.015437,0.012054,0.35594,0.14076,0.50812,0.50243,0.30087,0.38732,0.037111,0.01201,0.016314,0.014177,0.19579,0.0401,0.64269,0.67511,0.76056,0.017341,0.63933,0.11982,0.012191,0.021327,0.42512,0.27669,0.24316,0.069534,0.49852,0.029109,0.11591,0.56777,0.039978,0.46537,0.15319,0.10954,0.0088946,0.019197,0.44114,0.0093032,0.030888,1,0.51658,0.10588,0.35892,0.10063
0.030619,0.014435,0.10578,0.31956,0.77909,0.12327,0.0086438,0.0080395,0.0062783,0.18656,0.26837,0.2702,0.26325,0.15732,0.20529,0.019369,0.0062557,0.0084968,0.0073837,0.10229,0.020902,0.33888,0.69703,0.45416,0.0090346,0.72496,0.22932,0.0063543,0.011109,0.80539,0.14581,0.12681,0.036248,0.83757,0.015191,0.060482,0.29731,0.020834,0.2475,0.080263,0.057114,0.0046339,0.010009,0.78985,0.004846,0.016091,0.51658,1,0.056313,0.19132,0.05261
0.39765,0.20785,0.43176,0.018706,0.049605,0.0072998,0.1291,0.12022,0.095216,0.27325,0.015892,0.19472,0.20132,0.31711,0.24992,0.26835,0.094821,0.12707,0.11114,0.43978,0.29167,0.15898,0.076199,0.11723,0.13522,0.071802,0.013427,0.096017,0.16279,0.046327,0.32794,0.3723,0.44142,0.05566,0.21775,0.53261,0.18038,0.29018,0.20925,0.49212,0.5206,0.070692,0.14882,0.049372,0.074335,0.23058,0.10588,0.056313,1,0.25313,0.51315
0.15028,0.071315,0.48997,0.062845,0.16699,0.024376,0.042875,0.039888,0.031199,0.70177,0.053207,0.61414,0.64004,0.66358,0.68586,0.094962,0.031084,0.042152,0.036657,0.47645,0.10309,0.52742,0.25676,0.39011,0.044807,0.24374,0.04507,0.031543,0.054958,0.1573,0.6092,0.5679,0.17744,0.18757,0.074922,0.29161,0.5922,0.10271,0.64354,0.37837,0.27603,0.023037,0.049637,0.16662,0.024123,0.079594,0.35892,0.19132,0.25313,1,0.25388
0.54176,0.26266,0.47367,0.017143,0.045987,0.0066325,0.15898,0.14793,0.11593,0.27474,0.014524,0.18908,0.19725,0.32568,0.24722,0.34261,0.11545,0.15631,0.13612,0.48926,0.379,0.15337,0.071523,0.11102,0.16616,0.067556,0.012275,0.11689,0.20312,0.043158,0.33907,0.39955,0.62432,0.051814,0.27538,0.74007,0.17557,0.37681,0.20526,0.59134,0.75744,0.085566,0.18401,0.045856,0.089816,0.29391,0.10063,0.05261,0.51315,0.25388,1
