1,0.18309,0.49331,0.50146,0.42612,0.35961,0.27613,0.33038,0.35521,0.49242,0.23692,0.41522,0.28731,0.27894,0.43583,0.36327,0.42999,0.54187,0.38957,0.46844,0.51637,0.33014,0.29542,0.48341,0.28811,0.36274,0.48543,0.4331,0.27739,0.44932,0.42268,0.34318,0.3923,0.14507,0.21723,0.4203,0.38806,0.45244,0.40399,0.39821,0.20124,0.37768,0.32419,0.35528,0.41154,0.22016,0.47759,0.30134,0.42461,0.53705,0.31472
0.18309,1,0.26798,0.22287,0.26808,0.33405,0.26132,0.16966,0.30378,0.24863,0.20724,0.22486,0.38053,0.29323,0.32792,0.35302,0.23657,0.19629,0.28726,0.24868,0.21701,0.29818,0.28337,0.24113,0.27198,0.1682,0.2091,0.29284,0.10983,0.12842,0.16976,0.25285,0.16353,0.16646,0.36009,0.23945,0.22432,0.26698,0.26074,0.33611,0.32921,0.15936,0.35162,0.25142,0.2565,0.11039,0.20877,0.28668,0.21097,0.19476,0.28997
0.49331,0.26798,1,0.58317,0.53,0.53621,0.34343,0.3525,0.47416,0.62941,0.31851,0.44077,0.42334,0.4111,0.66299,0.52754,0.43857,0.60469,0.47162,0.49714,0.52063,0.4231,0.41285,0.57337,0.38959,0.37799,0.42041,0.56546,0.23988,0.35739,0.45348,0.4337,0.37697,0.17007,0.27492,0.41753,0.49859,0.59583,0.48071,0.5135,0.27543,0.40212,0.40537,0.46801,0.59289,0.19457,0.52095,0.45188,0.42982,0.44929,0.40959
0.50146,0.22287,0.58317,1,0.49864,0.4209,0.26816,0.25644,0.4111,0.60799,0.2058,0.61677,0.35195,0.27839,0.4877,0.41269,0.51359,0.56035,0.46254,0.46586,0.50716,0.38387,0.29163,0.67133,0.29053,0.52591,0.37532,0.51968,0.19444,0.41944,0.57548,0.31312,0.30654,0.12121,0.23462,0.39999,0.42837,0.54257,0.39057,0.52149,0.19308,0.38875,0.39658,0.32435,0.46568,0.16243,0.4564,0.34428,0.58689,0.52285,0.40767
0.42612,0.26808,0.53,0.49864,1,0.46773,0.32747,0.29591,0.55463,0.54934,0.25724,0.49032,0.43455,0.35716,0.54671,0.51615,0.48806,0.51506,0.53459,0.52511,0.55369,0.4683,0.34016,0.60438,0.38554,0.37025,0.41139,0.46583,0.20961,0.32359,0.40554,0.36356,0.29102,0.14954,0.30194,0.38515,0.51318,0.51966,0.52904,0.51656,0.2359,0.31443,0.42528,0.38277,0.55008,0.1875,0.49965,0.40596,0.45026,0.47961,0.3795
0.35961,0.33405,0.53621,0.4209,0.46773,1,0.47395,0.32412,0.5364,0.52345,0.34394,0.40035,0.57463,0.52553,0.57408,0.69589,0.40436,0.39878,0.44437,0.53899,0.44747,0.58359,0.51882,0.46775,0.48557,0.30794,0.33337,0.46017,0.18865,0.24141,0.32168,0.39709,0.28898,0.16995,0.28332,0.33329,0.42158,0.50027,0.43511,0.45059,0.29499,0.28458,0.52085,0.45135,0.45163,0.1614,0.4245,0.50275,0.32178,0.37164,0.46311
0.27613,0.26132,0.34343,0.26816,0.32747,0.47395,1,0.35656,0.4045,0.378,0.40045,0.26354,0.41912,0.47157,0.40516,0.47247,0.31156,0.29214,0.35762,0.44485,0.3606,0.47684,0.46884,0.31976,0.51014,0.21843,0.26518,0.28955,0.17541,0.18858,0.21956,0.39676,0.25706,0.17793,0.23395,0.28629,0.297,0.36743,0.34229,0.29775,0.26938,0.20098,0.36771,0.38473,0.32157,0.15392,0.33712,0.40231,0.23052,0.27096,0.34197
0.33038,0.16966,0.3525,0.25644,0.29591,0.32412,0.35656,1,0.26456,0.37074,0.48807,0.20745,0.24794,0.39924,0.35079,0.32333,0.24216,0.32966,0.24909,0.35041,0.32027,0.27658,0.35361,0.26856,0.41016,0.20687,0.33997,0.28761,0.36157,0.26564,0.24112,0.45776,0.35492,0.21065,0.20832,0.31863,0.3438,0.30426,0.32106,0.24978,0.29761,0.27454,0.23123,0.49615,0.38218,0.27008,0.39178,0.26487,0.20366,0.27728,0.26697
0.35521,0.30378,0.47416,0.4111,0.55463,0.5364,0.4045,0.26456,1,0.47151,0.27541,0.4282,0.54951,0.39322,0.53604,0.57127,0.48409,0.41508,0.60579,0.50726,0.53308,0.5756,0.42452,0.50104,0.3721,0.31546,0.33378,0.39373,0.16166,0.23487,0.30895,0.34995,0.29372,0.15819,0.30544,0.3541,0.35379,0.46619,0.41729,0.45298,0.23121,0.2476,0.51185,0.36398,0.38498,0.1466,0.38445,0.52054,0.3903,0.38671,0.35837
0.49242,0.24863,0.62941,0.60799,0.54934,0.52345,0.378,0.37074,0.47151,1,0.2962,0.48101,0.42077,0.391,0.61477,0.52356,0.52299,0.5813,0.49835,0.59978,0.56878,0.46365,0.39399,0.63138,0.41169,0.43337,0.42401,0.53417,0.23588,0.38998,0.49476,0.44438,0.3597,0.15284,0.26932,0.45526,0.49272,0.56082,0.45656,0.52024,0.25229,0.35821,0.42179,0.42942,0.56811,0.19801,0.56402,0.39939,0.47197,0.51919,0.45731
0.23692,0.20724,0.31851,0.2058,0.25724,0.34394,0.40045,0.48807,0.27541,0.2962,1,0.17064,0.29157,0.53765,0.35085,0.34888,0.20329,0.2646,0.23768,0.29594,0.25881,0.28027,0.44802,0.2274,0.40972,0.16212,0.26304,0.26874,0.25033,0.17663,0.19033,0.43495,0.28528,0.23509,0.222,0.24844,0.27526,0.2659,0.3099,0.23086,0.38783,0.21703,0.23774,0.46072,0.31992,0.19862,0.29699,0.32496,0.16446,0.21082,0.24694
0.41522,0.22486,0.44077,0.61677,0.49032,0.40035,0.26354,0.20745,0.4282,0.48101,0.17064,1,0.35748,0.24429,0.40209,0.3912,0.52892,0.42638,0.45983,0.44044,0.46686,0.41132,0.26677,0.59485,0.27543,0.47506,0.30677,0.40141,0.14695,0.31679,0.42147,0.25672,0.23806,0.10582,0.22446,0.33075,0.38281,0.50562,0.34204,0.44673,0.15978,0.28634,0.41896,0.27037,0.37505,0.13237,0.3806,0.32122,0.54114,0.45392,0.38801
0.28731,0.38053,0.42334,0.35195,0.43455,0.57463,0.41912,0.24794,0.54951,0.42077,0.29157,0.35748,1,0.45396,0.52087,0.6304,0.40803,0.3327,0.46635,0.44494,0.392,0.53797,0.46938,0.42889,0.38881,0.27835,0.28052,0.39627,0.14414,0.19308,0.27816,0.34376,0.25848,0.16263,0.29411,0.32103,0.33592,0.40188,0.39116,0.43668,0.26878,0.21974,0.54115,0.34189,0.36632,0.1331,0.33726,0.50681,0.31441,0.33415,0.37376
0.27894,0.29323,0.4111,0.27839,0.35716,0.52553,0.47157,0.39924,0.39322,0.391,0.53765,0.24429,0.45396,1,0.46644,0.54393,0.28291,0.32077,0.32216,0.41327,0.33737,0.42003,0.56405,0.31792,0.52887,0.21502,0.29353,0.36737,0.21408,0.20021,0.24451,0.44836,0.27167,0.20702,0.26035,0.28211,0.35407,0.34693,0.40117,0.32913,0.38929,0.23415,0.36951,0.46703,0.41308,0.18106,0.36726,0.43876,0.22034,0.27604,0.3335
0.43583,0.32792,0.66299,0.4877,0.54671,0.57408,0.40516,0.35079,0.53604,0.61477,0.35085,0.40209,0.52087,0.46644,1,0.63331,0.4659,0.52716,0.54472,0.5286,0.50635,0.46963,0.48244,0.55525,0.42372,0.33191,0.43609,0.5537,0.22137,0.30069,0.38611,0.49212,0.37146,0.18583,0.32982,0.46092,0.44569,0.54328,0.51939,0.55606,0.32629,0.33046,0.45382,0.46383,0.55203,0.19139,0.48573,0.49357,0.40656,0.43455,0.41565
0.36327,0.35302,0.52754,0.41269,0.51615,0.69589,0.47247,0.32333,0.57127,0.52356,0.34888,0.3912,0.6304,0.54393,0.63331,1,0.45189,0.40806,0.49584,0.55993,0.47616,0.55714,0.49716,0.48972,0.47088,0.29916,0.35307,0.46871,0.18778,0.2395,0.32148,0.42756,0.29894,0.18311,0.33148,0.37545,0.41618,0.47752,0.46998,0.48836,0.30939,0.26674,0.55201,0.42616,0.47553,0.16493,0.4332,0.52485,0.33828,0.38564,0.4387
0.42999,0.23657,0.43857,0.51359,0.48806,0.40436,0.31156,0.24216,0.48409,0.52299,0.20329,0.52892,0.40803,0.28291,0.4659,0.45189,1,0.42074,0.52874,0.52579,0.57904,0.4295,0.31672,0.60741,0.29055,0.41498,0.35284,0.39769,0.1607,0.29819,0.38752,0.30041,0.3131,0.13062,0.26092,0.43273,0.34513,0.43713,0.36302,0.46518,0.1812,0.24254,0.48597,0.28705,0.37081,0.14126,0.38545,0.37892,0.51622,0.51091,0.38314
0.54187,0.19629,0.60469,0.56035,0.51506,0.39878,0.29214,0.32966,0.41508,0.5813,0.2646,0.42638,0.3327,0.32077,0.52716,0.40806,0.42074,1,0.45146,0.46376,0.54252,0.3602,0.31807,0.56937,0.32074,0.38846,0.43012,0.48322,0.25983,0.44714,0.532,0.37943,0.36688,0.13875,0.22607,0.38304,0.44989,0.49752,0.45812,0.44823,0.21384,0.42317,0.3197,0.37623,0.51717,0.20703,0.5269,0.35247,0.45729,0.49296,0.32742
0.38957,0.28726,0.47162,0.46254,0.53459,0.44437,0.35762,0.24909,0.60579,0.49835,0.23768,0.45983,0.46635,0.32216,0.54472,0.49584,0.52874,0.45146,1,0.49048,0.53661,0.49709,0.34215,0.56348,0.33992,0.32533,0.34595,0.40575,0.16655,0.2682,0.34787,0.34216,0.29752,0.13772,0.29651,0.3999,0.33946,0.49819,0.42978,0.52437,0.2159,0.2659,0.45085,0.31997,0.39328,0.1486,0.38522,0.41851,0.48051,0.42134,0.34496
0.46844,0.24868,0.49714,0.46586,0.52511,0.53899,0.44485,0.35041,0.50726,0.59978,0.29594,0.44044,0.44494,0.41327,0.5286,0.55993,0.52579,0.46376,0.49048,1,0.61568,0.58827,0.4112,0.57041,0.44704,0.38227,0.39922,0.46046,0.22444,0.31945,0.37895,0.39373,0.32385,0.14884,0.25024,0.37762,0.43041,0.50828,0.49642,0.46781,0.23671,0.28739,0.50684,0.40427,0.45452,0.18873,0.52037,0.4323,0.39387,0.53569,0.45441
0.51637,0.21701,0.52063,0.50716,0.55369,0.44747,0.3606,0.32027,0.53308,0.56878,0.25881,0.46686,0.392,0.33737,0.50635,0.47616,0.57904,0.54252,0.53661,0.61568,1,0.47347,0.35198,0.5906,0.35837,0.40179,0.41723,0.40998,0.21918,0.3326,0.39434,0.35839,0.3709,0.14798,0.25412,0.41397,0.41307,0.4989,0.44865,0.46635,0.19914,0.29994,0.43107,0.37709,0.42934,0.18317,0.48676,0.42309,0.47653,0.552,0.37888
0.33014,0.29818,0.4231,0.38387,0.4683,0.58359,0.47684,0.27658,0.5756,0.46365,0.28027,0.41132,0.53797,0.42003,0.46963,0.55714,0.4295,0.3602,0.49709,0.58827,0.47347,1,0.42539,0.46598,0.46777,0.31342,0.30929,0.38877,0.16766,0.23019,0.29881,0.34925,0.25819,0.14239,0.24979,0.30681,0.36753,0.47123,0.43356,0.4286,0.23123,0.24271,0.56701,0.36097,0.37657,0.15186,0.4006,0.47975,0.34149,0.38866,0.43437
0.29542,0.28337,0.41285,0.29163,0.34016,0.51882,0.46884,0.35361,0.42452,0.39399,0.44802,0.26677,0.46938,0.56405,0.48244,0.49716,0.31672,0.31807,0.34215,0.4112,0.35198,0.42539,1,0.33091,0.42943,0.23432,0.29181,0.34391,0.17957,0.19633,0.23536,0.40771,0.31204,0.19504,0.24659,0.30594,0.31357,0.36477,0.34776,0.30965,0.3131,0.21997,0.39309,0.44202,0.34842,0.15484,0.32945,0.47822,0.23823,0.28733,0.33266
0.48341,0.24113,0.57337,0.67133,0.60438,0.46775,0.31976,0.26856,0.50104,0.63138,0.2274,0.59485,0.42889,0.31792,0.55525,0.48972,0.60741,0.56937,0.56348,0.57041,0.5906,0.46598,0.33091,1,0.33205,0.47943,0.39407,0.50733,0.19575,0.38235,0.52651,0.34212,0.31784,0.1295,0.24368,0.39968,0.44872,0.56258,0.47548,0.5552,0.202,0.33318,0.45261,0.33042,0.49216,0.16872,0.50505,0.41096,0.55778,0.58035,0.40794
0.28811,0.27198,0.38959,0.29053,0.38554,0.48557,0.51014,0.41016,0.3721,0.41169,0.40972,0.27543,0.38881,0.52887,0.42372,0.47088,0.29055,0.32074,0.33992,0.44704,0.35837,0.46777,0.42943,0.33205,1,0.22822,0.29454,0.33661,0.22402,0.21741,0.24443,0.43148,0.23746,0.17389,0.24761,0.28376,0.4347,0.41208,0.42385,0.33525,0.32027,0.24974,0.34738,0.4635,0.4483,0.19425,0.40912,0.36404,0.24135,0.28667,0.37791
0.36274,0.1682,0.37799,0.52591,0.37025,0.30794,0.21843,0.20687,0.31546,0.43337,0.16212,0.47506,0.27835,0.21502,0.33191,0.29916,0.41498,0.38846,0.32533,0.38227,0.40179,0.31342,0.23432,0.47943,0.22822,1,0.29335,0.36074,0.16425,0.35423,0.44776,0.24119,0.24717,0.098664,0.17492,0.29902,0.33724,0.38863,0.30005,0.36637,0.14472,0.2944,0.32432,0.2536,0.3299,0.14171,0.36908,0.28885,0.46114,0.46821,0.37453
0.48543,0.2091,0.42041,0.37532,0.41139,0.33337,0.26518,0.33997,0.33378,0.42401,0.26304,0.30677,0.28052,0.29353,0.43609,0.35307,0.35284,0.43012,0.34595,0.39922,0.41723,0.30929,0.29181,0.39407,0.29454,0.29335,1,0.41034,0.33054,0.36135,0.35108,0.43328,0.42527,0.21278,0.26329,0.44725,0.39808,0.37724,0.4378,0.39353,0.25286,0.34423,0.30039,0.36642,0.41229,0.32721,0.49951,0.31407,0.36341,0.45916,0.31316
0.4331,0.29284,0.56546,0.51968,0.46583,0.46017,0.28955,0.28761,0.39373,0.53417,0.26874,0.40141,0.39627,0.36737,0.5537,0.46871,0.39769,0.48322,0.40575,0.46046,0.40998,0.38877,0.34391,0.50733,0.33661,0.36074,0.41034,1,0.23416,0.34621,0.46814,0.38615,0.29492,0.14669,0.2813,0.36886,0.44055,0.46875,0.49413,0.58977,0.30364,0.37887,0.42143,0.37688,0.52431,0.19775,0.46911,0.37841,0.40651,0.45414,0.4325
0.27739,0.10983,0.23988,0.19444,0.20961,0.18865,0.17541,0.36157,0.16166,0.23588,0.25033,0.14695,0.14414,0.21408,0.22137,0.18778,0.1607,0.25983,0.16655,0.22444,0.21918,0.16766,0.17957,0.19575,0.22402,0.16425,0.33054,0.23416,1,0.28708,0.22223,0.28085,0.26333,0.15278,0.13993,0.21117,0.2609,0.20598,0.27847,0.19646,0.21317,0.29273,0.14527,0.28316,0.27872,0.4113,0.30916,0.16863,0.16442,0.24212,0.1797
0.44932,0.12842,0.35739,0.41944,0.32359,0.24141,0.18858,0.26564,0.23487,0.38998,0.17663,0.31679,0.19308,0.20021,0.30069,0.2395,0.29819,0.44714,0.2682,0.31945,0.3326,0.23019,0.19633,0.38235,0.21741,0.35423,0.36135,0.34621,0.28708,1,0.52133,0.26733,0.28655,0.10394,0.14819,0.29504,0.33289,0.33009,0.3171,0.29631,0.15599,0.40212,0.2159,0.25184,0.37092,0.22096,0.40434,0.20409,0.35073,0.41282,0.24126
0.42268,0.16976,0.45348,0.57548,0.40554,0.32168,0.21956,0.24112,0.30895,0.49476,0.19033,0.42147,0.27816,0.24451,0.38611,0.32148,0.38752,0.532,0.34787,0.37895,0.39434,0.29881,0.23536,0.52651,0.24443,0.44776,0.35108,0.46814,0.22223,0.52133,1,0.28956,0.28594,0.10676,0.17939,0.31737,0.38016,0.38702,0.36888,0.41107,0.1739,0.39395,0.29373,0.26708,0.43135,0.18066,0.43772,0.27682,0.46157,0.47953,0.31534
0.34318,0.25285,0.4337,0.31312,0.36356,0.39709,0.39676,0.45776,0.34995,0.44438,0.43495,0.25672,0.34376,0.44836,0.49212,0.42756,0.30041,0.37943,0.34216,0.39373,0.35839,0.34925,0.40771,0.34212,0.43148,0.24119,0.43328,0.38615,0.28085,0.26733,0.28956,1,0.37262,0.26365,0.2854,0.40344,0.39421,0.38505,0.40159,0.35949,0.36502,0.29362,0.30379,0.4586,0.45129,0.29226,0.49238,0.36799,0.28561,0.32199,0.33844
0.3923,0.16353,0.37697,0.30654,0.29102,0.28898,0.25706,0.35492,0.29372,0.3597,0.28528,0.23806,0.25848,0.27167,0.37146,0.29894,0.3131,0.36688,0.29752,0.32385,0.3709,0.25819,0.31204,0.31784,0.23746,0.24717,0.42527,0.29492,0.26333,0.28655,0.28594,0.37262,1,0.21553,0.20719,0.41236,0.27348,0.29537,0.28996,0.28027,0.2031,0.27408,0.24943,0.335,0.29884,0.2276,0.34849,0.29835,0.28411,0.35115,0.23637
0.14507,0.16646,0.17007,0.12121,0.14954,0.16995,0.17793,0.21065,0.15819,0.15284,0.23509,0.10582,0.16263,0.20702,0.18583,0.18311,0.13062,0.13875,0.13772,0.14884,0.14798,0.14239,0.19504,0.1295,0.17389,0.098664,0.21278,0.14669,0.15278,0.10394,0.10676,0.26365,0.21553,1,0.19596,0.19681,0.16325,0.14839,0.15568,0.1415,0.22306,0.1185,0.14141,0.21399,0.16368,0.20422,0.17567,0.1818,0.1185,0.12988,0.14089
0.21723,0.36009,0.27492,0.23462,0.30194,0.28332,0.23395,0.20832,0.30544,0.26932,0.222,0.22446,0.29411,0.26035,0.32982,0.33148,0.26092,0.22607,0.29651,0.25024,0.25412,0.24979,0.24659,0.24368,0.24761,0.17492,0.26329,0.2813,0.13993,0.14819,0.17939,0.2854,0.20719,0.19596,1,0.33774,0.24474,0.25979,0.25663,0.32454,0.30542,0.18868,0.29226,0.29415,0.27736,0.13402,0.23115,0.26214,0.23084,0.21333,0.27528
0.4203,0.23945,0.41753,0.39999,0.38515,0.33329,0.28629,0.31863,0.3541,0.45526,0.24844,0.33075,0.32103,0.28211,0.46092,0.37545,0.43273,0.38304,0.3999,0.37762,0.41397,0.30681,0.30594,0.39968,0.28376,0.29902,0.44725,0.36886,0.21117,0.29504,0.31737,0.40344,0.41236,0.19681,0.33774,1,0.33046,0.37226,0.32398,0.40006,0.24855,0.28975,0.33465,0.35204,0.37591,0.1927,0.37723,0.29916,0.39675,0.39242,0.31085
0.38806,0.22432,0.49859,0.42837,0.51318,0.42158,0.297,0.3438,0.35379,0.49272,0.27526,0.38281,0.33592,0.35407,0.44569,0.41618,0.34513,0.44989,0.33946,0.43041,0.41307,0.36753,0.31357,0.44872,0.4347,0.33724,0.39808,0.44055,0.2609,0.33289,0.38016,0.39421,0.27348,0.16325,0.24474,0.33046,1,0.49431,0.47449,0.40992,0.24561,0.36682,0.32023,0.40553,0.62585,0.24208,0.58605,0.3404,0.35068,0.39477,0.39942
0.45244,0.26698,0.59583,0.54257,0.51966,0.50027,0.36743,0.30426,0.46619,0.56082,0.2659,0.50562,0.40188,0.34693,0.54328,0.47752,0.43713,0.49752,0.49819,0.50828,0.4989,0.47123,0.36477,0.56258,0.41208,0.38863,0.37724,0.46875,0.20598,0.33009,0.38702,0.38505,0.29537,0.14839,0.25979,0.37226,0.49431,1,0.48046,0.48368,0.23531,0.35151,0.4104,0.40819,0.51267,0.18092,0.50153,0.42962,0.43464,0.41543,0.44451
0.40399,0.26074,0.48071,0.39057,0.52904,0.43511,0.34229,0.32106,0.41729,0.45656,0.3099,0.34204,0.39116,0.40117,0.51939,0.46998,0.36302,0.45812,0.42978,0.49642,0.44865,0.43356,0.34776,0.47548,0.42385,0.30005,0.4378,0.49413,0.27847,0.3171,0.36888,0.40159,0.28996,0.15568,0.25663,0.32398,0.47449,0.48046,1,0.48559,0.29325,0.33633,0.381,0.39692,0.54187,0.23248,0.51136,0.41962,0.3385,0.43238,0.36839
0.39821,0.33611,0.5135,0.52149,0.51656,0.45059,0.29775,0.24978,0.45298,0.52024,0.23086,0.44673,0.43668,0.32913,0.55606,0.48836,0.46518,0.44823,0.52437,0.46781,0.46635,0.4286,0.30965,0.5552,0.33525,0.36637,0.39353,0.58977,0.19646,0.29631,0.41107,0.35949,0.28027,0.1415,0.32454,0.40006,0.40992,0.48368,0.48559,1,0.267,0.32548,0.46662,0.33365,0.47711,0.17735,0.4411,0.38886,0.49013,0.45884,0.43923
0.20124,0.32921,0.27543,0.19308,0.2359,0.29499,0.26938,0.29761,0.23121,0.25229,0.38783,0.15978,0.26878,0.38929,0.32629,0.30939,0.1812,0.21384,0.2159,0.23671,0.19914,0.23123,0.3131,0.202,0.32027,0.14472,0.25286,0.30364,0.21317,0.15599,0.1739,0.36502,0.2031,0.22306,0.30542,0.24855,0.24561,0.23531,0.29325,0.267,1,0.20819,0.2365,0.36213,0.30895,0.1843,0.2437,0.25128,0.16066,0.18711,0.24874
0.37768,0.15936,0.40212,0.38875,0.31443,0.28458,0.20098,0.27454,0.2476,0.35821,0.21703,0.28634,0.21974,0.23415,0.33046,0.26674,0.24254,0.42317,0.2659,0.28739,0.29994,0.24271,0.21997,0.33318,0.24974,0.2944,0.34423,0.37887,0.29273,0.40212,0.39395,0.29362,0.27408,0.1185,0.18868,0.28975,0.36682,0.35151,0.33633,0.32548,0.20819,1,0.22285,0.32113,0.39278,0.20995,0.3786,0.23624,0.2964,0.32361,0.27123
0.32419,0.35162,0.40537,0.39658,0.42528,0.52085,0.36771,0.23123,0.51185,0.42179,0.23774,0.41896,0.54115,0.36951,0.45382,0.55201,0.48597,0.3197,0.45085,0.50684,0.43107,0.56701,0.39309,0.45261,0.34738,0.32432,0.30039,0.42143,0.14527,0.2159,0.29373,0.30379,0.24943,0.14141,0.29226,0.33465,0.32023,0.4104,0.381,0.46662,0.2365,0.22285,1,0.31484,0.34548,0.12991,0.33889,0.45655,0.3525,0.38859,0.45683
0.35528,0.25142,0.46801,0.32435,0.38277,0.45135,0.38473,0.49615,0.36398,0.42942,0.46072,0.27037,0.34189,0.46703,0.46383,0.42616,0.28705,0.37623,0.31997,0.40427,0.37709,0.36097,0.44202,0.33042,0.4635,0.2536,0.36642,0.37688,0.28316,0.25184,0.26708,0.4586,0.335,0.21399,0.29415,0.35204,0.40553,0.40819,0.39692,0.33365,0.36213,0.32113,0.31484,1,0.45138,0.21818,0.40228,0.36675,0.2521,0.31505,0.3554
0.41154,0.2565,0.59289,0.46568,0.55008,0.45163,0.32157,0.38218,0.38498,0.56811,0.31992,0.37505,0.36632,0.41308,0.55203,0.47553,0.37081,0.51717,0.39328,0.45452,0.42934,0.37657,0.34842,0.49216,0.4483,0.3299,0.41229,0.52431,0.27872,0.37092,0.43135,0.45129,0.29884,0.16368,0.27736,0.37591,0.62585,0.51267,0.54187,0.47711,0.30895,0.39278,0.34548,0.45138,1,0.22953,0.56934,0.36272,0.35896,0.40372,0.39326
0.22016,0.11039,0.19457,0.16243,0.1875,0.1614,0.15392,0.27008,0.1466,0.19801,0.19862,0.13237,0.1331,0.18106,0.19139,0.16493,0.14126,0.20703,0.1486,0.18873,0.18317,0.15186,0.15484,0.16872,0.19425,0.14171,0.32721,0.19775,0.4113,0.22096,0.18066,0.29226,0.2276,0.20422,0.13402,0.1927,0.24208,0.18092,0.23248,0.17735,0.1843,0.20995,0.12991,0.21818,0.22953,1,0.29624,0.15297,0.15934,0.20535,0.15949
0.47759,0.20877,0.52095,0.4564,0.49965,0.4245,0.33712,0.39178,0.38445,0.56402,0.29699,0.3806,0.33726,0.36726,0.48573,0.4332,0.38545,0.5269,0.38522,0.52037,0.48676,0.4006,0.32945,0.50505,0.40912,0.36908,0.49951,0.46911,0.30916,0.40434,0.43772,0.49238,0.34849,0.17567,0.23115,0.37723,0.58605,0.50153,0.51136,0.4411,0.2437,0.3786,0.33889,0.40228,0.56934,0.29624,1,0.36848,0.39073,0.49274,0.39443
0.30134,0.28668,0.45188,0.34428,0.40596,0.50275,0.40231,0.26487,0.52054,0.39939,0.32496,0.32122,0.50681,0.43876,0.49357,0.52485,0.37892,0.35247,0.41851,0.4323,0.42309,0.47975,0.47822,0.41096,0.36404,0.28885,0.31407,0.37841,0.16863,0.20409,0.27682,0.36799,0.29835,0.1818,0.26214,0.29916,0.3404,0.42962,0.41962,0.38886,0.25128,0.23624,0.45655,0.36675,0.36272,0.15297,0.36848,1,0.30335,0.32564,0.39046
0.42461,0.21097,0.42982,0.58689,0.45026,0.32178,0.23052,0.20366,0.3903,0.47197,0.16446,0.54114,0.31441,0.22034,0.40656,0.33828,0.51622,0.45729,0.48051,0.39387,0.47653,0.34149,0.23823,0.55778,0.24135,0.46114,0.36341,0.40651,0.16442,0.35073,0.46157,0.28561,0.28411,0.1185,0.23084,0.39675,0.35068,0.43464,0.3385,0.49013,0.16066,0.2964,0.3525,0.2521,0.35896,0.15934,0.39073,0.30335,1,0.49352,0.3342
0.53705,0.19476,0.44929,0.52285,0.47961,0.37164,0.27096,0.27728,0.38671,0.51919,0.21082,0.45392,0.33415,0.27604,0.43455,0.38564,0.51091,0.49296,0.42134,0.53569,0.552,0.38866,0.28733,0.58035,0.28667,0.46821,0.45916,0.45414,0.24212,0.41282,0.47953,0.32199,0.35115,0.12988,0.21333,0.39242,0.39477,0.41543,0.43238,0.45884,0.18711,0.32361,0.38859,0.31505,0.40372,0.20535,0.49274,0.32564,0.49352,1,0.36247
0.31472,0.28997,0.40959,0.40767,0.3795,0.46311,0.34197,0.26697,0.35837,0.45731,0.24694,0.38801,0.37376,0.3335,0.41565,0.4387,0.38314,0.32742,0.34496,0.45441,0.37888,0.43437,0.33266,0.40794,0.37791,0.37453,0.31316,0.4325,0.1797,0.24126,0.31534,0.33844,0.23637,0.14089,0.27528,0.31085,0.39942,0.44451,0.36839,0.43923,0.24874,0.27123,0.45683,0.3554,0.39326,0.15949,0.39443,0.39046,0.3342,0.36247,1
