1,0.35799,0.094069,0.13611,0.53498,0.51158,0.1084,0.5104,0.19035,0.083645,0.49419,0.4607,0.21966,0.52038,0.62755,0.41909,0.35279,0.51051,0.42278,0.54739,0.3233,0.33589,0.38587,0.64431,0.22381,0.34809,0.12431,0.48109,0.076418,0.027289,0.0279,0.43574,0.65416,0.034089,0.16537,0.17657,0.23313,0.55557,0.65838,0.64452
0.35799,1,0.24489,0.35799,0.59461,0.52358,0.28295,0.23011,0.50111,0.21629,0.60314,0.20283,0.090931,0.61123,0.32808,0.74133,0.79088,0.62164,0.18297,0.58624,0.13637,0.79397,0.1703,0.4539,0.093089,0.77419,0.32035,0.21755,0.030992,0.070916,0.072334,0.64195,0.44088,0.088299,0.41362,0.072424,0.096152,0.25825,0.35046,0.33579
0.094069,0.24489,1,0.64827,0.1523,0.14188,0.75864,0.057493,0.47701,0.70772,0.1624,0.050942,0.022676,0.15824,0.083138,0.20407,0.24675,0.16144,0.045749,0.14876,0.034011,0.26098,0.043207,0.11447,0.023433,0.25028,0.68693,0.054981,0.0077681,0.2799,0.28528,0.18311,0.11096,0.348,0.48164,0.018132,0.024015,0.06445,0.088732,0.083925
0.13611,0.35799,0.64827,1,0.22224,0.20614,0.73125,0.084071,0.69232,0.5599,0.23575,0.074361,0.033136,0.23116,0.12124,0.29696,0.35805,0.23518,0.066851,0.21743,0.049716,0.37944,0.062934,0.16709,0.034132,0.36267,0.7651,0.080163,0.011316,0.19411,0.19772,0.26495,0.16209,0.24112,0.6265,0.026448,0.035063,0.094283,0.12923,0.12278
0.53498,0.59461,0.1523,0.22224,1,0.68038,0.17604,0.36824,0.31231,0.13495,0.74115,0.32444,0.14635,0.81045,0.51713,0.68724,0.58114,0.77476,0.29267,0.82795,0.21938,0.55536,0.27137,0.71412,0.14935,0.5726,0.20163,0.34822,0.049919,0.043933,0.044884,0.67813,0.69986,0.054819,0.26554,0.11671,0.15502,0.41284,0.55855,0.53436
0.51158,0.52358,0.14188,0.20614,0.68038,1,0.16374,0.3625,0.28698,0.12685,0.63944,0.32313,0.14873,0.67514,0.49876,0.59404,0.51751,0.66592,0.29297,0.6773,0.22121,0.49749,0.27178,0.65031,0.15188,0.51178,0.18818,0.34667,0.051151,0.041399,0.042314,0.58946,0.63746,0.051671,0.24595,0.11914,0.15737,0.40531,0.53715,0.51187
0.1084,0.28295,0.75864,0.73125,0.17604,0.16374,1,0.066465,0.54924,0.66422,0.18749,0.058873,0.026222,0.18266,0.09598,0.23537,0.28432,0.18601,0.052869,0.17167,0.039326,0.30075,0.049889,0.13223,0.027043,0.28844,0.75146,0.063496,0.0089702,0.24332,0.24776,0.21087,0.12822,0.30209,0.53432,0.020932,0.027749,0.074506,0.10238,0.097021
0.5104,0.23011,0.057493,0.084071,0.36824,0.3625,0.066465,1,0.11812,0.05114,0.33379,0.77426,0.38876,0.35423,0.63804,0.27294,0.22582,0.34401,0.75005,0.38089,0.58013,0.21425,0.62964,0.49229,0.38488,0.22152,0.075847,0.74652,0.13162,0.016543,0.01689,0.29081,0.50867,0.020619,0.10246,0.30668,0.41017,0.8415,0.61258,0.67064
0.19035,0.50111,0.47701,0.69232,0.31231,0.28698,0.54924,0.11812,1,0.41655,0.32948,0.10445,0.046574,0.32465,0.17,0.41628,0.50036,0.33079,0.093915,0.30566,0.069954,0.53091,0.08833,0.23521,0.047918,0.50836,0.61905,0.11267,0.015901,0.13918,0.14182,0.37065,0.22847,0.17295,0.66501,0.037147,0.049274,0.13264,0.18186,0.17277
0.083645,0.21629,0.70772,0.5599,0.13495,0.12685,0.66422,0.05114,0.41655,1,0.14425,0.045366,0.02021,0.1405,0.073753,0.18043,0.21833,0.14326,0.040685,0.13181,0.030287,0.23082,0.038517,0.10177,0.020901,0.22176,0.60506,0.048914,0.0069354,0.30563,0.30942,0.16276,0.098583,0.37774,0.42405,0.016167,0.021398,0.057293,0.078973,0.074568
0.49419,0.60314,0.1624,0.23575,0.74115,0.63944,0.18749,0.33379,0.32948,0.14425,1,0.29664,0.13406,0.7382,0.46831,0.68041,0.59755,0.72702,0.26728,0.73352,0.20005,0.57158,0.248,0.63559,0.13748,0.5873,0.21487,0.31593,0.045948,0.04698,0.04806,0.66124,0.61667,0.058769,0.28081,0.10699,0.14189,0.37292,0.50275,0.47975
0.4607,0.20283,0.050942,0.074361,0.32444,0.32313,0.058873,0.77426,0.10445,0.045366,0.29664,1,0.4296,0.31216,0.5706,0.24183,0.20024,0.30442,0.79902,0.33462,0.63066,0.18988,0.65411,0.435,0.42905,0.19673,0.067468,0.72517,0.14761,0.014649,0.014975,0.25804,0.44818,0.018308,0.091092,0.34311,0.45599,0.7286,0.54844,0.58361
0.21966,0.090931,0.022676,0.033136,0.14635,0.14873,0.026222,0.38876,0.046574,0.02021,0.13406,0.4296,1,0.14078,0.26492,0.10854,0.089504,0.13719,0.48551,0.15077,0.6568,0.084901,0.46794,0.19629,0.71378,0.087948,0.029977,0.39135,0.32618,0.0065184,0.0066605,0.11684,0.20255,0.0081278,0.040732,0.71444,0.8499,0.34931,0.2503,0.26853
0.52038,0.61123,0.15824,0.23116,0.81045,0.67514,0.18266,0.35423,0.32465,0.1405,0.7382,0.31216,0.14078,1,0.49894,0.7033,0.60024,0.79289,0.28149,0.81938,0.21091,0.57362,0.261,0.68827,0.14374,0.58941,0.209,0.33381,0.048013,0.045668,0.046656,0.69049,0.67283,0.056947,0.27446,0.11205,0.14897,0.39745,0.53693,0.51525
0.62755,0.32808,0.083138,0.12124,0.51713,0.49876,0.09598,0.63804,0.17,0.073753,0.46831,0.5706,0.26492,0.49894,1,0.38835,0.32252,0.48269,0.52007,0.53307,0.39388,0.30694,0.46518,0.67707,0.26759,0.31826,0.10983,0.58719,0.090466,0.023929,0.024456,0.40622,0.69414,0.029877,0.14694,0.21093,0.27988,0.7026,0.76555,0.7934
0.41909,0.74133,0.20407,0.29696,0.68724,0.59404,0.23537,0.27294,0.41628,0.18043,0.68041,0.24183,0.10854,0.7033,0.38835,1,0.72508,0.70156,0.21777,0.67665,0.16262,0.70792,0.20262,0.53701,0.11118,0.71983,0.26928,0.25931,0.037101,0.059015,0.06023,0.69451,0.52155,0.073613,0.34808,0.086435,0.1149,0.30632,0.41758,0.39756
0.35279,0.79088,0.24675,0.35805,0.58114,0.51751,0.28432,0.22582,0.50036,0.21833,0.59755,0.20024,0.089504,0.60024,0.32252,0.72508,1,0.6082,0.17978,0.56947,0.13415,0.78221,0.16817,0.44751,0.092162,0.78154,0.32644,0.215,0.030631,0.071395,0.072782,0.63904,0.43351,0.089174,0.41375,0.071631,0.094835,0.25284,0.34746,0.329
0.51051,0.62164,0.16144,0.23518,0.77476,0.66592,0.18601,0.34401,0.33079,0.14326,0.72702,0.30442,0.13719,0.79289,0.48269,0.70156,0.6082,1,0.27492,0.79085,0.20559,0.58337,0.25487,0.66616,0.1405,0.59881,0.21347,0.3255,0.046864,0.046625,0.047615,0.68646,0.65097,0.058178,0.28112,0.10956,0.1454,0.3866,0.52462,0.49982
0.42278,0.18297,0.045749,0.066851,0.29267,0.29297,0.052869,0.75005,0.093915,0.040685,0.26728,0.79902,0.48551,0.28149,0.52007,0.21777,0.17978,0.27492,1,0.30264,0.71518,0.17085,0.68346,0.39286,0.47743,0.17669,0.060418,0.70644,0.16486,0.013151,0.013439,0.23239,0.40552,0.016408,0.08186,0.38395,0.51214,0.68802,0.49623,0.53584
0.54739,0.58624,0.14876,0.21743,0.82795,0.6773,0.17167,0.38089,0.30566,0.13181,0.73352,0.33462,0.15077,0.81938,0.53307,0.67665,0.56947,0.79085,0.30264,1,0.22614,0.54427,0.27894,0.7354,0.15362,0.55703,0.19556,0.35659,0.051242,0.042864,0.043774,0.6674,0.71918,0.053402,0.25947,0.11988,0.15938,0.42758,0.57179,0.55503
0.3233,0.13637,0.034011,0.049716,0.21938,0.22121,0.039326,0.58013,0.069954,0.030287,0.20005,0.63066,0.6568,0.21091,0.39388,0.16262,0.13415,0.20559,0.71518,0.22614,1,0.12732,0.64501,0.29446,0.61294,0.13204,0.044989,0.57424,0.22097,0.009788,0.0099998,0.17472,0.3044,0.012194,0.061049,0.51297,0.68798,0.52497,0.37437,0.40328
0.33589,0.79397,0.26098,0.37944,0.55536,0.49749,0.30075,0.21425,0.53091,0.23082,0.57158,0.18988,0.084901,0.57362,0.30694,0.70792,0.78221,0.58337,0.17085,0.54427,0.12732,1,0.16003,0.42499,0.087261,0.78838,0.34504,0.20415,0.029035,0.075559,0.077165,0.62305,0.4129,0.094341,0.43759,0.067853,0.089953,0.24036,0.33004,0.3126
0.38587,0.1703,0.043207,0.062934,0.27137,0.27178,0.049889,0.62964,0.08833,0.038517,0.248,0.65411,0.46794,0.261,0.46518,0.20262,0.16817,0.25487,0.68346,0.27894,0.64501,0.16003,1,0.35989,0.46341,0.16611,0.05726,0.62135,0.16627,0.012486,0.012779,0.21795,0.37165,0.015576,0.077507,0.38119,0.49402,0.59033,0.4518,0.4762
0.64431,0.4539,0.11447,0.16709,0.71412,0.65031,0.13223,0.49229,0.23521,0.10177,0.63559,0.435,0.19629,0.68827,0.67707,0.53701,0.44751,0.66616,0.39286,0.7354,0.29446,0.42499,0.35989,1,0.20011,0.44083,0.15189,0.46251,0.066811,0.032933,0.03364,0.55815,0.89857,0.041117,0.20182,0.15642,0.20796,0.5533,0.7425,0.71481
0.22381,0.093089,0.023433,0.034132,0.14935,0.15188,0.027043,0.38488,0.047918,0.020901,0.13748,0.42905,0.71378,0.14374,0.26759,0.11118,0.092162,0.1405,0.47743,0.15362,0.61294,0.087261,0.46341,0.20011,1,0.090739,0.031087,0.39113,0.30402,0.0067384,0.0068957,0.11997,0.20613,0.0084249,0.042164,0.64356,0.72763,0.34745,0.25567,0.27012
0.34809,0.77419,0.25028,0.36267,0.5726,0.51178,0.28844,0.22152,0.50836,0.22176,0.5873,0.19673,0.087948,0.58941,0.31826,0.71983,0.78154,0.59881,0.17669,0.55703,0.13204,0.78838,0.16611,0.44083,0.090739,1,0.33488,0.21199,0.030157,0.072552,0.074145,0.64286,0.42869,0.090634,0.42416,0.070504,0.093339,0.24853,0.3439,0.32281
0.12431,0.32035,0.68693,0.7651,0.20163,0.18818,0.75146,0.075847,0.61905,0.60506,0.21487,0.067468,0.029977,0.209,0.10983,0.26928,0.32644,0.21347,0.060418,0.19556,0.044989,0.34504,0.05726,0.15189,0.031087,0.33488,1,0.072981,0.010306,0.21128,0.21571,0.24425,0.14744,0.26502,0.59598,0.024053,0.031817,0.084993,0.11828,0.11073
0.48109,0.21755,0.054981,0.080163,0.34822,0.34667,0.063496,0.74652,0.11267,0.048914,0.31593,0.72517,0.39135,0.33381,0.58719,0.25931,0.215,0.3255,0.70644,0.35659,0.57424,0.20415,0.62135,0.46251,0.39113,0.21199,0.072981,1,0.13508,0.015859,0.016214,0.27735,0.47828,0.019784,0.098305,0.31309,0.41441,0.73359,0.57701,0.61033
0.076418,0.030992,0.0077681,0.011316,0.049919,0.051151,0.0089702,0.13162,0.015901,0.0069354,0.045948,0.14761,0.32618,0.048013,0.090466,0.037101,0.030631,0.046864,0.16486,0.051242,0.22097,0.029035,0.16627,0.066811,0.30402,0.030157,0.010306,0.13508,1,0.0022322,0.0022847,0.0402,0.068944,0.0027911,0.014049,0.3972,0.31027,0.11782,0.085768,0.090785
0.027289,0.070916,0.2799,0.19411,0.043933,0.041399,0.24332,0.016543,0.13918,0.30563,0.04698,0.014649,0.0065184,0.045668,0.023929,0.059015,0.071395,0.046625,0.013151,0.042864,0.009788,0.075559,0.012486,0.032933,0.0067384,0.072552,0.21128,0.015859,0.0022322,1,0.7709,0.053403,0.031944,0.70841,0.14863,0.0052082,0.0068946,0.018561,0.025499,0.024171
0.0279,0.072334,0.28528,0.19772,0.044884,0.042314,0.24776,0.01689,0.14182,0.30942,0.04806,0.014975,0.0066605,0.046656,0.024456,0.06023,0.072782,0.047615,0.013439,0.043774,0.0099998,0.077165,0.012779,0.03364,0.0068957,0.074145,0.21571,0.016214,0.0022847,0.7709,1,0.054563,0.032645,0.70732,0.15374,0.0053339,0.0070529,0.018955,0.026077,0.02466
0.43574,0.64195,0.18311,0.26495,0.67813,0.58946,0.21087,0.29081,0.37065,0.16276,0.66124,0.25804,0.11684,0.69049,0.40622,0.69451,0.63904,0.68646,0.23239,0.6674,0.17472,0.62305,0.21795,0.55815,0.11997,0.64286,0.24425,0.27735,0.0402,0.053403,0.054563,1,0.54681,0.06663,0.31575,0.093775,0.12399,0.32503,0.4441,0.41791
0.65416,0.44088,0.11096,0.16209,0.69986,0.63746,0.12822,0.50867,0.22847,0.098583,0.61667,0.44818,0.20255,0.67283,0.69414,0.52155,0.43351,0.65097,0.40552,0.71918,0.3044,0.4129,0.37165,0.89857,0.20613,0.42869,0.14744,0.47828,0.068944,0.031944,0.032645,0.54681,1,0.039861,0.19616,0.16146,0.21469,0.57233,0.76848,0.73944
0.034089,0.088299,0.348,0.24112,0.054819,0.051671,0.30209,0.020619,0.17295,0.37774,0.058769,0.018308,0.0081278,0.056947,0.029877,0.073613,0.089174,0.058178,0.016408,0.053402,0.012194,0.094341,0.015576,0.041117,0.0084249,0.090634,0.26502,0.019784,0.0027911,0.70841,0.70732,0.06663,0.039861,1,0.18549,0.0065085,0.0086123,0.023108,0.0319,0.030094
0.16537,0.41362,0.48164,0.6265,0.26554,0.24595,0.53432,0.10246,0.66501,0.42405,0.28081,0.091092,0.040732,0.27446,0.14694,0.34808,0.41375,0.28112,0.08186,0.25947,0.061049,0.43759,0.077507,0.20182,0.042164,0.42416,0.59598,0.098305,0.014049,0.14863,0.15374,0.31575,0.19616,0.18549,1,0.032831,0.043306,0.11473,0.15777,0.14844
0.17657,0.072424,0.018132,0.026448,0.11671,0.11914,0.020932,0.30668,0.037147,0.016167,0.10699,0.34311,0.71444,0.11205,0.21093,0.086435,0.071631,0.10956,0.38395,0.11988,0.51297,0.067853,0.38119,0.15642,0.64356,0.070504,0.024053,0.31309,0.3972,0.0052082,0.0053339,0.093775,0.16146,0.0065085,0.032831,1,0.7038,0.27531,0.20067,0.21219
0.23313,0.096152,0.024015,0.035063,0.15502,0.15737,0.027749,0.41017,0.049274,0.021398,0.14189,0.45599,0.8499,0.14897,0.27988,0.1149,0.094835,0.1454,0.51214,0.15938,0.68798,0.089953,0.49402,0.20796,0.72763,0.093339,0.031817,0.41441,0.31027,0.0068946,0.0070529,0.12399,0.21469,0.0086123,0.043306,0.7038,1,0.36796,0.26619,0.28314
0.55557,0.25825,0.06445,0.094283,0.41284,0.40531,0.074506,0.8415,0.13264,0.057293,0.37292,0.7286,0.34931,0.39745,0.7026,0.30632,0.25284,0.3866,0.68802,0.42758,0.52497,0.24036,0.59033,0.5533,0.34745,0.24853,0.084993,0.73359,0.11782,0.018561,0.018955,0.32503,0.57233,0.023108,0.11473,0.27531,0.36796,1,0.68043,0.76078
0.65838,0.35046,0.088732,0.12923,0.55855,0.53715,0.10238,0.61258,0.18186,0.078973,0.50275,0.54844,0.2503,0.53693,0.76555,0.41758,0.34746,0.52462,0.49623,0.57179,0.37437,0.33004,0.4518,0.7425,0.25567,0.3439,0.11828,0.57701,0.085768,0.025499,0.026077,0.4441,0.76848,0.0319,0.15777,0.20067,0.26619,0.68043,1,0.81402
0.64452,0.33579,0.083925,0.12278,0.53436,0.51187,0.097021,0.67064,0.17277,0.074568,0.47975,0.58361,0.26853,0.51525,0.7934,0.39756,0.329,0.49982,0.53584,0.55503,0.40328,0.3126,0.4762,0.71481,0.27012,0.32281,0.11073,0.61033,0.090785,0.024171,0.02466,0.41791,0.73944,0.030094,0.14844,0.21219,0.28314,0.76078,0.81402,1
