1,0.056038,0.28307,0.59308,0.46682,0.7788,0.33073,0.29211,0.57647,0.22049,0.25432,0.11097,0.071291,0.020799,0.23097,0.62862,0.44483,0.46042,0.25929,0.4001,0.072475,0.022602,0.59349,0.039933,0.59228,0.117,0.0064346,0.086512,0.16767,0.034107,0.14029,0.36264,0.0087954,0.15686,0.58741,0.020457,0.1833,0.034877,0.60799,0.026504
0.056038,1,0.19426,0.034577,0.07922,0.054537,0.16776,0.016606,0.093761,0.24918,0.21766,0.49104,0.73371,0.35916,0.23737,0.08457,0.12446,0.11549,0.0148,0.13567,0.65573,0.3893,0.04192,0.66426,0.092723,0.46321,0.11315,0.60658,0.32683,0.58341,0.38755,0.13967,0.15297,0.34735,0.084661,0.35393,0.24868,0.56159,0.082717,0.45877
0.28307,0.19426,1,0.17426,0.35228,0.27311,0.80256,0.084135,0.46633,0.73714,0.82154,0.38447,0.2476,0.072345,0.76384,0.42217,0.62066,0.55727,0.074922,0.66488,0.24907,0.078744,0.20617,0.13881,0.46534,0.40135,0.022447,0.29874,0.5727,0.11884,0.47725,0.62233,0.030588,0.53781,0.41344,0.071218,0.52517,0.12064,0.4071,0.09242
0.59308,0.034577,0.17426,1,0.33036,0.59201,0.20371,0.46763,0.3581,0.13545,0.15646,0.068403,0.043908,0.012792,0.14214,0.39499,0.2732,0.28798,0.41494,0.24807,0.044861,0.013977,0.60597,0.024569,0.36316,0.071957,0.0039665,0.05336,0.10325,0.020995,0.086052,0.2283,0.0054104,0.097157,0.37905,0.012614,0.11606,0.021502,0.3925,0.016335
0.46682,0.07922,0.35228,0.33036,1,0.4542,0.39677,0.17247,0.51865,0.28454,0.32117,0.15301,0.099956,0.02997,0.29772,0.52705,0.48204,0.48149,0.15504,0.45279,0.10205,0.032677,0.35946,0.056872,0.52463,0.15977,0.0094264,0.12046,0.22414,0.04878,0.18855,0.41367,0.012817,0.21156,0.50772,0.029601,0.24011,0.049871,0.51083,0.038153
0.7788,0.054537,0.27311,0.59201,0.4542,1,0.31797,0.29709,0.5516,0.2119,0.24573,0.10771,0.069197,0.020144,0.22315,0.60263,0.42514,0.44583,0.26298,0.38518,0.070628,0.022037,0.59791,0.038666,0.55411,0.11273,0.0062613,0.08389,0.16235,0.03311,0.13475,0.35155,0.0085202,0.15316,0.56532,0.019899,0.18016,0.033822,0.58914,0.025772
0.33073,0.16776,0.80256,0.20371,0.39677,0.31797,1,0.098109,0.54434,0.64947,0.74466,0.33301,0.21364,0.062355,0.67516,0.49075,0.72439,0.64565,0.087447,0.7612,0.21592,0.067941,0.23895,0.11977,0.54427,0.34992,0.01933,0.25894,0.4984,0.10239,0.41668,0.6828,0.02636,0.46896,0.47886,0.06134,0.47965,0.10418,0.47294,0.079634
0.29211,0.016606,0.084135,0.46763,0.17247,0.29709,0.098109,1,0.17433,0.065261,0.075395,0.032906,0.02109,0.0061349,0.068653,0.19312,0.13204,0.14005,0.82068,0.12034,0.021612,0.0067129,0.35184,0.011789,0.17636,0.034534,0.0019025,0.025636,0.049724,0.01008,0.041333,0.11186,0.0025938,0.046856,0.18725,0.0060552,0.056998,0.010336,0.19363,0.0078437
0.57647,0.093761,0.46633,0.3581,0.51865,0.5516,0.54434,0.17433,1,0.36448,0.42211,0.18529,0.11916,0.034731,0.38248,0.77994,0.71567,0.71226,0.15484,0.64229,0.12099,0.037849,0.40713,0.066657,0.81847,0.19427,0.010778,0.14418,0.2791,0.057053,0.2325,0.56501,0.014687,0.26217,0.70716,0.034231,0.29529,0.058156,0.72943,0.044361
0.22049,0.24918,0.73714,0.13545,0.28454,0.2119,0.64947,0.065261,0.36448,1,0.80636,0.49258,0.31848,0.093437,0.83454,0.32968,0.48751,0.43976,0.058168,0.52682,0.31808,0.10131,0.16127,0.17927,0.36416,0.5177,0.028933,0.38489,0.71956,0.15321,0.6142,0.50995,0.039501,0.67036,0.32521,0.09167,0.57158,0.15535,0.31844,0.11907
0.25432,0.21766,0.82154,0.15646,0.32117,0.24573,0.74466,0.075395,0.42211,0.80636,1,0.43005,0.27737,0.080913,0.82459,0.38064,0.56192,0.50896,0.067075,0.60104,0.27852,0.088044,0.18591,0.15526,0.41906,0.44979,0.025102,0.33423,0.64068,0.13293,0.53499,0.5753,0.034199,0.5995,0.37408,0.079689,0.55213,0.13486,0.3677,0.10333
0.11097,0.49104,0.38447,0.068403,0.15301,0.10771,0.33301,0.032906,0.18529,0.49258,0.43005,1,0.62603,0.18526,0.46966,0.16718,0.2467,0.22738,0.029376,0.26968,0.60763,0.2023,0.082486,0.35531,0.18372,0.83786,0.057684,0.7374,0.64135,0.3049,0.73238,0.27441,0.07834,0.68681,0.16687,0.18218,0.45416,0.30565,0.16333,0.23753
0.071291,0.73371,0.2476,0.043908,0.099956,0.069197,0.21364,0.02109,0.11916,0.31848,0.27737,0.62603,1,0.28808,0.30259,0.10747,0.15857,0.14652,0.018795,0.17281,0.73679,0.31146,0.053216,0.54877,0.11811,0.59119,0.089736,0.756,0.41691,0.47297,0.49503,0.17715,0.12188,0.44099,0.10746,0.28273,0.30949,0.46497,0.105,0.36794
0.020799,0.35916,0.072345,0.012792,0.02997,0.020144,0.062355,0.0061349,0.034731,0.093437,0.080913,0.18526,0.28808,1,0.088617,0.031312,0.046251,0.04278,0.005477,0.050478,0.27065,0.76494,0.015585,0.51811,0.034508,0.17672,0.30724,0.23606,0.1223,0.60277,0.14727,0.052275,0.41976,0.12925,0.031502,0.80369,0.096001,0.54948,0.030696,0.75354
0.23097,0.23737,0.76384,0.14214,0.29772,0.22315,0.67516,0.068653,0.38248,0.83454,0.82459,0.46966,0.30259,0.088617,1,0.3458,0.50994,0.46126,0.061186,0.55212,0.3039,0.096534,0.16937,0.17002,0.38071,0.48786,0.027521,0.36482,0.68813,0.14564,0.57591,0.53521,0.037474,0.65145,0.3408,0.08718,0.57335,0.14757,0.33431,0.11329
0.62862,0.08457,0.42217,0.39499,0.52705,0.60263,0.49075,0.19312,0.77994,0.32968,0.38064,0.16718,0.10747,0.031312,0.3458,1,0.65057,0.65595,0.1714,0.58997,0.10929,0.034182,0.44409,0.060096,0.78678,0.17497,0.0097208,0.13016,0.2517,0.051443,0.20919,0.52111,0.01324,0.23704,0.71351,0.030884,0.27077,0.052495,0.73689,0.040021
0.44483,0.12446,0.62066,0.2732,0.48204,0.42514,0.72439,0.13204,0.71567,0.48751,0.56192,0.2467,0.15857,0.046251,0.50994,0.65057,1,0.76692,0.11742,0.81095,0.16037,0.050304,0.31655,0.088801,0.72311,0.25931,0.014325,0.19205,0.37155,0.075925,0.31034,0.67872,0.019553,0.34757,0.61745,0.045512,0.37931,0.077369,0.61435,0.059007
0.46042,0.11549,0.55727,0.28798,0.48149,0.44583,0.64565,0.14005,0.71226,0.43976,0.50896,0.22738,0.14652,0.04278,0.46126,0.65595,0.76692,1,0.12451,0.72273,0.14875,0.046758,0.33313,0.082029,0.7016,0.23779,0.013312,0.17703,0.34033,0.070261,0.28328,0.63147,0.018103,0.32161,0.62031,0.042211,0.35322,0.07158,0.62458,0.054694
0.25929,0.0148,0.074922,0.41494,0.15504,0.26298,0.087447,0.82068,0.15484,0.058168,0.067075,0.029376,0.018795,0.005477,0.061186,0.1714,0.11742,0.12451,1,0.10746,0.0193,0.0060012,0.31373,0.010526,0.15687,0.030822,0.0016997,0.022889,0.044325,0.0089971,0.036827,0.099973,0.0023168,0.041852,0.16667,0.0054024,0.0511,0.0092301,0.17264,0.0070057
0.4001,0.13567,0.66488,0.24807,0.45279,0.38518,0.7612,0.12034,0.64229,0.52682,0.60104,0.26968,0.17281,0.050478,0.55212,0.58997,0.81095,0.72273,0.10746,1,0.17559,0.055248,0.28996,0.096934,0.64382,0.28119,0.015682,0.20986,0.40377,0.082961,0.33359,0.70022,0.02135,0.38217,0.56711,0.049721,0.41762,0.084503,0.56407,0.064608
0.072475,0.65573,0.24907,0.044861,0.10205,0.070628,0.21592,0.021612,0.12099,0.31808,0.27852,0.60763,0.73679,0.27065,0.3039,0.10929,0.16037,0.14875,0.0193,0.17559,1,0.2976,0.054447,0.50277,0.11964,0.56654,0.0859,0.70182,0.4141,0.43917,0.47843,0.18007,0.11581,0.44439,0.10948,0.26754,0.31677,0.43328,0.10718,0.34694
0.022602,0.3893,0.078744,0.013977,0.032677,0.022037,0.067941,0.0067129,0.037849,0.10131,0.088044,0.2023,0.31146,0.76494,0.096534,0.034182,0.050304,0.046758,0.0060012,0.055248,0.2976,1,0.017073,0.54501,0.037465,0.1904,0.27948,0.25665,0.13309,0.63706,0.15786,0.057317,0.36985,0.14264,0.034383,0.76382,0.10645,0.57824,0.033585,0.79729
0.59349,0.04192,0.20617,0.60597,0.35946,0.59791,0.23895,0.35184,0.40713,0.16127,0.18591,0.082486,0.053216,0.015585,0.16937,0.44409,0.31655,0.33313,0.31373,0.28996,0.054447,0.017073,1,0.029822,0.4084,0.086239,0.0048616,0.064345,0.12378,0.025564,0.10288,0.26656,0.0066096,0.11692,0.42511,0.015415,0.1383,0.026165,0.4387,0.019924
0.039933,0.66426,0.13881,0.024569,0.056872,0.038666,0.11977,0.011789,0.066657,0.17927,0.15526,0.35531,0.54877,0.51811,0.17002,0.060096,0.088801,0.082029,0.010526,0.096934,0.50277,0.54501,0.029822,1,0.06625,0.33888,0.16066,0.44986,0.2343,0.83656,0.28203,0.099858,0.2191,0.2479,0.060312,0.49747,0.18055,0.73864,0.058857,0.65352
0.59228,0.092723,0.46534,0.36316,0.52463,0.55411,0.54427,0.17636,0.81847,0.36416,0.41906,0.18372,0.11811,0.034508,0.38071,0.78678,0.72311,0.7016,0.15687,0.64382,0.11964,0.037465,0.4084,0.06625,1,0.19375,0.010677,0.14322,0.27697,0.056584,0.2323,0.56037,0.014596,0.25873,0.71849,0.033897,0.29204,0.057736,0.72815,0.043957
0.117,0.46321,0.40135,0.071957,0.15977,0.11273,0.34992,0.034534,0.19427,0.5177,0.44979,0.83786,0.59119,0.17672,0.48786,0.17497,0.25931,0.23779,0.030822,0.28119,0.56654,0.1904,0.086239,0.33888,0.19375,1,0.054677,0.70085,0.66117,0.28859,0.79846,0.28445,0.074772,0.6804,0.17472,0.17244,0.45277,0.29044,0.17084,0.22429
0.0064346,0.11315,0.022447,0.0039665,0.0094264,0.0062613,0.01933,0.0019025,0.010778,0.028933,0.025102,0.057684,0.089736,0.30724,0.027521,0.0097208,0.014325,0.013312,0.0016997,0.015682,0.0859,0.27948,0.0048616,0.16066,0.010677,0.054677,1,0.073551,0.038006,0.18841,0.045489,0.016346,0.6951,0.040447,0.0097953,0.30838,0.030667,0.17857,0.0095539,0.24224
0.086512,0.60658,0.29874,0.05336,0.12046,0.08389,0.25894,0.025636,0.14418,0.38489,0.33423,0.7374,0.756,0.23606,0.36482,0.13016,0.19205,0.17703,0.022889,0.20986,0.70182,0.25665,0.064345,0.44986,0.14322,0.70085,0.073551,1,0.49915,0.38611,0.58908,0.21425,0.10005,0.52945,0.13035,0.23129,0.36741,0.38571,0.12728,0.30146
0.16767,0.32683,0.5727,0.10325,0.22414,0.16235,0.4984,0.049724,0.2791,0.71956,0.64068,0.64135,0.41691,0.1223,0.68813,0.2517,0.37155,0.34033,0.044325,0.40377,0.4141,0.13309,0.12378,0.2343,0.27697,0.66117,0.038006,0.49915,1,0.20092,0.75568,0.40188,0.051722,0.81908,0.24983,0.12034,0.56291,0.20309,0.24513,0.15634
0.034107,0.58341,0.11884,0.020995,0.04878,0.03311,0.10239,0.01008,0.057053,0.15321,0.13293,0.3049,0.47297,0.60277,0.14564,0.051443,0.075925,0.070261,0.0089971,0.082961,0.43917,0.63706,0.025564,0.83656,0.056584,0.28859,0.18841,0.38611,0.20092,1,0.24037,0.085758,0.25544,0.21327,0.051648,0.58183,0.15636,0.75917,0.050412,0.76994
0.14029,0.38755,0.47725,0.086052,0.18855,0.13475,0.41668,0.041333,0.2325,0.6142,0.53499,0.73238,0.49503,0.14727,0.57591,0.20919,0.31034,0.28328,0.036827,0.33359,0.47843,0.15786,0.10288,0.28203,0.2323,0.79846,0.045489,0.58908,0.75568,0.24037,1,0.33497,0.062327,0.73583,0.20829,0.14367,0.49388,0.24233,0.20349,0.18639
0.36264,0.13967,0.62233,0.2283,0.41367,0.35155,0.6828,0.11186,0.56501,0.50995,0.5753,0.27441,0.17715,0.052275,0.53521,0.52111,0.67872,0.63147,0.099973,0.70022,0.18007,0.057317,0.26656,0.099858,0.56037,0.28445,0.016346,0.21425,0.40188,0.085758,0.33497,1,0.022197,0.38496,0.5031,0.051657,0.41104,0.087436,0.50311,0.066936
0.0087954,0.15297,0.030588,0.0054104,0.012817,0.0085202,0.02636,0.0025938,0.014687,0.039501,0.034199,0.07834,0.12188,0.41976,0.037474,0.01324,0.019553,0.018103,0.0023168,0.02135,0.11581,0.36985,0.0066096,0.2191,0.014596,0.074772,0.6951,0.10005,0.051722,0.25544,0.062327,0.022197,1,0.054691,0.013341,0.41217,0.041196,0.24148,0.012998,0.3261
0.15686,0.34735,0.53781,0.097157,0.21156,0.15316,0.46896,0.046856,0.26217,0.67036,0.5995,0.68681,0.44099,0.12925,0.65145,0.23704,0.34757,0.32161,0.041852,0.38217,0.44439,0.14264,0.11692,0.2479,0.25873,0.6804,0.040447,0.52945,0.81908,0.21327,0.73583,0.38496,0.054691,1,0.23539,0.12783,0.5812,0.21516,0.23164,0.16659
0.58741,0.084661,0.41344,0.37905,0.50772,0.56532,0.47886,0.18725,0.70716,0.32521,0.37408,0.16687,0.10746,0.031502,0.3408,0.71351,0.61745,0.62031,0.16667,0.56711,0.10948,0.034383,0.42511,0.060312,0.71849,0.17472,0.0097953,0.13035,0.24983,0.051648,0.20829,0.5031,0.013341,0.23539,1,0.031075,0.26925,0.052732,0.67521,0.040218
0.020457,0.35393,0.071218,0.012614,0.029601,0.019899,0.06134,0.0060552,0.034231,0.09167,0.079689,0.18218,0.28273,0.80369,0.08718,0.030884,0.045512,0.042211,0.0054024,0.049721,0.26754,0.76382,0.015415,0.49747,0.033897,0.17244,0.30838,0.23129,0.12034,0.58183,0.14367,0.051657,0.41217,0.12783,0.031075,1,0.095147,0.53422,0.030292,0.72494
0.1833,0.24868,0.52517,0.11606,0.24011,0.18016,0.47965,0.056998,0.29529,0.57158,0.55213,0.45416,0.30949,0.096001,0.57335,0.27077,0.37931,0.35322,0.0511,0.41762,0.31677,0.10645,0.1383,0.18055,0.29204,0.45277,0.030667,0.36741,0.56291,0.15636,0.49388,0.41104,0.041196,0.5812,0.26925,0.095147,1,0.15773,0.26541,0.12334
0.034877,0.56159,0.12064,0.021502,0.049871,0.033822,0.10418,0.010336,0.058156,0.15535,0.13486,0.30565,0.46497,0.54948,0.14757,0.052495,0.077369,0.07158,0.0092301,0.084503,0.43328,0.57824,0.026165,0.73864,0.057736,0.29044,0.17857,0.38571,0.20309,0.75917,0.24233,0.087436,0.24148,0.21516,0.052732,0.53422,0.15773,1,0.051428,0.67243
0.60799,0.082717,0.4071,0.3925,0.51083,0.58914,0.47294,0.19363,0.72943,0.31844,0.3677,0.16333,0.105,0.030696,0.33431,0.73689,0.61435,0.62458,0.17264,0.56407,0.10718,0.033585,0.4387,0.058857,0.72815,0.17084,0.0095539,0.12728,0.24513,0.050412,0.20349,0.50311,0.012998,0.23164,0.67521,0.030292,0.26541,0.051428,1,0.039265
0.026504,0.45877,0.09242,0.016335,0.038153,0.025772,0.079634,0.0078437,0.044361,0.11907,0.10333,0.23753,0.36794,0.75354,0.11329,0.040021,0.059007,0.054694,0.0070057,0.064608,0.34694,0.79729,0.019924,0.65352,0.043957,0.22429,0.24224,0.30146,0.15634,0.76994,0.18639,0.066936,0.3261,0.16659,0.040218,0.72494,0.12334,0.67243,0.039265,1
