1,0.49712,0.41343,0.59712,0.46046,0.51931,0.55389,0.53789,0.39994,0.51483,0.43091,0.44323,0.48049,0.44956,0.48257,0.4013,0.48972,0.53379,0.57693,0.352,0.55849,0.3329,0.21726,0.36876,0.42826,0.30761,0.25633,0.5118,0.2334,0.46766,0.25456,0.2729,0.41188,0.38104,0.33147,0.22476,0.26814,0.35781
0.49712,1,0.3894,0.6186,0.45686,0.42866,0.52698,0.44183,0.42033,0.42727,0.49437,0.48035,0.47936,0.46142,0.48319,0.41167,0.49035,0.64836,0.55683,0.43739,0.5457,0.27515,0.25209,0.39248,0.53282,0.31874,0.28495,0.44548,0.27461,0.4828,0.25769,0.36386,0.54007,0.42158,0.34453,0.25741,0.32705,0.3498
0.41343,0.3894,1,0.35204,0.61055,0.40811,0.56654,0.55817,0.6513,0.36493,0.48728,0.46011,0.48024,0.65803,0.51384,0.63066,0.58715,0.49419,0.5449,0.42552,0.48838,0.24605,0.33112,0.3296,0.3288,0.38956,0.46079,0.51806,0.40691,0.40413,0.14434,0.20826,0.36394,0.50185,0.46283,0.31098,0.34386,0.29812
0.59712,0.6186,0.35204,1,0.40782,0.43743,0.49748,0.45301,0.35459,0.45015,0.40284,0.43434,0.437,0.4048,0.45641,0.36064,0.45785,0.53046,0.50926,0.37068,0.49259,0.29352,0.21531,0.3769,0.55236,0.28694,0.23931,0.45287,0.23848,0.47384,0.32393,0.34533,0.50431,0.36651,0.30861,0.21761,0.27366,0.33522
0.46046,0.45686,0.61055,0.40782,1,0.39712,0.66707,0.48537,0.66862,0.39766,0.53295,0.43977,0.4894,0.72384,0.48613,0.76851,0.65094,0.57493,0.54551,0.3836,0.58286,0.23651,0.27714,0.317,0.35641,0.32217,0.37538,0.52594,0.3546,0.40691,0.15476,0.22653,0.36695,0.60295,0.60283,0.28969,0.32792,0.31499
0.51931,0.42866,0.40811,0.43743,0.39712,1,0.50786,0.45878,0.35915,0.61547,0.38811,0.41942,0.49837,0.4036,0.4871,0.34886,0.46199,0.47519,0.63175,0.45762,0.49846,0.45761,0.27508,0.42943,0.39859,0.40763,0.3017,0.42995,0.24752,0.49975,0.23472,0.25818,0.38835,0.38427,0.27438,0.23048,0.3355,0.45284
0.55389,0.52698,0.56654,0.49748,0.66707,0.50786,1,0.52096,0.55624,0.50917,0.527,0.44758,0.49411,0.64478,0.51959,0.60334,0.75421,0.5893,0.69693,0.41407,0.65522,0.28447,0.26843,0.38013,0.39919,0.36551,0.349,0.56652,0.30658,0.49379,0.18785,0.24047,0.42896,0.55704,0.49014,0.26095,0.31341,0.33915
0.53789,0.44183,0.55817,0.45301,0.48537,0.45878,0.52096,1,0.48325,0.40032,0.46754,0.52238,0.5455,0.55436,0.51522,0.46246,0.51045,0.53144,0.5611,0.4167,0.49068,0.30464,0.27774,0.33413,0.37551,0.34105,0.32693,0.57282,0.29779,0.43626,0.1874,0.23543,0.42506,0.39852,0.36376,0.27868,0.30282,0.33117
0.39994,0.42033,0.6513,0.35459,0.66862,0.35915,0.55624,0.48325,1,0.33961,0.58676,0.48499,0.47099,0.69553,0.47786,0.67717,0.56818,0.52073,0.50518,0.39178,0.51195,0.21609,0.32053,0.30914,0.32577,0.36505,0.47046,0.48382,0.39445,0.36229,0.13973,0.22294,0.36597,0.54022,0.49913,0.32761,0.33963,0.28295
0.51483,0.42727,0.36493,0.45015,0.39766,0.61547,0.50917,0.40032,0.33961,1,0.37795,0.34219,0.41558,0.38166,0.3907,0.34358,0.49407,0.42864,0.53951,0.35914,0.47077,0.34571,0.22099,0.35247,0.35671,0.32821,0.2539,0.40626,0.20916,0.44463,0.23432,0.23649,0.38449,0.35931,0.29098,0.19486,0.26314,0.3676
0.43091,0.49437,0.48728,0.40284,0.53295,0.38811,0.527,0.46754,0.58676,0.37795,1,0.44972,0.48574,0.57608,0.47212,0.51526,0.53245,0.56206,0.52324,0.42298,0.54327,0.24343,0.29403,0.30804,0.36495,0.33283,0.38136,0.45227,0.3216,0.38485,0.17253,0.25276,0.46158,0.46831,0.42126,0.31647,0.3359,0.31089
0.44323,0.48035,0.46011,0.43434,0.43977,0.41942,0.44758,0.52238,0.48499,0.34219,0.44972,1,0.55429,0.46531,0.543,0.39907,0.43102,0.55242,0.50918,0.46402,0.4676,0.28632,0.31864,0.36309,0.41389,0.4332,0.36943,0.457,0.32652,0.40401,0.19379,0.32117,0.41382,0.39241,0.30387,0.30563,0.36666,0.37315
0.48049,0.47936,0.48024,0.437,0.4894,0.49837,0.49411,0.5455,0.47099,0.41558,0.48574,0.55429,1,0.54318,0.60803,0.43761,0.47502,0.63117,0.57997,0.5113,0.53683,0.36342,0.35766,0.38319,0.43596,0.35796,0.36936,0.44114,0.34266,0.45042,0.1971,0.2766,0.45076,0.44354,0.33242,0.32452,0.42397,0.42433
0.44956,0.46142,0.65803,0.4048,0.72384,0.4036,0.64478,0.55436,0.69553,0.38166,0.57608,0.46531,0.54318,1,0.52776,0.72692,0.63617,0.59156,0.57349,0.4232,0.57599,0.25309,0.31091,0.33178,0.36282,0.32794,0.40259,0.53288,0.3743,0.418,0.15239,0.22052,0.40005,0.58299,0.55085,0.31535,0.34109,0.31098
0.48257,0.48319,0.51384,0.45641,0.48613,0.4871,0.51959,0.51522,0.47786,0.3907,0.47212,0.543,0.60803,0.52776,1,0.4561,0.48629,0.61155,0.62036,0.52228,0.55558,0.35305,0.36531,0.44963,0.47867,0.40107,0.38591,0.46799,0.39092,0.50143,0.21291,0.29147,0.45872,0.45101,0.33867,0.34275,0.40866,0.42271
0.4013,0.41167,0.63066,0.36064,0.76851,0.34886,0.60334,0.46246,0.67717,0.34358,0.51526,0.39907,0.43761,0.72692,0.4561,1,0.61112,0.51874,0.49341,0.36523,0.5338,0.2167,0.28436,0.30331,0.3252,0.30867,0.38781,0.49796,0.38198,0.38553,0.13887,0.20546,0.35068,0.59556,0.65844,0.30199,0.3144,0.27816
0.48972,0.49035,0.58715,0.45785,0.65094,0.46199,0.75421,0.51045,0.56818,0.49407,0.53245,0.43102,0.47502,0.63617,0.48629,0.61112,1,0.54412,0.62939,0.41433,0.58536,0.26285,0.27476,0.34335,0.37515,0.36574,0.35797,0.58477,0.31609,0.47895,0.17639,0.23268,0.44286,0.55573,0.50705,0.25834,0.30896,0.32173
0.53379,0.64836,0.49419,0.53046,0.57493,0.47519,0.5893,0.53144,0.52073,0.42864,0.56206,0.55242,0.63117,0.59156,0.61155,0.51874,0.54412,1,0.63646,0.50257,0.65475,0.31996,0.31012,0.40967,0.50762,0.34363,0.34104,0.50342,0.34338,0.51965,0.21914,0.32377,0.49187,0.51798,0.40721,0.3288,0.39193,0.42189
0.57693,0.55683,0.5449,0.50926,0.54551,0.63175,0.69693,0.5611,0.50518,0.53951,0.52324,0.50918,0.57997,0.57349,0.62036,0.49341,0.62939,0.63646,1,0.5141,0.6388,0.35869,0.30752,0.44494,0.44476,0.42087,0.36983,0.55161,0.31493,0.55347,0.21223,0.27199,0.48033,0.50109,0.3779,0.28019,0.36353,0.40814
0.352,0.43739,0.42552,0.37068,0.3836,0.45762,0.41407,0.4167,0.39178,0.35914,0.42298,0.46402,0.5113,0.4232,0.52228,0.36523,0.41433,0.50257,0.5141,1,0.42489,0.34268,0.37307,0.37616,0.41818,0.40072,0.37742,0.3834,0.35456,0.44019,0.20276,0.29139,0.42557,0.4143,0.28408,0.32521,0.46459,0.41956
0.55849,0.5457,0.48838,0.49259,0.58286,0.49846,0.65522,0.49068,0.51195,0.47077,0.54327,0.4676,0.53683,0.57599,0.55558,0.5338,0.58536,0.65475,0.6388,0.42489,1,0.32623,0.28854,0.41294,0.44436,0.35763,0.33598,0.5198,0.30249,0.50641,0.20323,0.27101,0.41574,0.53588,0.42162,0.27334,0.34884,0.3815
0.3329,0.27515,0.24605,0.29352,0.23651,0.45761,0.28447,0.30464,0.21609,0.34571,0.24343,0.28632,0.36342,0.25309,0.35305,0.2167,0.26285,0.31996,0.35869,0.34268,0.32623,1,0.23052,0.33498,0.29303,0.264,0.19888,0.27924,0.18131,0.36788,0.21924,0.20665,0.27073,0.24495,0.17372,0.20104,0.25679,0.4379
0.21726,0.25209,0.33112,0.21531,0.27714,0.27508,0.26843,0.27774,0.32053,0.22099,0.29403,0.31864,0.35766,0.31091,0.36531,0.28436,0.27476,0.31012,0.30752,0.37307,0.28854,0.23052,1,0.33361,0.26767,0.35065,0.45658,0.22895,0.4687,0.26783,0.13025,0.19458,0.28697,0.30132,0.20309,0.32716,0.46776,0.24041
0.36876,0.39248,0.3296,0.3769,0.317,0.42943,0.38013,0.33413,0.30914,0.35247,0.30804,0.36309,0.38319,0.33178,0.44963,0.30331,0.34335,0.40967,0.44494,0.37616,0.41294,0.33498,0.33361,1,0.45631,0.37409,0.30478,0.30854,0.2997,0.45646,0.234,0.30015,0.35411,0.36551,0.22339,0.22253,0.3603,0.32968
0.42826,0.53282,0.3288,0.55236,0.35641,0.39859,0.39919,0.37551,0.32577,0.35671,0.36495,0.41389,0.43596,0.36282,0.47867,0.3252,0.37515,0.50762,0.44476,0.41818,0.44436,0.29303,0.26767,0.45631,1,0.29652,0.26318,0.35696,0.29708,0.48069,0.32721,0.42765,0.45845,0.3796,0.26309,0.22659,0.37755,0.35365
0.30761,0.31874,0.38956,0.28694,0.32217,0.40763,0.36551,0.34105,0.36505,0.32821,0.33283,0.4332,0.35796,0.32794,0.40107,0.30867,0.36574,0.34363,0.42087,0.40072,0.35763,0.264,0.35065,0.37409,0.29652,1,0.41865,0.32905,0.30285,0.35042,0.15989,0.24418,0.32215,0.32332,0.22883,0.23661,0.33883,0.30438
0.25633,0.28495,0.46079,0.23931,0.37538,0.3017,0.349,0.32693,0.47046,0.2539,0.38136,0.36943,0.36936,0.40259,0.38591,0.38781,0.35797,0.34104,0.36983,0.37742,0.33598,0.19888,0.45658,0.30478,0.26318,0.41865,1,0.29051,0.46521,0.27556,0.11674,0.19368,0.29474,0.37262,0.28123,0.30731,0.40778,0.23451
0.5118,0.44548,0.51806,0.45287,0.52594,0.42995,0.56652,0.57282,0.48382,0.40626,0.45227,0.457,0.44114,0.53288,0.46799,0.49796,0.58477,0.50342,0.55161,0.3834,0.5198,0.27924,0.22895,0.30854,0.35696,0.32905,0.29051,1,0.26454,0.47295,0.17907,0.22688,0.3848,0.4585,0.43587,0.24494,0.25967,0.33705
0.2334,0.27461,0.40691,0.23848,0.3546,0.24752,0.30658,0.29779,0.39445,0.20916,0.3216,0.32652,0.34266,0.3743,0.39092,0.38198,0.31609,0.34338,0.31493,0.35456,0.30249,0.18131,0.4687,0.2997,0.29708,0.30285,0.46521,0.26454,1,0.27276,0.12757,0.21023,0.29161,0.37145,0.28461,0.33126,0.44268,0.22203
0.46766,0.4828,0.40413,0.47384,0.40691,0.49975,0.49379,0.43626,0.36229,0.44463,0.38485,0.40401,0.45042,0.418,0.50143,0.38553,0.47895,0.51965,0.55347,0.44019,0.50641,0.36788,0.26783,0.45646,0.48069,0.35042,0.27556,0.47295,0.27276,1,0.24001,0.28685,0.43756,0.42556,0.3221,0.24083,0.314,0.41397
0.25456,0.25769,0.14434,0.32393,0.15476,0.23472,0.18785,0.1874,0.13973,0.23432,0.17253,0.19379,0.1971,0.15239,0.21291,0.13887,0.17639,0.21914,0.21223,0.20276,0.20323,0.21924,0.13025,0.234,0.32721,0.15989,0.11674,0.17907,0.12757,0.24001,1,0.3069,0.26302,0.15355,0.11831,0.12653,0.16675,0.21088
0.2729,0.36386,0.20826,0.34533,0.22653,0.25818,0.24047,0.23543,0.22294,0.23649,0.25276,0.32117,0.2766,0.22052,0.29147,0.20546,0.23268,0.32377,0.27199,0.29139,0.27101,0.20665,0.19458,0.30015,0.42765,0.24418,0.19368,0.22688,0.21023,0.28685,0.3069,1,0.31765,0.23394,0.16863,0.18087,0.26526,0.29301
0.41188,0.54007,0.36394,0.50431,0.36695,0.38835,0.42896,0.42506,0.36597,0.38449,0.46158,0.41382,0.45076,0.40005,0.45872,0.35068,0.44286,0.49187,0.48033,0.42557,0.41574,0.27073,0.28697,0.35411,0.45845,0.32215,0.29474,0.3848,0.29161,0.43756,0.26302,0.31765,1,0.34167,0.28591,0.26644,0.3118,0.30773
0.38104,0.42158,0.50185,0.36651,0.60295,0.38427,0.55704,0.39852,0.54022,0.35931,0.46831,0.39241,0.44354,0.58299,0.45101,0.59556,0.55573,0.51798,0.50109,0.4143,0.53588,0.24495,0.30132,0.36551,0.3796,0.32332,0.37262,0.4585,0.37145,0.42556,0.15355,0.23394,0.34167,1,0.48797,0.274,0.37302,0.32214
0.33147,0.34453,0.46283,0.30861,0.60283,0.27438,0.49014,0.36376,0.49913,0.29098,0.42126,0.30387,0.33242,0.55085,0.33867,0.65844,0.50705,0.40721,0.3779,0.28408,0.42162,0.17372,0.20309,0.22339,0.26309,0.22883,0.28123,0.43587,0.28461,0.3221,0.11831,0.16863,0.28591,0.48797,1,0.24495,0.23379,0.23189
0.22476,0.25741,0.31098,0.21761,0.28969,0.23048,0.26095,0.27868,0.32761,0.19486,0.31647,0.30563,0.32452,0.31535,0.34275,0.30199,0.25834,0.3288,0.28019,0.32521,0.27334,0.20104,0.32716,0.22253,0.22659,0.23661,0.30731,0.24494,0.33126,0.24083,0.12653,0.18087,0.26644,0.274,0.24495,1,0.28587,0.2504
0.26814,0.32705,0.34386,0.27366,0.32792,0.3355,0.31341,0.30282,0.33963,0.26314,0.3359,0.36666,0.42397,0.34109,0.40866,0.3144,0.30896,0.39193,0.36353,0.46459,0.34884,0.25679,0.46776,0.3603,0.37755,0.33883,0.40778,0.25967,0.44268,0.314,0.16675,0.26526,0.3118,0.37302,0.23379,0.28587,1,0.30233
0.35781,0.3498,0.29812,0.33522,0.31499,0.45284,0.33915,0.33117,0.28295,0.3676,0.31089,0.37315,0.42433,0.31098,0.42271,0.27816,0.32173,0.42189,0.40814,0.41956,0.3815,0.4379,0.24041,0.32968,0.35365,0.30438,0.23451,0.33705,0.22203,0.41397,0.21088,0.29301,0.30773,0.32214,0.23189,0.2504,0.30233,1
