1,0.47641,0.52873,0.48949,0.61212,0.52398,0.45115,0.50778,0.59854,0.44037,0.59958,0.50499,0.31822,0.49709,0.38829,0.3928,0.46607,0.32337,0.48041,0.59716,0.45778,0.55937,0.49449,0.40564,0.31268,0.43887,0.38036,0.44013,0.45553,0.23634,0.41172,0.42056,0.37202,0.44228,0.48557,0.34763,0.43514,0.4877,0.43807,0.31803,0.32114,0.37606,0.28385,0.29428,0.43221,0.30119,0.36754,0.4081,0.42861,0.23367,0.39433
0.47641,1,0.52735,0.58276,0.65329,0.6159,0.51226,0.57902,0.53381,0.48614,0.54133,0.52031,0.28563,0.49149,0.40394,0.46735,0.5546,0.29027,0.55461,0.55356,0.63591,0.5496,0.54622,0.49146,0.34427,0.48963,0.37033,0.53174,0.58448,0.27166,0.39016,0.40532,0.42372,0.56449,0.55571,0.41162,0.48633,0.484,0.50516,0.3003,0.40848,0.40001,0.34175,0.24567,0.52892,0.35345,0.40846,0.46912,0.50173,0.22622,0.48389
0.52873,0.52735,1,0.41308,0.58766,0.56179,0.36504,0.45207,0.50789,0.36242,0.56716,0.48291,0.33362,0.54751,0.416,0.32555,0.39789,0.30922,0.41132,0.49102,0.41342,0.66753,0.43043,0.32273,0.28303,0.45286,0.33667,0.35928,0.37849,0.25211,0.37238,0.39549,0.37775,0.40571,0.42194,0.33828,0.45569,0.40246,0.35109,0.31959,0.31167,0.29681,0.26621,0.25987,0.44771,0.26763,0.31716,0.35748,0.42217,0.23461,0.41287
0.48949,0.58276,0.41308,1,0.55722,0.54853,0.70338,0.49639,0.51537,0.74159,0.47348,0.55158,0.2514,0.36833,0.43663,0.6785,0.81456,0.23707,0.8163,0.55552,0.71065,0.45138,0.75167,0.6069,0.31445,0.44986,0.31186,0.684,0.7297,0.20935,0.31736,0.33417,0.41449,0.53379,0.69877,0.34569,0.45391,0.49492,0.66835,0.23989,0.33312,0.60171,0.28706,0.21305,0.39879,0.31384,0.34308,0.57811,0.55959,0.17831,0.54621
0.61212,0.65329,0.58766,0.55722,1,0.59664,0.4952,0.61179,0.58225,0.48362,0.65698,0.53087,0.30568,0.52028,0.38346,0.44166,0.5294,0.33251,0.53368,0.6179,0.58355,0.60976,0.56214,0.48238,0.36318,0.46368,0.40315,0.51941,0.5433,0.2755,0.42459,0.44638,0.39898,0.49893,0.53294,0.38479,0.47032,0.50733,0.50534,0.33512,0.37877,0.39609,0.3458,0.28633,0.53513,0.34455,0.42435,0.43947,0.48365,0.26069,0.42623
0.52398,0.6159,0.56179,0.54853,0.59664,1,0.48683,0.54467,0.59331,0.5015,0.56646,0.58168,0.33528,0.46419,0.45663,0.43338,0.55143,0.34087,0.51898,0.54383,0.55578,0.55744,0.55641,0.44084,0.35628,0.58389,0.3304,0.50055,0.51034,0.25664,0.39053,0.40078,0.45241,0.52201,0.54417,0.41913,0.54616,0.51105,0.49252,0.32234,0.37861,0.39909,0.29678,0.25942,0.51552,0.34824,0.37714,0.53028,0.57366,0.2009,0.4935
0.45115,0.51226,0.36504,0.70338,0.4952,0.48683,1,0.45246,0.49509,0.7476,0.41083,0.54961,0.2595,0.36869,0.4468,0.68755,0.71735,0.22079,0.66883,0.58356,0.58723,0.42371,0.72507,0.58737,0.28527,0.45852,0.32028,0.68104,0.66578,0.18567,0.3381,0.34442,0.44684,0.51502,0.73312,0.37938,0.44315,0.4636,0.70345,0.21983,0.32292,0.57666,0.26163,0.21802,0.38711,0.3042,0.35174,0.57128,0.53576,0.16622,0.52123
0.50778,0.57902,0.45207,0.49639,0.61179,0.54467,0.45246,1,0.49964,0.4234,0.56275,0.45635,0.28335,0.47475,0.30711,0.39266,0.46139,0.38672,0.46021,0.52276,0.5946,0.47201,0.46309,0.47521,0.4615,0.44482,0.45241,0.50033,0.52557,0.3413,0.45228,0.47339,0.36787,0.5055,0.47656,0.4268,0.45049,0.48845,0.46522,0.37612,0.50764,0.37126,0.4354,0.34251,0.61423,0.47142,0.52654,0.40748,0.41823,0.30422,0.35271
0.59854,0.53381,0.50789,0.51537,0.58225,0.59331,0.49509,0.49964,1,0.48737,0.58374,0.57592,0.43456,0.49125,0.49128,0.43067,0.50667,0.30115,0.49985,0.57924,0.48227,0.60659,0.52975,0.42911,0.30323,0.58625,0.35864,0.47658,0.48359,0.22723,0.41746,0.41179,0.43112,0.55296,0.54341,0.40414,0.51502,0.4746,0.49951,0.28771,0.36199,0.39491,0.28885,0.27023,0.48678,0.30078,0.3704,0.49862,0.57336,0.21528,0.4558
0.44037,0.48614,0.36242,0.74159,0.48362,0.5015,0.7476,0.4234,0.48737,1,0.41571,0.5367,0.25259,0.33235,0.44952,0.69108,0.79061,0.21458,0.70498,0.52953,0.59167,0.40683,0.77358,0.56509,0.27885,0.44874,0.27816,0.67531,0.63609,0.17741,0.29738,0.31424,0.4117,0.47503,0.69514,0.3312,0.44012,0.45073,0.70976,0.2105,0.30061,0.61612,0.25138,0.19948,0.36082,0.2825,0.31344,0.58931,0.57166,0.15481,0.53405
0.59958,0.54133,0.56716,0.47348,0.65698,0.56646,0.41083,0.56275,0.58374,0.41571,1,0.47583,0.34248,0.49575,0.36539,0.37097,0.44982,0.34742,0.47372,0.54556,0.47902,0.60475,0.47644,0.39654,0.33564,0.47456,0.38701,0.43012,0.46631,0.29153,0.40528,0.47126,0.38332,0.43234,0.45717,0.34951,0.49227,0.46617,0.42473,0.36094,0.368,0.34092,0.34152,0.28625,0.50984,0.3306,0.39223,0.39541,0.43415,0.28678,0.39461
0.50499,0.52031,0.48291,0.55158,0.53087,0.58168,0.54961,0.45635,0.57592,0.5367,0.47583,1,0.34513,0.4612,0.52783,0.46173,0.55298,0.2522,0.53461,0.58269,0.4794,0.56598,0.59517,0.39852,0.25708,0.62571,0.30332,0.50012,0.49602,0.19014,0.36013,0.39766,0.53998,0.4924,0.58353,0.37781,0.63396,0.4341,0.49287,0.24954,0.32441,0.38405,0.26536,0.22893,0.40793,0.27436,0.31744,0.50473,0.54631,0.1777,0.59673
0.31822,0.28563,0.33362,0.2514,0.30568,0.33528,0.2595,0.28335,0.43456,0.25259,0.34248,0.34513,1,0.36622,0.34912,0.21942,0.25194,0.2438,0.24841,0.30981,0.24049,0.39211,0.27022,0.21505,0.18809,0.42831,0.24773,0.24036,0.23991,0.16672,0.32302,0.31506,0.31538,0.30669,0.28071,0.30609,0.36539,0.25817,0.25946,0.22237,0.25644,0.20056,0.1951,0.24041,0.33053,0.19765,0.24617,0.27996,0.33418,0.18259,0.27538
0.49709,0.49149,0.54751,0.36833,0.52028,0.46419,0.36869,0.47475,0.49125,0.33235,0.49575,0.4612,0.36622,1,0.35703,0.29733,0.35377,0.33877,0.36187,0.52269,0.37153,0.60893,0.38594,0.3122,0.2785,0.4647,0.41118,0.34291,0.36027,0.25719,0.53423,0.50129,0.39316,0.39608,0.39766,0.41093,0.46701,0.41966,0.33587,0.35278,0.35403,0.26452,0.28436,0.35344,0.51541,0.29803,0.37579,0.33003,0.35355,0.26095,0.35831
0.38829,0.40394,0.416,0.43663,0.38346,0.45663,0.4468,0.30711,0.49128,0.44952,0.36539,0.52783,0.34912,0.35703,1,0.41956,0.44485,0.19005,0.45848,0.43705,0.36076,0.46144,0.48602,0.32761,0.19704,0.49637,0.2393,0.38344,0.38362,0.14749,0.28306,0.29395,0.43919,0.43105,0.49198,0.32336,0.4392,0.36166,0.40525,0.19437,0.23862,0.36767,0.18355,0.17511,0.31429,0.20871,0.24114,0.46827,0.52232,0.13109,0.57354
0.3928,0.46735,0.32555,0.6785,0.44166,0.43338,0.68755,0.39266,0.43067,0.69108,0.37097,0.46173,0.21942,0.29733,0.41956,1,0.66454,0.19489,0.68875,0.4725,0.56875,0.35999,0.67403,0.63313,0.27506,0.38371,0.28417,0.66398,0.66247,0.17462,0.27674,0.28833,0.3819,0.50455,0.66655,0.32765,0.37613,0.44119,0.69951,0.20052,0.28533,0.62642,0.24249,0.17803,0.32938,0.284,0.31567,0.57053,0.50464,0.14911,0.50503
0.46607,0.5546,0.39789,0.81456,0.5294,0.55143,0.71735,0.46139,0.50667,0.79061,0.44982,0.55298,0.25194,0.35377,0.44485,0.66454,1,0.22875,0.73147,0.54508,0.65748,0.43751,0.75637,0.58057,0.29756,0.45277,0.28984,0.67659,0.66684,0.19554,0.30582,0.31942,0.42198,0.50295,0.68329,0.3402,0.44784,0.46877,0.67389,0.22548,0.31158,0.59917,0.26688,0.20308,0.38171,0.29444,0.32327,0.59895,0.58211,0.16561,0.55956
0.32337,0.29027,0.30922,0.23707,0.33251,0.34087,0.22079,0.38672,0.30115,0.21458,0.34742,0.2522,0.2438,0.33877,0.19005,0.19489,0.22875,1,0.2244,0.28193,0.26948,0.30491,0.23781,0.24999,0.45643,0.27729,0.33917,0.24073,0.24936,0.40842,0.42606,0.34314,0.21863,0.27437,0.23752,0.31805,0.26436,0.36079,0.2375,0.59632,0.32895,0.19775,0.28611,0.43384,0.43531,0.39264,0.38127,0.24439,0.23717,0.2866,0.18956
0.48041,0.55461,0.41132,0.8163,0.53368,0.51898,0.66883,0.46021,0.49985,0.70498,0.47372,0.53461,0.24841,0.36187,0.45848,0.68875,0.73147,0.2244,1,0.54618,0.63865,0.45086,0.74688,0.56888,0.29265,0.44136,0.30856,0.6431,0.71205,0.20225,0.30899,0.33945,0.41044,0.5148,0.6975,0.33183,0.45217,0.49023,0.62829,0.23532,0.31649,0.58685,0.27898,0.20321,0.37806,0.30269,0.33011,0.55573,0.53446,0.17359,0.56038
0.59716,0.55356,0.49102,0.55552,0.6179,0.54383,0.58356,0.52276,0.57924,0.52953,0.54556,0.58269,0.30981,0.52269,0.43705,0.4725,0.54508,0.28193,0.54618,1,0.51443,0.57082,0.60257,0.46315,0.29965,0.51879,0.41762,0.52882,0.53564,0.22747,0.44926,0.4826,0.49767,0.47422,0.59924,0.42316,0.52039,0.50439,0.5241,0.29278,0.35484,0.41375,0.28779,0.27669,0.48397,0.32484,0.40978,0.48007,0.45924,0.21646,0.47105
0.45778,0.63591,0.41342,0.71065,0.58355,0.55578,0.58723,0.5946,0.48227,0.59167,0.47902,0.4794,0.24049,0.37153,0.36076,0.56875,0.65748,0.26948,0.63865,0.51443,1,0.42164,0.60533,0.63341,0.38836,0.42786,0.34179,0.68064,0.70694,0.25266,0.3331,0.35396,0.37643,0.55406,0.59182,0.36925,0.42287,0.48018,0.61009,0.2662,0.41102,0.53798,0.35467,0.23239,0.45721,0.3812,0.40675,0.51532,0.51247,0.20675,0.44124
0.55937,0.5496,0.66753,0.45138,0.60976,0.55744,0.42371,0.47201,0.60659,0.40683,0.60475,0.56598,0.39211,0.60893,0.46144,0.35999,0.43751,0.30491,0.45086,0.57082,0.42164,1,0.47841,0.34867,0.27502,0.5258,0.36384,0.3906,0.41688,0.24473,0.43499,0.44485,0.43856,0.44438,0.47552,0.37395,0.52463,0.44049,0.39819,0.3214,0.32085,0.31732,0.27659,0.27907,0.4817,0.27794,0.33729,0.40319,0.45281,0.2371,0.45825
0.49449,0.54622,0.43043,0.75167,0.56214,0.55641,0.72507,0.46309,0.52975,0.77358,0.47644,0.59517,0.27022,0.38594,0.48602,0.67403,0.75637,0.23781,0.74688,0.60257,0.60533,0.47841,1,0.57131,0.29558,0.48664,0.31736,0.67583,0.66051,0.19803,0.33806,0.35826,0.45309,0.50642,0.74386,0.36805,0.4864,0.49928,0.6882,0.24105,0.3156,0.55799,0.2647,0.2163,0.40023,0.30107,0.3447,0.59376,0.57062,0.17405,0.57059
0.40564,0.49146,0.32273,0.6069,0.48238,0.44084,0.58737,0.47521,0.42911,0.56509,0.39654,0.39852,0.21505,0.3122,0.32761,0.63313,0.58057,0.24999,0.56888,0.46315,0.63341,0.34867,0.57131,1,0.38575,0.36053,0.34924,0.68387,0.67968,0.23359,0.32956,0.31539,0.33459,0.51793,0.56148,0.36981,0.34313,0.48866,0.67055,0.24745,0.34982,0.58499,0.29949,0.21718,0.40346,0.37504,0.41893,0.53001,0.44668,0.18643,0.38119
0.31268,0.34427,0.28303,0.31445,0.36318,0.35628,0.28527,0.4615,0.30323,0.27885,0.33564,0.25708,0.18809,0.2785,0.19704,0.27506,0.29756,0.45643,0.29265,0.29965,0.38836,0.27502,0.29558,0.38575,1,0.26472,0.36011,0.3369,0.349,0.43661,0.35278,0.30092,0.21491,0.35096,0.29924,0.32755,0.25162,0.40032,0.32196,0.41123,0.3931,0.29525,0.34927,0.33137,0.43502,0.54583,0.45726,0.30868,0.28142,0.2606,0.21054
0.43887,0.48963,0.45286,0.44986,0.46368,0.58389,0.45852,0.44482,0.58625,0.44874,0.47456,0.62571,0.42831,0.4647,0.49637,0.38371,0.45277,0.27729,0.44136,0.51879,0.42786,0.5258,0.48664,0.36053,0.26472,1,0.31477,0.44691,0.43814,0.20949,0.40318,0.44903,0.55722,0.47096,0.49008,0.44544,0.67553,0.40427,0.43535,0.26558,0.39515,0.33073,0.2846,0.24061,0.46793,0.30439,0.35391,0.48335,0.50138,0.18436,0.47379
0.38036,0.37033,0.33667,0.31186,0.40315,0.3304,0.32028,0.45241,0.35864,0.27816,0.38701,0.30332,0.24773,0.41118,0.2393,0.28417,0.28984,0.33917,0.30856,0.41762,0.34179,0.36384,0.31736,0.34924,0.36011,0.31477,1,0.32607,0.34751,0.34599,0.53086,0.45548,0.29673,0.36108,0.33589,0.42346,0.31018,0.38125,0.32411,0.37154,0.38568,0.26255,0.31419,0.35225,0.46039,0.40896,0.55568,0.29463,0.26859,0.33214,0.24806
0.44013,0.53174,0.35928,0.684,0.51941,0.50055,0.68104,0.50033,0.47658,0.67531,0.43012,0.50012,0.24036,0.34291,0.38344,0.66398,0.67659,0.24073,0.6431,0.52882,0.68064,0.3906,0.67583,0.68387,0.3369,0.44691,0.32607,1,0.7455,0.21178,0.33214,0.36307,0.40855,0.53655,0.63887,0.3902,0.42686,0.46625,0.72929,0.23712,0.37657,0.56717,0.32391,0.21223,0.41273,0.36154,0.4054,0.56676,0.50676,0.17941,0.44762
0.45553,0.58448,0.37849,0.7297,0.5433,0.51034,0.66578,0.52557,0.48359,0.63609,0.46631,0.49602,0.23991,0.36027,0.38362,0.66247,0.66684,0.24936,0.71205,0.53564,0.70694,0.41688,0.66051,0.67968,0.349,0.43814,0.34751,0.7455,1,0.23287,0.34068,0.36934,0.39306,0.56888,0.6682,0.37055,0.43721,0.5043,0.67125,0.25732,0.38525,0.55687,0.33695,0.22088,0.42485,0.3716,0.4052,0.55075,0.5077,0.19364,0.46562
0.23634,0.27166,0.25211,0.20935,0.2755,0.25664,0.18567,0.3413,0.22723,0.17741,0.29153,0.19014,0.16672,0.25719,0.14749,0.17462,0.19554,0.40842,0.20225,0.22747,0.25266,0.24473,0.19803,0.23359,0.43661,0.20949,0.34599,0.21178,0.23287,1,0.32084,0.28527,0.1747,0.23955,0.20092,0.25042,0.20383,0.2718,0.19863,0.44971,0.3345,0.17976,0.34053,0.28298,0.36086,0.39496,0.35638,0.20411,0.18399,0.35746,0.15889
0.41172,0.39016,0.37238,0.31736,0.42459,0.39053,0.3381,0.45228,0.41746,0.29738,0.40528,0.36013,0.32302,0.53423,0.28306,0.27674,0.30582,0.42606,0.30899,0.44926,0.3331,0.43499,0.33806,0.32956,0.35278,0.40318,0.53086,0.33214,0.34068,0.32084,1,0.52433,0.34538,0.37699,0.3478,0.50709,0.36665,0.434,0.32805,0.42523,0.4032,0.25917,0.30393,0.42629,0.55558,0.40432,0.51769,0.33363,0.298,0.27405,0.26826
0.42056,0.40532,0.39549,0.33417,0.44638,0.40078,0.34442,0.47339,0.41179,0.31424,0.47126,0.39766,0.31506,0.50129,0.29395,0.28833,0.31942,0.34314,0.33945,0.4826,0.35396,0.44485,0.35826,0.31539,0.30092,0.44903,0.45548,0.36307,0.36934,0.28527,0.52433,1,0.39597,0.35545,0.36093,0.43677,0.44996,0.38781,0.33759,0.37947,0.43453,0.25556,0.3811,0.3315,0.51115,0.39801,0.4879,0.3214,0.30036,0.28614,0.29479
0.37202,0.42372,0.37775,0.41449,0.39898,0.45241,0.44684,0.36787,0.43112,0.4117,0.38332,0.53998,0.31538,0.39316,0.43919,0.3819,0.42198,0.21863,0.41044,0.49767,0.37643,0.43856,0.45309,0.33459,0.21491,0.55722,0.29673,0.40855,0.39306,0.1747,0.34538,0.39597,1,0.37741,0.43594,0.43748,0.54586,0.35136,0.40151,0.22754,0.3081,0.30683,0.23196,0.19394,0.36201,0.26476,0.31565,0.44054,0.37779,0.15902,0.47188
0.44228,0.56449,0.40571,0.53379,0.49893,0.52201,0.51502,0.5055,0.55296,0.47503,0.43234,0.4924,0.30669,0.39608,0.43105,0.50455,0.50295,0.27437,0.5148,0.47422,0.55406,0.44438,0.50642,0.51793,0.35096,0.47096,0.36108,0.53655,0.56888,0.23955,0.37699,0.35545,0.37741,1,0.5787,0.42924,0.4217,0.47553,0.53615,0.27145,0.39933,0.4462,0.30683,0.24247,0.45618,0.36215,0.40707,0.53141,0.54996,0.19685,0.4425
0.48557,0.55571,0.42194,0.69877,0.53294,0.54417,0.73312,0.47656,0.54341,0.69514,0.45717,0.58353,0.28071,0.39766,0.49198,0.66655,0.68329,0.23752,0.6975,0.59924,0.59182,0.47552,0.74386,0.56148,0.29924,0.49008,0.33589,0.63887,0.6682,0.20092,0.3478,0.36093,0.43594,0.5787,1,0.38305,0.48194,0.50268,0.66751,0.24246,0.32906,0.54037,0.26452,0.22837,0.41518,0.31141,0.35384,0.58762,0.59367,0.17681,0.5684
0.34763,0.41162,0.33828,0.34569,0.38479,0.41913,0.37938,0.4268,0.40414,0.3312,0.34951,0.37781,0.30609,0.41093,0.32336,0.32765,0.3402,0.31805,0.33183,0.42316,0.36925,0.37395,0.36805,0.36981,0.32755,0.44544,0.42346,0.3902,0.37055,0.25042,0.50709,0.43677,0.43748,0.42924,0.38305,1,0.38406,0.39329,0.3874,0.31569,0.41062,0.28478,0.27765,0.28811,0.49291,0.41742,0.51132,0.39675,0.33777,0.20592,0.30689
0.43514,0.48633,0.45569,0.45391,0.47032,0.54616,0.44315,0.45049,0.51502,0.44012,0.49227,0.63396,0.36539,0.46701,0.4392,0.37613,0.44784,0.26436,0.45217,0.52039,0.42287,0.52463,0.4864,0.34313,0.25162,0.67553,0.31018,0.42686,0.43721,0.20383,0.36665,0.44996,0.54586,0.4217,0.48194,0.38406,1,0.40371,0.4147,0.26968,0.36031,0.30909,0.28169,0.24028,0.42382,0.28806,0.32795,0.42227,0.45596,0.19167,0.5008
0.4877,0.484,0.40246,0.49492,0.50733,0.51105,0.4636,0.48845,0.4746,0.45073,0.46617,0.4341,0.25817,0.41966,0.36166,0.44119,0.46877,0.36079,0.49023,0.50439,0.48018,0.44049,0.49928,0.48866,0.40032,0.40427,0.38125,0.46625,0.5043,0.2718,0.434,0.38781,0.35136,0.47553,0.50268,0.39329,0.40371,1,0.4705,0.38169,0.33432,0.41979,0.28025,0.29979,0.46956,0.39148,0.4043,0.47162,0.41743,0.2027,0.38814
0.43807,0.50516,0.35109,0.66835,0.50534,0.49252,0.70345,0.46522,0.49951,0.70976,0.42473,0.49287,0.25946,0.33587,0.40525,0.69951,0.67389,0.2375,0.62829,0.5241,0.61009,0.39819,0.6882,0.67055,0.32196,0.43535,0.32411,0.72929,0.67125,0.19863,0.32805,0.33759,0.40151,0.53615,0.66751,0.3874,0.4147,0.4705,1,0.2323,0.33115,0.57076,0.27742,0.21675,0.40157,0.32906,0.38111,0.57934,0.54978,0.17713,0.46698
0.31803,0.3003,0.31959,0.23989,0.33512,0.32234,0.21983,0.37612,0.28771,0.2105,0.36094,0.24954,0.22237,0.35278,0.19437,0.20052,0.22548,0.59632,0.23532,0.29278,0.2662,0.3214,0.24105,0.24745,0.41123,0.26558,0.37154,0.23712,0.25732,0.44971,0.42523,0.37947,0.22754,0.27145,0.24246,0.31569,0.26968,0.38169,0.2323,1,0.31243,0.19484,0.29245,0.39373,0.4137,0.40148,0.37697,0.24248,0.21991,0.30596,0.19844
0.32114,0.40848,0.31167,0.33312,0.37877,0.37861,0.32292,0.50764,0.36199,0.30061,0.368,0.32441,0.25644,0.35403,0.23862,0.28533,0.31158,0.32895,0.31649,0.35484,0.41102,0.32085,0.3156,0.34982,0.3931,0.39515,0.38568,0.37657,0.38525,0.3345,0.4032,0.43453,0.3081,0.39933,0.32906,0.41062,0.36031,0.33432,0.33115,0.31243,1,0.27395,0.50447,0.28604,0.49724,0.49599,0.51927,0.32174,0.30647,0.26489,0.24814
0.37606,0.40001,0.29681,0.60171,0.39609,0.39909,0.57666,0.37126,0.39491,0.61612,0.34092,0.38405,0.20056,0.26452,0.36767,0.62642,0.59917,0.19775,0.58685,0.41375,0.53798,0.31732,0.55799,0.58499,0.29525,0.33073,0.26255,0.56717,0.55687,0.17976,0.25917,0.25556,0.30683,0.4462,0.54037,0.28478,0.30909,0.41979,0.57076,0.19484,0.27395,1,0.23472,0.18179,0.31123,0.28182,0.29217,0.53631,0.45932,0.14416,0.40058
0.28385,0.34175,0.26621,0.28706,0.3458,0.29678,0.26163,0.4354,0.28885,0.25138,0.34152,0.26536,0.1951,0.28436,0.18355,0.24249,0.26688,0.28611,0.27898,0.28779,0.35467,0.27659,0.2647,0.29949,0.34927,0.2846,0.31419,0.32391,0.33695,0.34053,0.30393,0.3811,0.23196,0.30683,0.26452,0.27765,0.28169,0.28025,0.27742,0.29245,0.50447,0.23472,1,0.23795,0.3819,0.41222,0.40432,0.24946,0.24445,0.30049,0.20429
0.29428,0.24567,0.25987,0.21305,0.28633,0.25942,0.21802,0.34251,0.27023,0.19948,0.28625,0.22893,0.24041,0.35344,0.17511,0.17803,0.20308,0.43384,0.20321,0.27669,0.23239,0.27907,0.2163,0.21718,0.33137,0.24061,0.35225,0.21223,0.22088,0.28298,0.42629,0.3315,0.19394,0.24247,0.22837,0.28811,0.24028,0.29979,0.21675,0.39373,0.28604,0.18179,0.23795,1,0.37349,0.31249,0.33327,0.20292,0.20952,0.29975,0.169
0.43221,0.52892,0.44771,0.39879,0.53513,0.51552,0.38711,0.61423,0.48678,0.36082,0.50984,0.40793,0.33053,0.51541,0.31429,0.32938,0.38171,0.43531,0.37806,0.48397,0.45721,0.4817,0.40023,0.40346,0.43502,0.46793,0.46039,0.41273,0.42485,0.36086,0.55558,0.51115,0.36201,0.45618,0.41518,0.49291,0.42382,0.46956,0.40157,0.4137,0.49724,0.31123,0.3819,0.37349,1,0.46058,0.54613,0.38676,0.38937,0.29864,0.31781
0.30119,0.35345,0.26763,0.31384,0.34455,0.34824,0.3042,0.47142,0.30078,0.2825,0.3306,0.27436,0.19765,0.29803,0.20871,0.284,0.29444,0.39264,0.30269,0.32484,0.3812,0.27794,0.30107,0.37504,0.54583,0.30439,0.40896,0.36154,0.3716,0.39496,0.40432,0.39801,0.26476,0.36215,0.31141,0.41742,0.28806,0.39148,0.32906,0.40148,0.49599,0.28182,0.41222,0.31249,0.46058,1,0.59563,0.31876,0.26497,0.24924,0.22225
0.36754,0.40846,0.31716,0.34308,0.42435,0.37714,0.35174,0.52654,0.3704,0.31344,0.39223,0.31744,0.24617,0.37579,0.24114,0.31567,0.32327,0.38127,0.33011,0.40978,0.40675,0.33729,0.3447,0.41893,0.45726,0.35391,0.55568,0.4054,0.4052,0.35638,0.51769,0.4879,0.31565,0.40707,0.35384,0.51132,0.32795,0.4043,0.38111,0.37697,0.51927,0.29217,0.40432,0.33327,0.54613,0.59563,1,0.33556,0.29769,0.2941,0.24934
0.4081,0.46912,0.35748,0.57811,0.43947,0.53028,0.57128,0.40748,0.49862,0.58931,0.39541,0.50473,0.27996,0.33003,0.46827,0.57053,0.59895,0.24439,0.55573,0.48007,0.51532,0.40319,0.59376,0.53001,0.30868,0.48335,0.29463,0.56676,0.55075,0.20411,0.33363,0.3214,0.44054,0.53141,0.58762,0.39675,0.42227,0.47162,0.57934,0.24248,0.32174,0.53631,0.24946,0.20292,0.38676,0.31876,0.33556,1,0.52897,0.15128,0.48562
0.42861,0.50173,0.42217,0.55959,0.48365,0.57366,0.53576,0.41823,0.57336,0.57166,0.43415,0.54631,0.33418,0.35355,0.52232,0.50464,0.58211,0.23717,0.53446,0.45924,0.51247,0.45281,0.57062,0.44668,0.28142,0.50138,0.26859,0.50676,0.5077,0.18399,0.298,0.30036,0.37779,0.54996,0.59367,0.33777,0.45596,0.41743,0.54978,0.21991,0.30647,0.45932,0.24445,0.20952,0.38937,0.26497,0.29769,0.52897,1,0.16308,0.52244
0.23367,0.22622,0.23461,0.17831,0.26069,0.2009,0.16622,0.30422,0.21528,0.15481,0.28678,0.1777,0.18259,0.26095,0.13109,0.14911,0.16561,0.2866,0.17359,0.21646,0.20675,0.2371,0.17405,0.18643,0.2606,0.18436,0.33214,0.17941,0.19364,0.35746,0.27405,0.28614,0.15902,0.19685,0.17681,0.20592,0.19167,0.2027,0.17713,0.30596,0.26489,0.14416,0.30049,0.29975,0.29864,0.24924,0.2941,0.15128,0.16308,1,0.1403
0.39433,0.48389,0.41287,0.54621,0.42623,0.4935,0.52123,0.35271,0.4558,0.53405,0.39461,0.59673,0.27538,0.35831,0.57354,0.50503,0.55956,0.18956,0.56038,0.47105,0.44124,0.45825,0.57059,0.38119,0.21054,0.47379,0.24806,0.44762,0.46562,0.15889,0.26826,0.29479,0.47188,0.4425,0.5684,0.30689,0.5008,0.38814,0.46698,0.19844,0.24814,0.40058,0.20429,0.169,0.31781,0.22225,0.24934,0.48562,0.52244,0.1403,1
