1,0.60442,0.60473,0.46618,0.5339,0.5151,0.36698,0.31296,0.60389,0.62785,0.6774,0.64353,0.56964,0.68408,0.58177,0.66363,0.73757,0.69496,0.66681,0.58023,0.31942,0.66707,0.44235,0.32307,0.72163,0.66612,0.70117,0.54405,0.68702,0.50912,0.52916,0.54649,0.65502,0.73829,0.49369,0.50807,0.62395,0.70638,0.43552,0.62715,0.3031,0.60241,0.31113,0.46386,0.63375,0.43708,0.74987,0.57031,0.59262,0.63947,0.42652,0.48466,0.4496,0.72153,0.70027,0.42967,0.59862,0.64083,0.61194,0.46764,0.50257,0.54062,0.3271,0.21725,0.40752,0.29744,0.1987,0.51222,0.32575,0.36199,0.58913,0.59972,0.47473,0.48126,0.33732,0.3793,0.3379,0.52953,0.51085,0.45829,0.43032,0.45447,0.56823,0.36599,0.33542,0.55863,0.27465,0.28809,0.25069,0.27274,0.31927,0.31684,0.60897,0.35367,0.50903,0.37388,0.21974,0.20795,0.28067,0.59877,0.35838,0.30261,0.38132,0.63414,0.443,0.33373,0.53314,0.37969,0.58057,0.46036,0.38702,0.65616,0.47211,0.43893,0.54245,0.56028,0.47492,0.41637,0.26482,0.21834
0.60442,1,0.53462,0.40965,0.48952,0.44644,0.36017,0.35417,0.46746,0.55874,0.5466,0.5394,0.51033,0.57389,0.48881,0.5836,0.57386,0.55944,0.5964,0.48484,0.3496,0.55515,0.46712,0.36197,0.51858,0.58898,0.56992,0.46242,0.5734,0.4169,0.52502,0.52215,0.58933,0.64117,0.41961,0.46881,0.54393,0.56886,0.45934,0.52133,0.32656,0.44697,0.33637,0.54119,0.60971,0.40211,0.57145,0.45443,0.55504,0.50026,0.38275,0.49705,0.48156,0.54414,0.53967,0.45548,0.6052,0.56375,0.47817,0.49815,0.52041,0.43093,0.30899,0.22311,0.37822,0.26965,0.18883,0.44575,0.36301,0.35429,0.59311,0.47495,0.38378,0.5027,0.34119,0.38923,0.36154,0.55558,0.59126,0.46372,0.4111,0.38785,0.487,0.33522,0.32819,0.51156,0.29286,0.28488,0.2188,0.29302,0.31367,0.3251,0.48798,0.33712,0.44325,0.37612,0.22001,0.2245,0.28226,0.46734,0.36177,0.28772,0.37598,0.51358,0.42387,0.32099,0.49817,0.33158,0.52711,0.46406,0.38581,0.54513,0.38275,0.41185,0.4797,0.46918,0.51825,0.35045,0.26467,0.23533
0.60473,0.53462,1,0.47898,0.58683,0.56649,0.45557,0.38614,0.5763,0.63917,0.60661,0.63777,0.58775,0.58741,0.49042,0.71128,0.58317,0.64132,0.69273,0.65584,0.35981,0.6584,0.50208,0.36642,0.55973,0.72662,0.63853,0.61194,0.63366,0.50258,0.5387,0.58627,0.55142,0.61496,0.53441,0.48589,0.60484,0.65509,0.47608,0.56552,0.3197,0.52824,0.36541,0.52947,0.60139,0.42896,0.6819,0.48361,0.58583,0.63417,0.43858,0.52645,0.45841,0.56959,0.60592,0.48971,0.58335,0.65324,0.56369,0.55874,0.56002,0.51783,0.41053,0.28056,0.51612,0.35057,0.24465,0.55199,0.41735,0.40827,0.61905,0.47854,0.4689,0.53681,0.41566,0.4321,0.40351,0.54664,0.51236,0.48715,0.51541,0.49087,0.54826,0.44755,0.42091,0.6606,0.3207,0.31982,0.29555,0.35906,0.36908,0.372,0.50969,0.41511,0.55537,0.45281,0.26789,0.24495,0.3484,0.52396,0.49143,0.37475,0.40218,0.59748,0.47577,0.40453,0.64721,0.45603,0.66445,0.58305,0.4892,0.58238,0.42132,0.44752,0.54428,0.55671,0.47506,0.42609,0.29301,0.28412
0.46618,0.40965,0.47898,1,0.41293,0.35341,0.44732,0.29083,0.42048,0.59313,0.44503,0.40684,0.37561,0.41369,0.57901,0.44864,0.41746,0.49291,0.42966,0.40704,0.30719,0.41684,0.39896,0.30936,0.44337,0.48063,0.47615,0.58393,0.41591,0.41257,0.41686,0.40456,0.40368,0.43551,0.72893,0.44192,0.52341,0.46389,0.34524,0.49202,0.24906,0.51246,0.32639,0.39508,0.47484,0.58027,0.49081,0.57922,0.39179,0.50729,0.40152,0.3707,0.38304,0.45448,0.45858,0.37906,0.43315,0.47854,0.46021,0.35246,0.38853,0.48257,0.30555,0.19927,0.45868,0.467,0.29926,0.67113,0.38702,0.24569,0.48636,0.44696,0.35251,0.40924,0.3151,0.29715,0.33824,0.54958,0.37492,0.35437,0.54633,0.56148,0.58848,0.48185,0.49285,0.44921,0.24011,0.22202,0.27314,0.29787,0.32387,0.42365,0.5469,0.28089,0.55679,0.3266,0.2278,0.18913,0.30224,0.36752,0.37872,0.3519,0.26525,0.40759,0.5068,0.4849,0.47445,0.55638,0.51179,0.44765,0.40811,0.49554,0.60457,0.57304,0.57133,0.52264,0.32459,0.63648,0.45344,0.3004
0.5339,0.48952,0.58683,0.41293,1,0.58162,0.45618,0.42651,0.56521,0.59277,0.63802,0.67164,0.65301,0.50661,0.42054,0.66645,0.60814,0.55673,0.62988,0.57682,0.39548,0.64347,0.46057,0.39788,0.49263,0.53152,0.62847,0.51591,0.59555,0.44928,0.59247,0.74206,0.52853,0.52024,0.44653,0.49849,0.60134,0.62925,0.57423,0.52796,0.39939,0.46924,0.37883,0.50626,0.49199,0.38212,0.55476,0.40909,0.59813,0.57334,0.45827,0.64006,0.5265,0.48156,0.573,0.4989,0.63942,0.66139,0.51067,0.57363,0.62835,0.52684,0.48965,0.36069,0.55668,0.26927,0.24588,0.43481,0.39754,0.52351,0.57107,0.38919,0.49002,0.6028,0.45243,0.47029,0.44898,0.54306,0.49263,0.50043,0.47483,0.43572,0.46317,0.44343,0.37688,0.73031,0.40882,0.44065,0.34664,0.38333,0.39663,0.35827,0.44572,0.49138,0.47586,0.4754,0.34679,0.32874,0.35378,0.53223,0.50013,0.41486,0.58032,0.49263,0.35776,0.33209,0.54647,0.43118,0.66501,0.57519,0.56046,0.61423,0.3662,0.42676,0.43208,0.56691,0.41956,0.38841,0.26675,0.28664
0.5151,0.44644,0.56649,0.35341,0.58162,1,0.36292,0.32694,0.46817,0.47427,0.53297,0.63681,0.56279,0.54022,0.3885,0.61093,0.54394,0.549,0.56793,0.53904,0.29496,0.67859,0.33695,0.30064,0.48669,0.51461,0.57666,0.45812,0.55509,0.45216,0.45495,0.53218,0.56109,0.52123,0.39391,0.41663,0.46013,0.55679,0.42733,0.55451,0.30045,0.49539,0.28907,0.39719,0.46131,0.29753,0.56775,0.39809,0.49799,0.51102,0.39751,0.45486,0.37491,0.49605,0.59777,0.37979,0.49696,0.53106,0.54514,0.4617,0.48013,0.50233,0.43548,0.30731,0.43804,0.25103,0.20499,0.38492,0.32828,0.50528,0.50096,0.41449,0.56547,0.4646,0.38424,0.42781,0.34372,0.42622,0.41087,0.40748,0.37937,0.3938,0.4424,0.38546,0.31065,0.57775,0.33189,0.38114,0.32866,0.32369,0.3428,0.28217,0.44434,0.48264,0.46343,0.39356,0.27769,0.25402,0.31112,0.58883,0.43026,0.34996,0.44606,0.53094,0.33715,0.28088,0.45953,0.3424,0.51728,0.44109,0.41116,0.52634,0.33747,0.32958,0.39192,0.47857,0.43545,0.34226,0.21337,0.21743
0.36698,0.36017,0.45557,0.44732,0.45618,0.36292,1,0.42049,0.40007,0.48658,0.43236,0.40601,0.39214,0.33063,0.34615,0.4402,0.37728,0.39445,0.41621,0.39621,0.44306,0.3985,0.44384,0.40888,0.33877,0.40424,0.45277,0.53817,0.39524,0.45137,0.5098,0.47018,0.35788,0.34968,0.49594,0.4066,0.47058,0.41117,0.4664,0.38643,0.36584,0.36916,0.55716,0.46817,0.39432,0.40873,0.39934,0.3557,0.39902,0.46851,0.41887,0.46148,0.41842,0.34201,0.3775,0.49997,0.46267,0.46434,0.37979,0.4217,0.47755,0.39188,0.40868,0.32444,0.5713,0.35717,0.36068,0.43928,0.42822,0.31893,0.48549,0.30371,0.33807,0.52056,0.41402,0.36898,0.49265,0.48496,0.39906,0.38845,0.58762,0.41078,0.40038,0.43634,0.48366,0.53089,0.31643,0.28497,0.36379,0.40047,0.40619,0.46494,0.35792,0.32655,0.39329,0.46295,0.33749,0.27782,0.43107,0.32902,0.47472,0.3812,0.34906,0.36271,0.3722,0.4381,0.44163,0.49281,0.47575,0.50573,0.51699,0.42918,0.33566,0.36279,0.42691,0.44906,0.31421,0.4027,0.29965,0.40895
0.31296,0.35417,0.38614,0.29083,0.42651,0.32694,0.42049,1,0.35463,0.39131,0.37477,0.3576,0.36114,0.28803,0.26413,0.38327,0.34358,0.31053,0.38897,0.37154,0.5957,0.35342,0.44172,0.61513,0.27651,0.33681,0.37723,0.33054,0.33957,0.29093,0.4785,0.47179,0.30714,0.31353,0.32071,0.38947,0.38649,0.36357,0.58055,0.29745,0.54646,0.25386,0.48944,0.55836,0.33119,0.30288,0.31113,0.24691,0.38292,0.36508,0.40679,0.54817,0.50041,0.27211,0.30011,0.59061,0.45798,0.38356,0.26891,0.5337,0.54925,0.27806,0.35901,0.35093,0.41928,0.21127,0.26165,0.30046,0.36477,0.35222,0.42056,0.22233,0.25907,0.47221,0.37122,0.49614,0.50198,0.41016,0.42698,0.35215,0.39971,0.27467,0.28363,0.29316,0.34298,0.42264,0.3901,0.32229,0.25683,0.41063,0.32918,0.42663,0.26481,0.31132,0.29654,0.43568,0.34576,0.34549,0.34689,0.26525,0.37183,0.30137,0.41764,0.27888,0.24227,0.28683,0.35966,0.32349,0.40783,0.41965,0.42374,0.35898,0.24327,0.29407,0.32961,0.33877,0.29655,0.25632,0.21844,0.38208
0.60389,0.46746,0.5763,0.42048,0.56521,0.46817,0.40007,0.35463,1,0.60235,0.67993,0.60892,0.61788,0.52862,0.46317,0.61769,0.65216,0.57898,0.63,0.66694,0.36328,0.57562,0.5179,0.36574,0.60874,0.5711,0.61166,0.54021,0.63471,0.46377,0.57416,0.60199,0.49566,0.53408,0.48091,0.51287,0.65045,0.64893,0.50041,0.51178,0.3406,0.50868,0.35265,0.47047,0.54849,0.42844,0.57453,0.42972,0.60157,0.65627,0.46004,0.56554,0.49623,0.53584,0.56688,0.47477,0.5762,0.66311,0.5093,0.52364,0.52446,0.48766,0.36988,0.25589,0.45872,0.2759,0.22387,0.49534,0.32225,0.39226,0.51026,0.44524,0.43956,0.50514,0.36117,0.3878,0.36838,0.49726,0.45551,0.46278,0.43605,0.41284,0.47154,0.37523,0.35608,0.58675,0.30586,0.31836,0.28007,0.30184,0.34577,0.32776,0.47566,0.36718,0.44081,0.3891,0.25874,0.24139,0.30887,0.50578,0.37618,0.32606,0.41851,0.55261,0.366,0.35162,0.53155,0.39587,0.60028,0.46565,0.42307,0.58578,0.43618,0.41566,0.48038,0.5409,0.39919,0.3836,0.25832,0.24281
0.62785,0.55874,0.63917,0.59313,0.59277,0.47427,0.48658,0.39131,0.60235,1,0.66369,0.57513,0.55409,0.53917,0.58884,0.65793,0.61126,0.63138,0.63857,0.5793,0.41368,0.5887,0.53997,0.41666,0.56638,0.6305,0.67389,0.65172,0.57769,0.49276,0.61452,0.60487,0.54854,0.58636,0.63781,0.60849,0.7256,0.66309,0.51833,0.60176,0.35456,0.56263,0.40084,0.55911,0.63689,0.53702,0.62611,0.53249,0.54994,0.66879,0.52484,0.56678,0.54728,0.57352,0.59464,0.53653,0.65635,0.69756,0.54135,0.52002,0.58137,0.54209,0.37533,0.2579,0.53865,0.3472,0.27151,0.61486,0.39925,0.35977,0.66127,0.47945,0.42636,0.58144,0.37011,0.42118,0.41432,0.72141,0.52634,0.45718,0.582,0.52293,0.58084,0.45291,0.45117,0.62262,0.3128,0.29843,0.29337,0.34264,0.3495,0.4376,0.57456,0.35998,0.57231,0.41256,0.26963,0.24509,0.33796,0.47349,0.43545,0.37159,0.38734,0.52149,0.45466,0.41591,0.60614,0.50594,0.7453,0.5458,0.49635,0.6928,0.5274,0.5393,0.59462,0.6102,0.43416,0.5164,0.34131,0.30615
0.6774,0.5466,0.60661,0.44503,0.63802,0.53297,0.43236,0.37477,0.67993,0.66369,1,0.68791,0.68406,0.59136,0.49616,0.70452,0.7542,0.65619,0.73562,0.61693,0.38805,0.67191,0.51107,0.39669,0.62302,0.62313,0.72621,0.56658,0.67171,0.48586,0.65439,0.69742,0.58296,0.61738,0.504,0.54871,0.72524,0.75411,0.55197,0.59996,0.38419,0.55063,0.3722,0.52728,0.59176,0.44314,0.65173,0.47696,0.66111,0.66881,0.50178,0.6181,0.53119,0.59451,0.65057,0.51816,0.6994,0.806,0.5611,0.56336,0.5963,0.58639,0.40885,0.26988,0.49834,0.27627,0.22946,0.50382,0.33305,0.4504,0.59066,0.46577,0.46953,0.61121,0.37101,0.43849,0.40621,0.56955,0.52378,0.47428,0.46729,0.48134,0.52836,0.39648,0.37313,0.66412,0.35346,0.36805,0.29288,0.30734,0.34603,0.35031,0.53457,0.42438,0.50263,0.40882,0.27173,0.26103,0.30564,0.58894,0.40103,0.37292,0.4735,0.58811,0.38361,0.36229,0.55172,0.4258,0.6707,0.4922,0.46356,0.67016,0.43805,0.42862,0.51195,0.5798,0.45926,0.42893,0.26184,0.24883
0.64353,0.5394,0.63777,0.40684,0.67164,0.63681,0.40601,0.3576,0.60892,0.57513,0.68791,1,0.7506,0.61335,0.44839,0.74603,0.71754,0.67888,0.70776,0.61379,0.33394,0.74685,0.4444,0.34018,0.59282,0.60426,0.67902,0.53145,0.73619,0.49486,0.54951,0.68356,0.59986,0.61041,0.44894,0.47682,0.59043,0.72543,0.49676,0.56767,0.33497,0.54287,0.33169,0.47008,0.54946,0.38569,0.67746,0.47053,0.71448,0.63851,0.41153,0.55638,0.45484,0.58184,0.71323,0.45321,0.61131,0.70253,0.6101,0.55309,0.56408,0.56188,0.4508,0.29524,0.47166,0.27521,0.2169,0.46666,0.35812,0.49738,0.56759,0.4765,0.55184,0.56289,0.42423,0.41827,0.38981,0.51027,0.48076,0.53157,0.4339,0.43891,0.52812,0.42069,0.35445,0.71208,0.35204,0.39557,0.32083,0.32769,0.38422,0.31036,0.50638,0.46745,0.47434,0.43568,0.27927,0.27559,0.32609,0.67849,0.44036,0.37486,0.50093,0.62204,0.39656,0.34169,0.5464,0.38207,0.60332,0.53731,0.44267,0.64521,0.38654,0.39626,0.46056,0.5842,0.49681,0.3767,0.24635,0.23543
0.56964,0.51033,0.58775,0.37561,0.65301,0.56279,0.39214,0.36114,0.61788,0.55409,0.68406,0.7506,1,0.55747,0.41056,0.68248,0.66158,0.60984,0.68196,0.58905,0.34438,0.65162,0.46832,0.35695,0.55407,0.55694,0.59394,0.49688,0.67244,0.44926,0.54844,0.70032,0.534,0.54508,0.42298,0.46385,0.5708,0.66779,0.52182,0.51213,0.3496,0.49176,0.34167,0.47231,0.52564,0.37533,0.58035,0.40842,0.68913,0.57712,0.40523,0.58741,0.47365,0.52529,0.63439,0.458,0.58843,0.71204,0.54282,0.57736,0.55113,0.52108,0.4594,0.30646,0.46439,0.25182,0.21673,0.44183,0.3449,0.53652,0.51912,0.42516,0.48662,0.58228,0.40915,0.40678,0.39065,0.49651,0.4648,0.53007,0.41284,0.41957,0.47087,0.40924,0.34902,0.66928,0.36524,0.42041,0.31213,0.32336,0.35657,0.29792,0.46206,0.45771,0.44783,0.42399,0.2815,0.28966,0.31788,0.60366,0.42849,0.37795,0.51599,0.57579,0.35699,0.32825,0.52724,0.37043,0.5957,0.50404,0.4353,0.5926,0.35853,0.38018,0.41679,0.52614,0.47846,0.35641,0.23297,0.23765
0.68408,0.57389,0.58741,0.41369,0.50661,0.54022,0.33063,0.28803,0.52862,0.53917,0.59136,0.61335,0.55747,1,0.52428,0.62655,0.65867,0.6879,0.655,0.58028,0.27926,0.65963,0.39764,0.29412,0.72357,0.67731,0.59697,0.50513,0.62056,0.44032,0.46321,0.4934,0.63271,0.7538,0.43704,0.46042,0.55286,0.64027,0.39533,0.6028,0.27382,0.57023,0.27408,0.42953,0.59899,0.36691,0.70804,0.52724,0.54285,0.52789,0.38968,0.44324,0.39526,0.72363,0.70393,0.37806,0.54135,0.59105,0.64499,0.44298,0.45337,0.51708,0.31174,0.21442,0.36856,0.27018,0.17803,0.47374,0.31856,0.38481,0.5155,0.61903,0.48388,0.4329,0.3313,0.37395,0.30519,0.46666,0.47011,0.45062,0.38015,0.43449,0.54367,0.35964,0.29923,0.52081,0.27618,0.28779,0.23616,0.26585,0.30277,0.27464,0.55052,0.37249,0.50922,0.33212,0.21098,0.20012,0.25393,0.6404,0.35419,0.29615,0.36232,0.66969,0.44126,0.30951,0.5142,0.33196,0.52889,0.43267,0.36756,0.59791,0.42284,0.40475,0.49486,0.51072,0.49124,0.37558,0.24626,0.19889
0.58177,0.48881,0.49042,0.57901,0.42054,0.3885,0.34615,0.26413,0.46317,0.58884,0.49616,0.44839,0.41056,0.52428,1,0.50794,0.49943,0.58366,0.48252,0.46124,0.27974,0.48794,0.37087,0.28403,0.5658,0.55169,0.52882,0.51738,0.46446,0.41354,0.42788,0.41172,0.5198,0.56222,0.54193,0.49417,0.54423,0.51206,0.34019,0.58294,0.23952,0.59927,0.27476,0.3887,0.54192,0.45288,0.57313,0.62358,0.4192,0.53045,0.4076,0.37673,0.37386,0.60084,0.53878,0.35543,0.46598,0.49888,0.51593,0.34785,0.3997,0.51541,0.27332,0.17983,0.39348,0.35158,0.21114,0.55918,0.3152,0.26452,0.49206,0.57411,0.39775,0.39261,0.26794,0.3169,0.2913,0.5351,0.40811,0.355,0.44286,0.49663,0.57102,0.37424,0.35477,0.43753,0.23169,0.22246,0.21873,0.24641,0.27797,0.35468,0.64377,0.29174,0.54046,0.28969,0.19715,0.17679,0.26329,0.43707,0.33475,0.29948,0.27921,0.47885,0.47562,0.35609,0.48827,0.41993,0.53987,0.40806,0.3715,0.54218,0.60282,0.52649,0.53196,0.5097,0.38398,0.54417,0.34209,0.22516
0.66363,0.5836,0.71128,0.44864,0.66645,0.61093,0.4402,0.38327,0.61769,0.65793,0.70452,0.74603,0.68248,0.62655,0.50794,1,0.70269,0.70183,0.77718,0.67746,0.37795,0.77695,0.47844,0.37492,0.60132,0.6856,0.73421,0.58839,0.67813,0.53216,0.61315,0.67827,0.6376,0.66047,0.49867,0.56934,0.65416,0.69362,0.52857,0.61727,0.35286,0.56953,0.3689,0.53995,0.61812,0.40094,0.69663,0.48808,0.63078,0.66352,0.48458,0.58678,0.49486,0.61251,0.68614,0.50396,0.67979,0.73904,0.60638,0.56812,0.62395,0.5723,0.42327,0.29133,0.51315,0.30243,0.22665,0.50479,0.37562,0.46191,0.63236,0.48654,0.52671,0.59566,0.39401,0.45796,0.41363,0.58718,0.5136,0.5027,0.49122,0.47066,0.53329,0.41251,0.38359,0.71707,0.34605,0.35653,0.29834,0.331,0.36303,0.35884,0.52118,0.44732,0.50906,0.43901,0.27475,0.26599,0.34786,0.59148,0.46597,0.37528,0.46697,0.64999,0.43335,0.35961,0.61517,0.41392,0.70163,0.55159,0.49164,0.68055,0.42309,0.42793,0.51147,0.58814,0.50884,0.42389,0.26581,0.2605
0.73757,0.57386,0.58317,0.41746,0.60814,0.54394,0.37728,0.34358,0.65216,0.61126,0.7542,0.71754,0.66158,0.65867,0.49943,0.70269,1,0.6554,0.73094,0.63103,0.34984,0.7039,0.46101,0.35395,0.68397,0.62721,0.70845,0.51883,0.69405,0.48536,0.5854,0.62981,0.61093,0.658,0.45402,0.52819,0.65118,0.71021,0.50782,0.58959,0.35032,0.54571,0.33471,0.48743,0.61589,0.40174,0.68127,0.47884,0.63112,0.61864,0.46117,0.56374,0.48845,0.64204,0.68216,0.46349,0.65581,0.6946,0.56952,0.52064,0.564,0.5369,0.35851,0.24841,0.43209,0.25749,0.19654,0.46519,0.32443,0.43502,0.56935,0.50055,0.46931,0.52296,0.35462,0.41614,0.37218,0.51891,0.51935,0.47861,0.4217,0.43066,0.50223,0.36361,0.32355,0.60798,0.32866,0.34582,0.26678,0.28707,0.32721,0.31718,0.52486,0.40405,0.46909,0.39703,0.2467,0.24889,0.28414,0.62716,0.37396,0.3271,0.46448,0.62232,0.38792,0.31693,0.5311,0.36931,0.59479,0.4725,0.415,0.65446,0.42623,0.4185,0.49181,0.54314,0.47353,0.38298,0.24145,0.22445
0.69496,0.55944,0.64132,0.49291,0.55673,0.549,0.39445,0.31053,0.57898,0.63138,0.65619,0.67888,0.60984,0.6879,0.58366,0.70183,0.6554,1,0.66064,0.57154,0.30188,0.6891,0.42714,0.31193,0.66278,0.65731,0.66253,0.58696,0.6649,0.49397,0.50347,0.56014,0.65921,0.70431,0.52759,0.51726,0.60537,0.70273,0.41821,0.66407,0.28233,0.67776,0.30608,0.44506,0.59831,0.42858,0.74605,0.6015,0.60357,0.65962,0.41323,0.47406,0.42341,0.70621,0.7953,0.40647,0.56708,0.68753,0.73126,0.46672,0.48942,0.64396,0.379,0.23839,0.45488,0.31724,0.2192,0.55348,0.34222,0.39613,0.5701,0.60144,0.53623,0.50533,0.35181,0.37705,0.34741,0.5621,0.45578,0.4732,0.44864,0.52657,0.641,0.4367,0.37029,0.61056,0.3002,0.31312,0.28426,0.28537,0.34213,0.31517,0.64462,0.40631,0.56828,0.3665,0.23851,0.22115,0.29996,0.65572,0.40751,0.36561,0.37603,0.68013,0.46686,0.37873,0.56086,0.41457,0.62062,0.49266,0.41337,0.66997,0.47955,0.44631,0.52508,0.61065,0.50992,0.46671,0.28631,0.22647
0.66681,0.5964,0.69273,0.42966,0.62988,0.56793,0.41621,0.38897,0.63,0.63857,0.73562,0.70776,0.68196,0.655,0.48252,0.77718,0.73094,0.66064,1,0.69191,0.38042,0.73005,0.51578,0.38622,0.62761,0.72729,0.68636,0.55261,0.66993,0.47604,0.61053,0.66928,0.58556,0.67259,0.48226,0.5416,0.66416,0.70476,0.54512,0.57883,0.36521,0.51424,0.36676,0.56156,0.63735,0.40464,0.67496,0.46382,0.65649,0.6059,0.47622,0.60973,0.51177,0.6125,0.64991,0.52131,0.69496,0.74859,0.56068,0.59754,0.62402,0.53565,0.39136,0.27037,0.47678,0.28339,0.21238,0.49708,0.36049,0.45953,0.60155,0.47674,0.46182,0.58296,0.38432,0.4614,0.41253,0.55653,0.55006,0.50423,0.46516,0.46599,0.51499,0.38878,0.36283,0.65542,0.35525,0.35804,0.27538,0.32253,0.34082,0.34792,0.49216,0.43242,0.49694,0.42037,0.26047,0.25936,0.30955,0.5849,0.42004,0.35924,0.46732,0.64138,0.41222,0.35763,0.5987,0.39829,0.64826,0.52711,0.4623,0.63501,0.41183,0.43025,0.50949,0.55594,0.51595,0.39566,0.25976,0.25262
0.58023,0.48484,0.65584,0.40704,0.57682,0.53904,0.39621,0.37154,0.66694,0.5793,0.61693,0.61379,0.58905,0.58028,0.46124,0.67746,0.63103,0.57154,0.69191,1,0.3602,0.65537,0.47076,0.36641,0.60547,0.65283,0.60967,0.54524,0.59434,0.46792,0.55377,0.57466,0.51495,0.5691,0.46467,0.5137,0.61311,0.60606,0.49807,0.51309,0.33506,0.50101,0.34983,0.49793,0.58421,0.37109,0.60148,0.41179,0.53906,0.60053,0.49727,0.55177,0.4487,0.55568,0.56345,0.47955,0.57766,0.62478,0.50718,0.5224,0.54931,0.46849,0.36253,0.26907,0.46053,0.28267,0.21209,0.47125,0.3491,0.41411,0.53295,0.45086,0.45435,0.49259,0.36833,0.45249,0.36942,0.47899,0.46884,0.44553,0.45113,0.40756,0.45682,0.37101,0.34027,0.58581,0.31455,0.31485,0.27333,0.32964,0.33692,0.3512,0.45583,0.38707,0.45883,0.39929,0.26126,0.24694,0.31882,0.5062,0.40847,0.32424,0.42358,0.57799,0.38863,0.32995,0.58307,0.37969,0.61145,0.49942,0.44899,0.56778,0.40646,0.41081,0.4761,0.50711,0.42798,0.37197,0.25028,0.25241
0.31942,0.3496,0.35981,0.30719,0.39548,0.29496,0.44306,0.5957,0.36328,0.41368,0.38805,0.33394,0.34438,0.27926,0.27974,0.37795,0.34984,0.30188,0.38042,0.3602,1,0.33536,0.46455,0.68838,0.28308,0.33588,0.38894,0.34763,0.32683,0.31355,0.53819,0.44683,0.30192,0.30457,0.34573,0.41741,0.41813,0.35427,0.60595,0.30689,0.62228,0.26518,0.57592,0.57274,0.34721,0.33348,0.30889,0.25353,0.35068,0.36473,0.47301,0.53437,0.53927,0.27442,0.29369,0.65684,0.47764,0.3881,0.26296,0.47374,0.52945,0.28151,0.31464,0.29404,0.40805,0.21551,0.26876,0.31267,0.32051,0.30224,0.41424,0.22345,0.24449,0.47996,0.31495,0.43797,0.46667,0.43028,0.42688,0.31251,0.41241,0.27937,0.28248,0.26475,0.35232,0.40199,0.32974,0.27414,0.23559,0.33666,0.28894,0.45738,0.271,0.27081,0.28738,0.39652,0.29582,0.29723,0.31705,0.25178,0.3247,0.27902,0.37557,0.27712,0.24612,0.28802,0.34902,0.32599,0.4124,0.37272,0.40952,0.36328,0.27056,0.29208,0.35538,0.33428,0.2732,0.28054,0.22049,0.37301
0.66707,0.55515,0.6584,0.41684,0.64347,0.67859,0.3985,0.35342,0.57562,0.5887,0.67191,0.74685,0.65162,0.65963,0.48794,0.77695,0.7039,0.6891,0.73005,0.65537,0.33536,1,0.41233,0.33815,0.61607,0.63608,0.71831,0.53824,0.67484,0.50574,0.54845,0.62935,0.67561,0.66012,0.45902,0.52323,0.58499,0.67788,0.488,0.62812,0.32865,0.57559,0.32771,0.47676,0.59109,0.36075,0.70719,0.47324,0.60063,0.63369,0.45453,0.53561,0.4347,0.62364,0.72077,0.44547,0.61463,0.66536,0.61852,0.50957,0.56646,0.56493,0.40665,0.28068,0.4712,0.27626,0.20855,0.45604,0.34847,0.47924,0.58836,0.49702,0.54879,0.53009,0.37444,0.45572,0.38226,0.52331,0.48363,0.47695,0.44035,0.44729,0.5143,0.39617,0.3392,0.65333,0.33822,0.36104,0.30042,0.31598,0.35304,0.32552,0.51993,0.45153,0.49748,0.40767,0.2672,0.25749,0.31927,0.65175,0.42435,0.35425,0.46664,0.6431,0.39577,0.3201,0.5498,0.38436,0.61811,0.51002,0.44778,0.64158,0.39955,0.39622,0.4656,0.5571,0.49689,0.39266,0.24421,0.23373
0.44235,0.46712,0.50208,0.39896,0.46057,0.33695,0.44384,0.44172,0.5179,0.53997,0.51107,0.4444,0.46832,0.39764,0.37087,0.47844,0.46101,0.42714,0.51578,0.47076,0.46455,0.41233,1,0.47996,0.40579,0.49226,0.46081,0.46782,0.47196,0.36915,0.54789,0.52081,0.36955,0.43353,0.43697,0.42908,0.56398,0.49845,0.52674,0.37266,0.40129,0.34466,0.45543,0.59398,0.47665,0.49829,0.433,0.35577,0.52023,0.46607,0.39592,0.56763,0.59397,0.39604,0.39494,0.59684,0.54517,0.54419,0.36389,0.58094,0.53008,0.36044,0.33322,0.25315,0.42618,0.28494,0.24941,0.47096,0.37504,0.32569,0.49425,0.33317,0.29701,0.52433,0.37972,0.36831,0.42564,0.50971,0.528,0.44412,0.46166,0.37352,0.40716,0.34962,0.40435,0.49946,0.31108,0.2814,0.23694,0.3392,0.32559,0.37937,0.3625,0.30553,0.38433,0.41894,0.25472,0.25228,0.30423,0.34615,0.37449,0.31297,0.37105,0.39611,0.37347,0.41702,0.50713,0.38898,0.51244,0.48407,0.43398,0.45793,0.34741,0.41805,0.47748,0.43586,0.37122,0.33641,0.30038,0.32168
0.32307,0.36197,0.36642,0.30936,0.39788,0.30064,0.40888,0.61513,0.36574,0.41666,0.39669,0.34018,0.35695,0.29412,0.28403,0.37492,0.35395,0.31193,0.38622,0.36641,0.68838,0.33815,0.47996,1,0.28969,0.34149,0.3864,0.34054,0.33006,0.28538,0.5223,0.44841,0.30414,0.31671,0.3506,0.40826,0.42099,0.37551,0.59994,0.30603,0.59979,0.26584,0.50024,0.5911,0.34414,0.34923,0.31396,0.25951,0.36506,0.3621,0.46643,0.55428,0.5509,0.27979,0.30185,0.6401,0.48307,0.3972,0.26586,0.50754,0.51509,0.28551,0.32158,0.27907,0.38742,0.20413,0.27586,0.32087,0.31294,0.31293,0.41922,0.22875,0.24509,0.47754,0.32395,0.47424,0.42385,0.43322,0.44477,0.31319,0.38511,0.28574,0.30061,0.27595,0.34662,0.39513,0.33925,0.28219,0.23186,0.34582,0.28196,0.42995,0.2852,0.274,0.30931,0.37757,0.29682,0.28291,0.28182,0.2577,0.30864,0.28663,0.36786,0.27509,0.24174,0.29063,0.33999,0.31965,0.41732,0.36669,0.38753,0.37626,0.27376,0.29911,0.36546,0.34279,0.28522,0.28096,0.22841,0.35356
0.72163,0.51858,0.55973,0.44337,0.49263,0.48669,0.33877,0.27651,0.60874,0.56638,0.62302,0.59282,0.55407,0.72357,0.5658,0.60132,0.68397,0.66278,0.62761,0.60547,0.28308,0.61607,0.40579,0.28969,1,0.65883,0.60735,0.53789,0.6305,0.46977,0.47816,0.48933,0.58595,0.65536,0.47275,0.47046,0.59464,0.63914,0.39329,0.59122,0.26997,0.62602,0.2803,0.40812,0.60081,0.40431,0.70563,0.53838,0.52788,0.58161,0.4139,0.43932,0.395,0.72629,0.68114,0.38281,0.52968,0.60377,0.61925,0.41784,0.44317,0.52272,0.29917,0.20228,0.37696,0.28336,0.18426,0.50673,0.3061,0.34863,0.49533,0.63243,0.46468,0.42475,0.31671,0.34599,0.2993,0.45939,0.44944,0.43122,0.3998,0.43837,0.53891,0.35819,0.30905,0.51278,0.25813,0.27047,0.23801,0.25574,0.29866,0.28875,0.5847,0.33741,0.48986,0.32902,0.20521,0.19474,0.25852,0.61165,0.33768,0.28816,0.34983,0.65773,0.43486,0.31534,0.516,0.35451,0.53739,0.42371,0.36005,0.59637,0.48287,0.42759,0.50932,0.52181,0.43711,0.40223,0.25219,0.20056
0.66612,0.58898,0.72662,0.48063,0.53152,0.51461,0.40424,0.33681,0.5711,0.6305,0.62313,0.60426,0.55694,0.67731,0.55169,0.6856,0.62721,0.65731,0.72729,0.65283,0.33588,0.63608,0.49226,0.34149,0.65883,1,0.63074,0.60252,0.61768,0.48597,0.53303,0.53562,0.56785,0.69686,0.52399,0.48837,0.64378,0.64556,0.44265,0.59103,0.30361,0.55116,0.33632,0.51164,0.67004,0.43521,0.72914,0.52136,0.56087,0.58425,0.44077,0.49217,0.44951,0.65901,0.61625,0.46158,0.59602,0.65522,0.5747,0.50399,0.52127,0.52389,0.33758,0.23196,0.44606,0.33599,0.20799,0.5674,0.37188,0.36723,0.58614,0.55156,0.44145,0.49809,0.36035,0.39796,0.36229,0.52877,0.531,0.45512,0.47705,0.49337,0.56437,0.39483,0.37237,0.57874,0.29624,0.2886,0.24706,0.30712,0.32308,0.35046,0.53536,0.37821,0.5474,0.38944,0.22791,0.21688,0.29923,0.54466,0.4164,0.33483,0.36992,0.64777,0.50989,0.3852,0.63554,0.40868,0.62356,0.51063,0.44163,0.58546,0.46025,0.47028,0.58048,0.53555,0.48367,0.43112,0.29089,0.24777
0.70117,0.56992,0.63853,0.47615,0.62847,0.57666,0.45277,0.37723,0.61166,0.67389,0.72621,0.67902,0.59394,0.59697,0.52882,0.73421,0.70845,0.66253,0.68636,0.60967,0.38894,0.71831,0.46081,0.3864,0.60735,0.63074,1,0.59092,0.67119,0.54025,0.64261,0.64278,0.66829,0.63614,0.53462,0.5708,0.67546,0.72074,0.5311,0.66735,0.36396,0.59042,0.36629,0.52942,0.59644,0.43225,0.70985,0.52285,0.5969,0.715,0.5141,0.56757,0.49923,0.60205,0.6718,0.51341,0.70155,0.6892,0.58809,0.52344,0.60076,0.55781,0.39345,0.2672,0.48706,0.29518,0.23634,0.51096,0.35504,0.40917,0.64716,0.48504,0.5073,0.56247,0.37898,0.45311,0.39347,0.58961,0.52597,0.45211,0.48425,0.45463,0.56173,0.393,0.38528,0.66513,0.31629,0.32491,0.29605,0.31938,0.36766,0.37341,0.57268,0.39559,0.50126,0.4219,0.26795,0.24615,0.3318,0.56557,0.40955,0.34708,0.43462,0.57903,0.41038,0.3519,0.53003,0.42279,0.66123,0.49231,0.46151,0.6943,0.46579,0.41584,0.56453,0.60741,0.45,0.43542,0.26698,0.25398
0.54405,0.46242,0.61194,0.58393,0.51591,0.45812,0.53817,0.33054,0.54021,0.65172,0.56658,0.53145,0.49688,0.50513,0.51738,0.58839,0.51883,0.58696,0.55261,0.54524,0.34763,0.53824,0.46782,0.34054,0.53789,0.60252,0.59092,1,0.54551,0.57951,0.51849,0.50922,0.49462,0.52023,0.66148,0.49894,0.61722,0.5623,0.42311,0.55629,0.29905,0.59346,0.38789,0.46271,0.57419,0.49112,0.60247,0.53155,0.48915,0.63671,0.45641,0.45511,0.42222,0.54375,0.5511,0.44824,0.52191,0.62411,0.58434,0.43526,0.46375,0.54132,0.37006,0.25522,0.52682,0.41225,0.27649,0.6488,0.40112,0.33259,0.57801,0.50461,0.44699,0.5122,0.38274,0.35567,0.39173,0.551,0.42457,0.44432,0.59033,0.53133,0.5891,0.49737,0.4531,0.60165,0.27952,0.27115,0.3237,0.34639,0.3789,0.39277,0.53938,0.34618,0.5547,0.39366,0.26094,0.22192,0.37191,0.47154,0.4576,0.36438,0.33694,0.55214,0.54057,0.46129,0.58944,0.50484,0.60619,0.52544,0.48846,0.59259,0.48999,0.47057,0.56299,0.56092,0.3783,0.52006,0.32913,0.29478
0.68702,0.5734,0.63366,0.41591,0.59555,0.55509,0.39524,0.33957,0.63471,0.57769,0.67171,0.73619,0.67244,0.62056,0.46446,0.67813,0.69405,0.6649,0.66993,0.59434,0.32683,0.67484,0.47196,0.33006,0.6305,0.61768,0.67119,0.54551,1,0.51739,0.53708,0.61171,0.6207,0.63019,0.45264,0.45536,0.60078,0.71007,0.46916,0.57307,0.31539,0.54742,0.33047,0.46354,0.57325,0.41201,0.69733,0.48014,0.69155,0.64874,0.3838,0.51963,0.45112,0.60665,0.66969,0.44023,0.58651,0.67862,0.60625,0.52399,0.52432,0.51317,0.38918,0.26392,0.43636,0.28502,0.21,0.48425,0.362,0.42793,0.56747,0.51462,0.50117,0.51292,0.40606,0.37543,0.36904,0.49463,0.50646,0.52732,0.42902,0.41849,0.52911,0.39525,0.3487,0.65684,0.30608,0.33828,0.2841,0.31151,0.37489,0.29847,0.52697,0.39726,0.46608,0.43499,0.2496,0.24429,0.31776,0.63414,0.41488,0.32501,0.43998,0.63142,0.42458,0.34394,0.55601,0.37444,0.58021,0.51209,0.41756,0.60451,0.3968,0.40236,0.48484,0.54469,0.47796,0.36315,0.25146,0.23074
0.50912,0.4169,0.50258,0.41257,0.44928,0.45216,0.45137,0.29093,0.46377,0.49276,0.48586,0.49486,0.44926,0.44032,0.41354,0.53216,0.48536,0.49397,0.47604,0.46792,0.31355,0.50574,0.36915,0.28538,0.46977,0.48597,0.54025,0.57951,0.51739,1,0.46158,0.44776,0.50892,0.46523,0.45265,0.42569,0.47048,0.46588,0.38405,0.47946,0.27835,0.50965,0.36921,0.38679,0.49287,0.35537,0.5272,0.4352,0.42625,0.54294,0.38589,0.39267,0.35956,0.49728,0.49396,0.38554,0.4533,0.49282,0.53025,0.38077,0.42536,0.43428,0.32516,0.25077,0.42738,0.33445,0.21814,0.43643,0.34048,0.32818,0.51407,0.45721,0.44591,0.43053,0.33643,0.32272,0.35637,0.42723,0.38692,0.4054,0.45875,0.38244,0.42976,0.35996,0.33186,0.52167,0.24339,0.25286,0.29586,0.28715,0.33455,0.31881,0.44596,0.31463,0.40083,0.42241,0.23112,0.20721,0.38311,0.45306,0.404,0.27756,0.33295,0.52812,0.43924,0.32587,0.47943,0.37026,0.4662,0.4371,0.39837,0.50148,0.37025,0.33504,0.4318,0.43623,0.38007,0.37279,0.22741,0.24101
0.52916,0.52502,0.5387,0.41686,0.59247,0.45495,0.5098,0.4785,0.57416,0.61452,0.65439,0.54951,0.54844,0.46321,0.42788,0.61315,0.5854,0.50347,0.61053,0.55377,0.53819,0.54845,0.54789,0.5223,0.47816,0.53303,0.64261,0.51849,0.53708,0.46158,1,0.66898,0.49769,0.49138,0.47313,0.55161,0.67849,0.58194,0.70168,0.49588,0.49312,0.43297,0.48762,0.65614,0.52298,0.42446,0.51678,0.39381,0.55069,0.57782,0.56906,0.71792,0.61684,0.45347,0.49417,0.67228,0.77613,0.6421,0.4357,0.60686,0.71047,0.45401,0.3947,0.29962,0.50689,0.26429,0.2504,0.44888,0.36619,0.41827,0.60146,0.36521,0.3897,0.66378,0.3887,0.48748,0.4692,0.58138,0.57584,0.43614,0.5039,0.4,0.43608,0.35574,0.3942,0.62859,0.36715,0.34463,0.28107,0.34322,0.36162,0.41933,0.43056,0.3782,0.41915,0.46894,0.298,0.29336,0.33683,0.43095,0.41173,0.34931,0.48039,0.46318,0.35208,0.34552,0.50541,0.40166,0.62184,0.49668,0.49671,0.57265,0.38514,0.38742,0.4994,0.51,0.40756,0.38444,0.25687,0.30322
0.54649,0.52215,0.58627,0.40456,0.74206,0.53218,0.47018,0.47179,0.60199,0.60487,0.69742,0.68356,0.70032,0.4934,0.41172,0.67827,0.62981,0.56014,0.66928,0.57466,0.44683,0.62935,0.52081,0.44841,0.48933,0.53562,0.64278,0.50922,0.61171,0.44776,0.66898,1,0.51759,0.52003,0.45395,0.52428,0.62545,0.65504,0.65802,0.50973,0.44583,0.4521,0.42045,0.58107,0.51961,0.40348,0.54094,0.39835,0.68061,0.61378,0.47737,0.73812,0.57921,0.47226,0.56245,0.57774,0.70002,0.71544,0.48467,0.65838,0.68899,0.50448,0.48933,0.34541,0.54753,0.26407,0.24936,0.44689,0.37872,0.51571,0.57534,0.37634,0.45416,0.70314,0.44017,0.48333,0.48444,0.57507,0.51257,0.52194,0.48057,0.42335,0.46081,0.40957,0.39871,0.73689,0.41799,0.43689,0.32733,0.36478,0.40874,0.37434,0.44381,0.4648,0.4412,0.47725,0.33277,0.32878,0.36333,0.50736,0.46247,0.4057,0.57929,0.49569,0.34754,0.35759,0.53286,0.41752,0.6483,0.5558,0.51633,0.60544,0.36886,0.40047,0.44884,0.55804,0.43988,0.3766,0.25377,0.28609
0.65502,0.58933,0.55142,0.40368,0.52853,0.56109,0.35788,0.30714,0.49566,0.54854,0.58296,0.59986,0.534,0.63271,0.5198,0.6376,0.61093,0.65921,0.58556,0.51495,0.30192,0.67561,0.36955,0.30414,0.58595,0.56785,0.66829,0.49462,0.6207,0.50892,0.49769,0.51759,1,0.6806,0.42627,0.50199,0.5243,0.60976,0.41689,0.64701,0.28991,0.58288,0.29391,0.43394,0.54907,0.34886,0.66138,0.50871,0.52524,0.57648,0.40396,0.44947,0.40466,0.64224,0.67166,0.39162,0.56247,0.56434,0.62839,0.43554,0.4861,0.51122,0.33322,0.23621,0.39284,0.26319,0.18767,0.43226,0.32076,0.39811,0.56704,0.54353,0.52451,0.45951,0.32157,0.39468,0.32278,0.50424,0.46928,0.42387,0.39913,0.39709,0.50538,0.34631,0.30864,0.54573,0.27383,0.29271,0.25098,0.26991,0.31904,0.29557,0.56645,0.36789,0.46217,0.36123,0.2237,0.21337,0.29679,0.59614,0.37213,0.29054,0.37842,0.58817,0.39944,0.28862,0.4817,0.3403,0.5474,0.42854,0.38259,0.61426,0.40693,0.36494,0.45978,0.50163,0.5042,0.37703,0.23189,0.20597
0.73829,0.64117,0.61496,0.43551,0.52024,0.52123,0.34968,0.31353,0.53408,0.58636,0.61738,0.61041,0.54508,0.7538,0.56222,0.66047,0.658,0.70431,0.67259,0.5691,0.30457,0.66012,0.43353,0.31671,0.65536,0.69686,0.63614,0.52023,0.63019,0.46523,0.49138,0.52003,0.6806,1,0.45736,0.50853,0.57241,0.66295,0.41501,0.60851,0.29245,0.5562,0.29743,0.47342,0.62022,0.39305,0.70131,0.551,0.57031,0.56462,0.40613,0.46925,0.44065,0.74307,0.66779,0.41254,0.58282,0.61193,0.61936,0.47114,0.49048,0.52717,0.31772,0.21648,0.39353,0.28755,0.18579,0.49132,0.32473,0.37446,0.57492,0.60265,0.47279,0.46756,0.32686,0.39738,0.33,0.52488,0.50731,0.45494,0.41345,0.44917,0.55654,0.35821,0.31836,0.53597,0.28355,0.28726,0.23318,0.27118,0.30662,0.30532,0.5675,0.37176,0.51739,0.34864,0.21522,0.20199,0.27477,0.59176,0.36492,0.30076,0.36644,0.6473,0.45571,0.33247,0.54207,0.35772,0.56732,0.45302,0.38985,0.63014,0.43839,0.42737,0.52,0.52466,0.53134,0.40006,0.26121,0.21196
0.49369,0.41961,0.53441,0.72893,0.44653,0.39391,0.49594,0.32071,0.48091,0.63781,0.504,0.44894,0.42298,0.43704,0.54193,0.49867,0.45402,0.52759,0.48226,0.46467,0.34573,0.45902,0.43697,0.3506,0.47275,0.52399,0.53462,0.66148,0.45264,0.45265,0.47313,0.45395,0.42627,0.45736,1,0.48529,0.5689,0.513,0.39366,0.52165,0.28265,0.54613,0.36389,0.44153,0.5039,0.56606,0.52282,0.54737,0.42811,0.57151,0.46472,0.41976,0.41643,0.47177,0.49364,0.43332,0.47727,0.53976,0.48475,0.39971,0.42574,0.51747,0.3452,0.21831,0.49944,0.42928,0.32246,0.69157,0.36339,0.27637,0.51577,0.44111,0.38354,0.46519,0.34026,0.33864,0.36116,0.56707,0.39154,0.36617,0.5539,0.57146,0.6119,0.47354,0.51559,0.49974,0.25893,0.24334,0.30149,0.31213,0.34392,0.43228,0.55866,0.30511,0.56474,0.34913,0.24621,0.19856,0.32226,0.39544,0.38571,0.37596,0.28869,0.44764,0.46852,0.50195,0.48259,0.55647,0.55975,0.44871,0.42378,0.53293,0.60137,0.48914,0.60625,0.56313,0.34234,0.62427,0.38045,0.29928
0.50807,0.46881,0.48589,0.44192,0.49849,0.41663,0.4066,0.38947,0.51287,0.60849,0.54871,0.47682,0.46385,0.46042,0.49417,0.56934,0.52819,0.51726,0.5416,0.5137,0.41741,0.52323,0.42908,0.40826,0.47046,0.48837,0.5708,0.49894,0.45536,0.42569,0.55161,0.52428,0.50199,0.50853,0.48529,1,0.55826,0.51124,0.49311,0.50475,0.36875,0.46981,0.37289,0.52056,0.50822,0.38257,0.48282,0.43179,0.45277,0.5507,0.59183,0.52487,0.50197,0.48521,0.49097,0.49492,0.58088,0.53942,0.45461,0.46013,0.54214,0.45954,0.32705,0.24159,0.45655,0.26528,0.22942,0.44931,0.31078,0.34824,0.5445,0.39567,0.3856,0.49224,0.29089,0.45374,0.39325,0.60147,0.41995,0.38811,0.4769,0.40861,0.44107,0.34609,0.35683,0.49389,0.30442,0.27872,0.26035,0.29083,0.29433,0.41063,0.44869,0.32869,0.43009,0.33261,0.25128,0.23626,0.31647,0.40622,0.34951,0.31464,0.36048,0.45837,0.34946,0.32517,0.45863,0.39584,0.57764,0.41872,0.41955,0.60763,0.44636,0.40939,0.46642,0.48375,0.39533,0.43428,0.26321,0.26781
0.62395,0.54393,0.60484,0.52341,0.60134,0.46013,0.47058,0.38649,0.65045,0.7256,0.72524,0.59043,0.5708,0.55286,0.54423,0.65416,0.65118,0.60537,0.66416,0.61311,0.41813,0.58499,0.56398,0.42099,0.59464,0.64378,0.67546,0.61722,0.60078,0.47048,0.67849,0.62545,0.5243,0.57241,0.5689,0.55826,1,0.67469,0.53786,0.57348,0.37608,0.53409,0.39816,0.56633,0.5951,0.52196,0.62514,0.49954,0.58737,0.6487,0.52692,0.59633,0.55409,0.55777,0.57474,0.54762,0.70071,0.74023,0.51795,0.54424,0.59238,0.5457,0.37839,0.25975,0.51611,0.31607,0.25124,0.5789,0.38169,0.37685,0.60408,0.46047,0.422,0.58335,0.38092,0.4149,0.4158,0.61133,0.54013,0.45291,0.53717,0.4985,0.55121,0.41648,0.425,0.63804,0.33114,0.31855,0.27743,0.32917,0.35606,0.40381,0.52731,0.379,0.51839,0.41839,0.26879,0.25763,0.31342,0.49386,0.42178,0.37499,0.41982,0.53068,0.43894,0.4057,0.60645,0.46242,0.71916,0.53305,0.50386,0.64355,0.48619,0.50354,0.5957,0.5898,0.41252,0.47274,0.32132,0.28762
0.70638,0.56886,0.65509,0.46389,0.62925,0.55679,0.41117,0.36357,0.64893,0.66309,0.75411,0.72543,0.66779,0.64027,0.51206,0.69362,0.71021,0.70273,0.70476,0.60606,0.35427,0.67788,0.49845,0.37551,0.63914,0.64556,0.72074,0.5623,0.71007,0.46588,0.58194,0.65504,0.60976,0.66295,0.513,0.51124,0.67469,1,0.50085,0.60974,0.34645,0.57056,0.33562,0.51083,0.57473,0.46511,0.70869,0.52878,0.69757,0.67807,0.45043,0.57306,0.50466,0.61075,0.70901,0.48941,0.66651,0.74407,0.60097,0.5641,0.55871,0.56839,0.40674,0.2607,0.46163,0.28943,0.23515,0.53388,0.35186,0.42592,0.59948,0.50801,0.50505,0.56413,0.40331,0.43042,0.36707,0.5683,0.53173,0.48967,0.45083,0.47073,0.60079,0.41883,0.38198,0.65954,0.32237,0.34419,0.29141,0.31904,0.36566,0.33508,0.58794,0.40685,0.53727,0.40791,0.26412,0.24093,0.3013,0.605,0.40006,0.35912,0.43667,0.57799,0.41013,0.36658,0.54686,0.41067,0.65993,0.509,0.43613,0.70887,0.45305,0.43857,0.54578,0.6334,0.47856,0.4225,0.27905,0.24287
0.43552,0.45934,0.47608,0.34524,0.57423,0.42733,0.4664,0.58055,0.50041,0.51833,0.55197,0.49676,0.52182,0.39533,0.34019,0.52857,0.50782,0.41821,0.54512,0.49807,0.60595,0.488,0.52674,0.59994,0.39329,0.44265,0.5311,0.42311,0.46916,0.38405,0.70168,0.65802,0.41689,0.41501,0.39366,0.49311,0.53786,0.50085,1,0.40365,0.59594,0.3492,0.5097,0.64298,0.44753,0.3611,0.42531,0.31637,0.50698,0.47766,0.51261,0.78294,0.62424,0.3741,0.42133,0.70903,0.65282,0.54469,0.36296,0.64155,0.72814,0.3748,0.40205,0.33666,0.47314,0.22305,0.24581,0.36948,0.3534,0.44735,0.51402,0.29516,0.33976,0.6116,0.3919,0.52964,0.49514,0.50935,0.53058,0.424,0.43868,0.33688,0.35942,0.32489,0.35809,0.55896,0.40649,0.37722,0.28131,0.36458,0.34604,0.40131,0.34762,0.37338,0.35766,0.4682,0.32712,0.33976,0.33222,0.37275,0.38929,0.33393,0.5376,0.38685,0.28669,0.30693,0.43689,0.35917,0.5304,0.46831,0.47096,0.48784,0.31404,0.33981,0.40752,0.4388,0.37341,0.31217,0.2268,0.3151
0.62715,0.52133,0.56552,0.49202,0.52796,0.55451,0.38643,0.29745,0.51178,0.60176,0.59996,0.56767,0.51213,0.6028,0.58294,0.61727,0.58959,0.66407,0.57883,0.51309,0.30689,0.62812,0.37266,0.30603,0.59122,0.59103,0.66735,0.55629,0.57307,0.47946,0.49588,0.50973,0.64701,0.60851,0.52165,0.50475,0.57348,0.60974,0.40365,1,0.28222,0.66108,0.29621,0.42308,0.57457,0.39242,0.66448,0.55121,0.49328,0.59022,0.43712,0.4394,0.40152,0.60571,0.66051,0.38778,0.5456,0.59316,0.6332,0.41295,0.45847,0.61977,0.35836,0.23524,0.45404,0.31303,0.22134,0.50633,0.33073,0.36174,0.55234,0.53992,0.51768,0.47524,0.32415,0.37131,0.33545,0.54061,0.43802,0.39704,0.43487,0.50688,0.58455,0.40657,0.36067,0.55107,0.28476,0.29658,0.27812,0.28352,0.3261,0.32432,0.63195,0.3864,0.56941,0.34361,0.23864,0.20999,0.29323,0.56855,0.39294,0.34856,0.35651,0.57352,0.42688,0.34041,0.49873,0.41484,0.59647,0.42985,0.42017,0.6061,0.49753,0.43286,0.50076,0.55947,0.42264,0.48586,0.27773,0.22609
0.3031,0.32656,0.3197,0.24906,0.39939,0.30045,0.36584,0.54646,0.3406,0.35456,0.38419,0.33497,0.3496,0.27382,0.23952,0.35286,0.35032,0.28233,0.36521,0.33506,0.62228,0.32865,0.40129,0.59979,0.26997,0.30361,0.36396,0.29905,0.31539,0.27835,0.49312,0.44583,0.28991,0.29245,0.28265,0.36875,0.37608,0.34645,0.59594,0.28222,1,0.24172,0.46228,0.49074,0.30743,0.27682,0.28841,0.22572,0.35064,0.32777,0.4251,0.53925,0.51199,0.25799,0.2841,0.55167,0.4584,0.36919,0.24918,0.46941,0.49161,0.27227,0.31363,0.30767,0.35467,0.16723,0.21485,0.25818,0.26246,0.35172,0.36739,0.20628,0.24337,0.45465,0.31038,0.46524,0.42259,0.36005,0.40411,0.30585,0.32599,0.25091,0.25317,0.23582,0.27115,0.37887,0.37906,0.32988,0.23303,0.30032,0.27249,0.34197,0.24537,0.29505,0.26128,0.36546,0.31309,0.32083,0.26187,0.26222,0.28537,0.26669,0.44582,0.26481,0.20448,0.23307,0.30108,0.27384,0.36424,0.32883,0.3687,0.34348,0.22731,0.2487,0.29791,0.30856,0.2668,0.23683,0.17461,0.28055
0.60241,0.44697,0.52824,0.51246,0.46924,0.49539,0.36916,0.25386,0.50868,0.56263,0.55063,0.54287,0.49176,0.57023,0.59927,0.56953,0.54571,0.67776,0.51424,0.50101,0.26518,0.57559,0.34466,0.26584,0.62602,0.55116,0.59042,0.59346,0.54742,0.50965,0.43297,0.4521,0.58288,0.5562,0.54613,0.46981,0.53409,0.57056,0.3492,0.66108,0.24172,1,0.27051,0.36182,0.53455,0.41089,0.65518,0.61167,0.459,0.61499,0.40642,0.38176,0.3486,0.62944,0.68104,0.34468,0.46324,0.55756,0.69368,0.36113,0.39647,0.6233,0.33419,0.21007,0.41905,0.33572,0.22163,0.54197,0.30753,0.32273,0.48736,0.61476,0.53242,0.42144,0.30326,0.32045,0.29165,0.48564,0.36615,0.37951,0.42476,0.50324,0.61273,0.41988,0.35667,0.51038,0.24283,0.25834,0.28685,0.25669,0.3127,0.30227,0.68863,0.33879,0.54286,0.31186,0.21471,0.18948,0.28836,0.56809,0.36143,0.32932,0.30943,0.59217,0.45369,0.34823,0.48019,0.40565,0.54429,0.41017,0.36913,0.59286,0.54293,0.41537,0.49468,0.54917,0.38912,0.51363,0.27913,0.20769
