1,0.056703,0.37519,0.10012,0.34202,0.87106,0.0057931,0.081718,0.031088,0.31878,0.0047816,0.022734,0.038381,0.16308,0.079288,0.20984,0.036913,0.75757,0.044663,0.0060513,0.18204,0.56725,0.7873,0.0079618,0.0014414,0.035704,0.77519,0.015896,0.030544,0.69828,0.038381,0.60262,0.76828,0.24244,0.48245
0.056703,1,0.021509,0.54993,0.164,0.059906,0.10115,0.66438,0.53345,0.1748,0.083284,0.3897,0.64695,0.34114,0.66559,0.2658,0.61809,0.046628,0.45885,0.10507,0.28055,0.097989,0.046665,0.13781,0.025103,0.60739,0.045525,0.27622,0.52474,0.074048,0.55104,0.092528,0.04625,0.22996,0.11538
0.37519,0.021509,1,0.037882,0.12991,0.35605,0.0021956,0.030996,0.011802,0.12104,0.0018098,0.0086068,0.014533,0.061769,0.030084,0.079621,0.013979,0.44662,0.017292,0.0022891,0.070146,0.21674,0.45072,0.0030102,0.00054508,0.013512,0.46269,0.006016,0.011599,0.28205,0.014694,0.22998,0.45314,0.091849,0.18351
0.10012,0.54993,0.037882,1,0.2895,0.1057,0.057341,0.76391,0.30356,0.31011,0.047516,0.22497,0.37931,0.60416,0.73587,0.46752,0.3639,0.082322,0.3538,0.060209,0.46761,0.17355,0.082716,0.079324,0.014356,0.35479,0.080704,0.15807,0.29761,0.13015,0.34601,0.16377,0.081761,0.40907,0.20502
0.34202,0.164,0.12991,0.2895,1,0.36126,0.016789,0.23618,0.089944,0.84792,0.01386,0.065811,0.11114,0.46917,0.22884,0.59908,0.10684,0.28007,0.12362,0.01754,0.49014,0.58709,0.28198,0.023072,0.0041783,0.10347,0.27532,0.046092,0.08836,0.43791,0.10933,0.55543,0.27861,0.68846,0.68666
0.87106,0.059906,0.35605,0.1057,0.36126,1,0.0061219,0.086376,0.032869,0.3364,0.0050499,0.024008,0.040545,0.17211,0.083804,0.22169,0.038994,0.72862,0.047142,0.0063907,0.19208,0.60099,0.75025,0.0084045,0.0015222,0.037716,0.73695,0.016792,0.032301,0.72565,0.040593,0.63331,0.73949,0.25561,0.50825
0.0057931,0.10115,0.0021956,0.057341,0.016789,0.0061219,1,0.070375,0.18451,0.017935,0.73385,0.24943,0.14918,0.0352,0.072027,0.027345,0.15469,0.0047699,0.10414,0.75781,0.029762,0.010035,0.0047668,0.64817,0.24083,0.16083,0.0046494,0.35938,0.18796,0.0075913,0.13853,0.0094489,0.0047313,0.023621,0.011811
0.081718,0.66438,0.030996,0.76391,0.23618,0.086376,0.070375,1,0.37445,0.25156,0.057971,0.27348,0.45959,0.48952,0.81317,0.38262,0.44099,0.067144,0.4029,0.07319,0.3934,0.14148,0.067241,0.096068,0.017472,0.42983,0.065607,0.19267,0.36819,0.10657,0.42298,0.13314,0.066688,0.33043,0.16623
0.031088,0.53345,0.011802,0.30356,0.089944,0.032869,0.18451,0.37445,1,0.095848,0.15077,0.66886,0.73814,0.18748,0.38019,0.14622,0.74778,0.025578,0.41372,0.18927,0.15681,0.053783,0.025544,0.24617,0.045455,0.77893,0.024921,0.49522,0.88639,0.040698,0.60246,0.050618,0.025371,0.12597,0.06319
0.31878,0.1748,0.12104,0.31011,0.84792,0.3364,0.017935,0.25156,0.095848,1,0.014832,0.070394,0.11887,0.50081,0.24409,0.63398,0.11426,0.26147,0.13158,0.018782,0.5128,0.54895,0.26366,0.024734,0.0044779,0.11072,0.25746,0.04931,0.094106,0.40837,0.11593,0.51874,0.2602,0.73312,0.64545
0.0047816,0.083284,0.0018098,0.047516,0.01386,0.0050499,0.73385,0.057971,0.15077,0.014832,1,0.20721,0.12345,0.029131,0.059447,0.022581,0.12814,0.0039393,0.087023,0.72263,0.024566,0.0082864,0.0039404,0.57617,0.29582,0.13321,0.0038441,0.29798,0.15336,0.0062601,0.11315,0.0078091,0.0039063,0.019561,0.0097695
0.022734,0.3897,0.0086068,0.22497,0.065811,0.024008,0.24943,0.27348,0.66886,0.070394,0.20721,1,0.57211,0.13815,0.27934,0.10714,0.59049,0.018714,0.34177,0.26108,0.11497,0.039384,0.018736,0.34263,0.062746,0.61919,0.01828,0.6727,0.67457,0.029691,0.46703,0.037115,0.018567,0.092805,0.046427
0.038381,0.64695,0.014533,0.37931,0.11114,0.040545,0.14918,0.45959,0.73814,0.11887,0.12345,0.57211,1,0.23294,0.46815,0.18074,0.82954,0.031577,0.45564,0.15605,0.192,0.066529,0.031646,0.20503,0.037309,0.86272,0.030872,0.4096,0.72605,0.050123,0.60378,0.06269,0.031351,0.15653,0.078393
0.16308,0.34114,0.061769,0.60416,0.46917,0.17211,0.0352,0.48952,0.18748,0.50081,0.029131,0.13815,0.23294,1,0.47274,0.74038,0.22385,0.13391,0.24082,0.036851,0.64896,0.28207,0.13455,0.048537,0.0087902,0.21725,0.13131,0.096801,0.18403,0.21134,0.22225,0.26617,0.13303,0.65799,0.33262
0.079288,0.66559,0.030084,0.73587,0.22884,0.083804,0.072027,0.81317,0.38019,0.24409,0.059447,0.27934,0.46815,0.47274,1,0.36988,0.44932,0.065231,0.40702,0.075126,0.38178,0.1373,0.065332,0.098622,0.017954,0.43867,0.063743,0.19727,0.37381,0.1033,0.42408,0.12918,0.064742,0.32019,0.16138
0.20984,0.2658,0.079621,0.46752,0.59908,0.22169,0.027345,0.38262,0.14622,0.63398,0.022581,0.10714,0.18074,0.74038,0.36988,1,0.17369,0.17214,0.1933,0.028555,0.66127,0.36236,0.17278,0.037549,0.0068077,0.16834,0.16865,0.075046,0.1437,0.2715,0.17536,0.3412,0.17116,0.79962,0.42466
0.036913,0.61809,0.013979,0.3639,0.10684,0.038994,0.15469,0.44099,0.74778,0.11426,0.12814,0.59049,0.82954,0.22385,0.44932,0.17369,1,0.030377,0.44695,0.16162,0.18476,0.063966,0.030418,0.21249,0.038727,0.85497,0.029677,0.42365,0.7356,0.048173,0.60065,0.060242,0.030144,0.15052,0.075329
0.75757,0.046628,0.44662,0.082322,0.28007,0.72862,0.0047699,0.067144,0.025578,0.26147,0.0039393,0.018714,0.031577,0.13391,0.065231,0.17214,0.030377,1,0.036792,0.0049872,0.15018,0.46354,0.82049,0.0065605,0.0011883,0.029382,0.82381,0.013089,0.025125,0.58054,0.031574,0.49179,0.79938,0.19895,0.39514
0.044663,0.45885,0.017292,0.3538,0.12362,0.047142,0.10414,0.4029,0.41372,0.13158,0.087023,0.34177,0.45564,0.24082,0.40702,0.1933,0.44695,0.036792,1,0.1084,0.20393,0.076086,0.037026,0.1397,0.027245,0.44604,0.036129,0.2606,0.41132,0.057778,0.40596,0.07166,0.036661,0.1692,0.088828
0.0060513,0.10507,0.0022891,0.060209,0.01754,0.0063907,0.75781,0.07319,0.18927,0.018782,0.72263,0.26108,0.15605,0.036851,0.075126,0.028555,0.16162,0.0049872,0.1084,1,0.031005,0.010499,0.004997,0.72827,0.23556,0.16862,0.004874,0.37643,0.19211,0.0079184,0.14115,0.0098924,0.0049479,0.024767,0.01239
0.18204,0.28055,0.070146,0.46761,0.49014,0.19208,0.029762,0.3934,0.15681,0.5128,0.024566,0.11497,0.192,0.64896,0.38178,0.66127,0.18476,0.15018,0.20393,0.031005,1,0.30769,0.15024,0.040585,0.0074296,0.179,0.14661,0.0809,0.15447,0.23472,0.18461,0.29037,0.14863,0.61592,0.35695
0.56725,0.097989,0.21674,0.17355,0.58709,0.60099,0.010035,0.14148,0.053783,0.54895,0.0082864,0.039384,0.066529,0.28207,0.1373,0.36236,0.063966,0.46354,0.076086,0.010499,0.30769,1,0.47127,0.013814,0.0025019,0.061939,0.46041,0.027571,0.052823,0.69235,0.065908,0.87022,0.4641,0.41796,0.81236
0.7873,0.046665,0.45072,0.082716,0.28198,0.75025,0.0047668,0.067241,0.025544,0.26366,0.0039404,0.018736,0.031646,0.13455,0.065332,0.17278,0.030418,0.82049,0.037026,0.004997,0.15024,0.47127,1,0.0065795,0.0011904,0.029454,0.94778,0.013107,0.025083,0.58828,0.03155,0.50126,0.8471,0.20055,0.40203
0.0079618,0.13781,0.0030102,0.079324,0.023072,0.0084045,0.64817,0.096068,0.24617,0.024734,0.57617,0.34263,0.20503,0.048537,0.098622,0.037549,0.21249,0.0065605,0.1397,0.72827,0.040585,0.013814,0.0065795,1,0.18014,0.22192,0.0064182,0.49355,0.24942,0.010403,0.18224,0.013028,0.0065098,0.032648,0.016317
0.0014414,0.025103,0.00054508,0.014356,0.0041783,0.0015222,0.24083,0.017472,0.045455,0.0044779,0.29582,0.062746,0.037309,0.0087902,0.017954,0.0068077,0.038727,0.0011883,0.027245,0.23556,0.0074296,0.0025019,0.0011904,0.18014,1,0.040267,0.001161,0.090295,0.046182,0.0018872,0.034618,0.0023567,0.0011788,0.0059057,0.0029514
0.035704,0.60739,0.013512,0.35479,0.10347,0.037716,0.16083,0.42983,0.77893,0.11072,0.13321,0.61919,0.86272,0.21725,0.43867,0.16834,0.85497,0.029382,0.44604,0.16862,0.179,0.061939,0.029454,0.22192,0.040267,1,0.028733,0.44386,0.7661,0.04662,0.60317,0.058356,0.029169,0.14601,0.073033
0.77519,0.045525,0.46269,0.080704,0.27532,0.73695,0.0046494,0.065607,0.024921,0.25746,0.0038441,0.01828,0.030872,0.13131,0.063743,0.16865,0.029677,0.82381,0.036129,0.004874,0.14661,0.46041,0.94778,0.0064182,0.001161,0.028733,1,0.012786,0.024469,0.57658,0.030748,0.48976,0.85403,0.19572,0.39264
0.015896,0.27622,0.006016,0.15807,0.046092,0.016792,0.35938,0.19267,0.49522,0.04931,0.29798,0.6727,0.4096,0.096801,0.19727,0.075046,0.42365,0.013089,0.2606,0.37643,0.0809,0.027571,0.013107,0.49355,0.090295,0.44386,0.012786,1,0.50229,0.020788,0.3537,0.025974,0.012986,0.065015,0.032505
0.030544,0.52474,0.011599,0.29761,0.08836,0.032301,0.18796,0.36819,0.88639,0.094106,0.15336,0.67457,0.72605,0.18403,0.37381,0.1437,0.7356,0.025125,0.41132,0.19211,0.15447,0.052823,0.025083,0.24942,0.046182,0.7661,0.024469,0.50229,1,0.039994,0.60549,0.049704,0.024921,0.12362,0.062024
0.69828,0.074048,0.28205,0.13015,0.43791,0.72565,0.0075913,0.10657,0.040698,0.40837,0.0062601,0.029691,0.050123,0.21134,0.1033,0.2715,0.048173,0.58054,0.057778,0.0079184,0.23472,0.69235,0.58828,0.010403,0.0018872,0.04662,0.57658,0.020788,0.039994,1,0.050148,0.72047,0.58131,0.31143,0.60118
0.038381,0.55104,0.014694,0.34601,0.10933,0.040593,0.13853,0.42298,0.60246,0.11593,0.11315,0.46703,0.60378,0.22225,0.42408,0.17536,0.60065,0.031574,0.40596,0.14115,0.18461,0.065908,0.03155,0.18224,0.034618,0.60317,0.030748,0.3537,0.60549,0.050148,1,0.062098,0.031379,0.15186,0.077056
0.60262,0.092528,0.22998,0.16377,0.55543,0.63331,0.0094489,0.13314,0.050618,0.51874,0.0078091,0.037115,0.06269,0.26617,0.12918,0.3412,0.060242,0.49179,0.07166,0.0098924,0.29037,0.87022,0.50126,0.013028,0.0023567,0.058356,0.48976,0.025974,0.049704,0.72047,0.062098,1,0.49103,0.39646,0.78181
0.76828,0.04625,0.45314,0.081761,0.27861,0.73949,0.0047313,0.066688,0.025371,0.2602,0.0039063,0.018567,0.031351,0.13303,0.064742,0.17116,0.030144,0.79938,0.036661,0.0049479,0.14863,0.4641,0.8471,0.0065098,0.0011788,0.029169,0.85403,0.012986,0.024921,0.58131,0.031379,0.49103,1,0.19774,0.39418
0.24244,0.22996,0.091849,0.40907,0.68846,0.25561,0.023621,0.33043,0.12597,0.73312,0.019561,0.092805,0.15653,0.65799,0.32019,0.79962,0.15052,0.19895,0.1692,0.024767,0.61592,0.41796,0.20055,0.032648,0.0059057,0.14601,0.19572,0.065015,0.12362,0.31143,0.15186,0.39646,0.19774,1,0.49539
0.48245,0.11538,0.18351,0.20502,0.68666,0.50825,0.011811,0.16623,0.06319,0.64545,0.0097695,0.046427,0.078393,0.33262,0.16138,0.42466,0.075329,0.39514,0.088828,0.01239,0.35695,0.81236,0.40203,0.016317,0.0029514,0.073033,0.39264,0.032505,0.062024,0.60118,0.077056,0.78181,0.39418,0.49539,1
