1,0.50359,0.30433,0.22467,0.21928,0.35391,0.42583,0.53153,0.25478,0.3499,0.60722,0.34153,0.31463,0.3087,0.2187,0.54422,0.33355,0.3087,0.37497,0.35891,0.28125,0.37895,0.51436,0.32571,0.39908,0.30046,0.24689,0.36097,0.43863,0.47459,0.32324,0.33782,0.43671,0.2341,0.21912,0.37281,0.30574,0.24193
0.50359,1,0.37864,0.2866,0.29088,0.3819,0.45539,0.4317,0.30024,0.32596,0.46727,0.39087,0.37034,0.40872,0.18361,0.6817,0.41683,0.40097,0.35725,0.40148,0.30507,0.4397,0.45991,0.33817,0.41525,0.31504,0.31517,0.37242,0.32494,0.41865,0.33515,0.32093,0.42293,0.2664,0.29936,0.33395,0.40351,0.27074
0.30433,0.37864,1,0.33093,0.34098,0.55113,0.39256,0.21684,0.37805,0.41461,0.28138,0.3975,0.47759,0.41781,0.23745,0.41665,0.37905,0.40807,0.33715,0.31112,0.4311,0.48628,0.33596,0.32734,0.32252,0.30716,0.31994,0.34978,0.22867,0.39714,0.2798,0.25529,0.33611,0.30114,0.24026,0.26455,0.27808,0.25501
0.22467,0.2866,0.33093,1,0.68016,0.3149,0.44995,0.16001,0.60936,0.26322,0.18801,0.47391,0.4176,0.52971,0.12376,0.34014,0.53638,0.61489,0.39519,0.38815,0.41764,0.34612,0.26651,0.50201,0.2948,0.46462,0.57387,0.39749,0.20263,0.35672,0.36076,0.29492,0.21644,0.56814,0.24748,0.3195,0.31212,0.47416
0.21928,0.29088,0.34098,0.68016,1,0.30294,0.44873,0.1638,0.48147,0.23401,0.18771,0.50452,0.40842,0.47045,0.11387,0.35019,0.53024,0.61678,0.39107,0.36567,0.35802,0.35062,0.26616,0.43944,0.29835,0.44822,0.59118,0.33626,0.20014,0.33924,0.38948,0.26492,0.20873,0.44536,0.26415,0.27099,0.31947,0.46004
0.35391,0.3819,0.55113,0.3149,0.30294,1,0.39292,0.25052,0.40754,0.57143,0.32151,0.4046,0.54999,0.37995,0.31409,0.42755,0.39881,0.39295,0.35783,0.36556,0.4875,0.42861,0.37689,0.37753,0.32652,0.32504,0.31753,0.4258,0.28575,0.48546,0.31952,0.34315,0.38684,0.30551,0.24855,0.3216,0.29441,0.2872
0.42583,0.45539,0.39256,0.44995,0.44873,0.39292,1,0.29489,0.45074,0.35055,0.33678,0.5818,0.43914,0.50487,0.16608,0.56085,0.58519,0.57447,0.54363,0.48964,0.42188,0.46595,0.44013,0.54544,0.40839,0.52146,0.45186,0.47113,0.33488,0.596,0.45254,0.37954,0.34963,0.433,0.28282,0.42199,0.35412,0.42614
0.53153,0.4317,0.21684,0.16001,0.1638,0.25052,0.29489,1,0.17525,0.24161,0.63492,0.24707,0.22042,0.21666,0.16875,0.40528,0.25292,0.22786,0.25933,0.28341,0.18921,0.26171,0.39948,0.2247,0.29788,0.21568,0.18731,0.24865,0.33809,0.32276,0.25832,0.26565,0.38234,0.16178,0.21682,0.25675,0.26218,0.18963
0.25478,0.30024,0.37805,0.60936,0.48147,0.40754,0.45074,0.17525,1,0.38185,0.21114,0.45461,0.49613,0.53536,0.17511,0.35124,0.5327,0.56394,0.39741,0.42605,0.56388,0.36166,0.29395,0.57965,0.29126,0.44477,0.50245,0.54867,0.22203,0.41648,0.34763,0.37875,0.27477,0.59102,0.24351,0.37452,0.29748,0.43175
0.3499,0.32596,0.41461,0.26322,0.23401,0.57143,0.35055,0.24161,0.38185,1,0.30957,0.31859,0.44707,0.33975,0.37756,0.35516,0.34014,0.32081,0.32348,0.32428,0.48654,0.35772,0.33583,0.36877,0.28171,0.2945,0.2696,0.46321,0.27506,0.42882,0.26467,0.38431,0.4099,0.2944,0.20033,0.34629,0.23839,0.24885
0.60722,0.46727,0.28138,0.18801,0.18771,0.32151,0.33678,0.63492,0.21114,0.30957,1,0.28963,0.27113,0.26252,0.20709,0.47386,0.28594,0.26801,0.2874,0.31582,0.23488,0.32275,0.47001,0.25371,0.3263,0.23641,0.21006,0.29135,0.34255,0.38242,0.26825,0.28582,0.45188,0.18914,0.2115,0.28187,0.26569,0.20192
0.34153,0.39087,0.3975,0.47391,0.50452,0.4046,0.5818,0.24707,0.45461,0.31859,0.28963,1,0.49198,0.45711,0.1579,0.49572,0.55135,0.60201,0.47078,0.49274,0.39032,0.41879,0.42641,0.4858,0.36407,0.45818,0.45619,0.4164,0.29818,0.5306,0.4559,0.34008,0.30008,0.37835,0.27445,0.3289,0.34893,0.44675
0.31463,0.37034,0.47759,0.4176,0.40842,0.54999,0.43914,0.22042,0.49613,0.44707,0.27113,0.49198,1,0.46686,0.22126,0.43978,0.47649,0.50819,0.40685,0.40698,0.46337,0.40121,0.36371,0.44021,0.35425,0.36952,0.41714,0.44117,0.27474,0.45203,0.3614,0.37333,0.33427,0.34508,0.26012,0.32468,0.33993,0.3719
0.3087,0.40872,0.41781,0.52971,0.47045,0.37995,0.50487,0.21666,0.53536,0.33975,0.26252,0.45711,0.46686,1,0.1622,0.4584,0.49071,0.59982,0.39699,0.40301,0.44559,0.46299,0.34142,0.45519,0.32936,0.40963,0.4316,0.45939,0.24083,0.40097,0.31334,0.32414,0.31286,0.4838,0.23882,0.36994,0.3102,0.35322
0.2187,0.18361,0.23745,0.12376,0.11387,0.31409,0.16608,0.16875,0.17511,0.37756,0.20709,0.1579,0.22126,0.1622,1,0.18588,0.15534,0.14606,0.16926,0.16112,0.23755,0.20489,0.19908,0.16876,0.17608,0.14731,0.12839,0.21048,0.20052,0.21778,0.14493,0.19067,0.26832,0.13752,0.13116,0.1903,0.14505,0.12069
0.54422,0.6817,0.41665,0.34014,0.35019,0.42755,0.56085,0.40528,0.35124,0.35516,0.47386,0.49572,0.43978,0.4584,0.18588,1,0.49372,0.48616,0.43851,0.45776,0.34418,0.49333,0.51186,0.41442,0.4591,0.38642,0.37344,0.42012,0.36343,0.50661,0.41466,0.36669,0.40471,0.31015,0.28501,0.37159,0.40097,0.32389
0.33355,0.41683,0.37905,0.53638,0.53024,0.39881,0.58519,0.25292,0.5327,0.34014,0.28594,0.55135,0.47649,0.49071,0.15534,0.49372,1,0.68309,0.47439,0.53279,0.43081,0.39517,0.36303,0.61527,0.39314,0.5133,0.64729,0.50947,0.27634,0.47426,0.52715,0.42669,0.30514,0.45241,0.32524,0.37962,0.42001,0.50759
0.3087,0.40097,0.40807,0.61489,0.61678,0.39295,0.57447,0.22786,0.56394,0.32081,0.26801,0.60201,0.50819,0.59982,0.14606,0.48616,0.68309,1,0.43471,0.51056,0.42608,0.4128,0.36031,0.54703,0.34268,0.46711,0.57963,0.4786,0.25586,0.45086,0.43671,0.37179,0.29737,0.47526,0.28985,0.34999,0.35546,0.47266
0.37497,0.35725,0.33715,0.39519,0.39107,0.35783,0.54363,0.25933,0.39741,0.32348,0.2874,0.47078,0.40685,0.39699,0.16926,0.43851,0.47439,0.43471,1,0.34057,0.42692,0.40398,0.35918,0.50526,0.46059,0.61221,0.40661,0.39685,0.33676,0.49973,0.43774,0.3372,0.28053,0.39676,0.2209,0.43965,0.34493,0.42545
0.35891,0.40148,0.31112,0.38815,0.36567,0.36556,0.48964,0.28341,0.42605,0.32428,0.31582,0.49274,0.40698,0.40301,0.16112,0.45776,0.53279,0.51056,0.34057,1,0.32305,0.33369,0.4241,0.47431,0.31335,0.34935,0.43122,0.49019,0.29273,0.47724,0.44518,0.46034,0.34121,0.33747,0.34252,0.32929,0.36756,0.40446
0.28125,0.30507,0.4311,0.41764,0.35802,0.4875,0.42188,0.18921,0.56388,0.48654,0.23488,0.39032,0.46337,0.44559,0.23755,0.34418,0.43081,0.42608,0.42692,0.32305,1,0.38844,0.29479,0.48361,0.30369,0.43984,0.36409,0.48906,0.2497,0.43833,0.30599,0.33691,0.30525,0.49078,0.21028,0.42118,0.25791,0.33625
0.37895,0.4397,0.48628,0.34612,0.35062,0.42861,0.46595,0.26171,0.36166,0.35772,0.32275,0.41879,0.40121,0.46299,0.20489,0.49333,0.39517,0.4128,0.40398,0.33369,0.38844,1,0.41139,0.36396,0.38911,0.38213,0.34267,0.34251,0.30173,0.42757,0.31696,0.26276,0.33907,0.3418,0.25027,0.33114,0.32208,0.27109
0.51436,0.45991,0.33596,0.26651,0.26616,0.37689,0.44013,0.39948,0.29395,0.33583,0.47001,0.42641,0.36371,0.34142,0.19908,0.51186,0.36303,0.36031,0.35918,0.4241,0.29479,0.41139,1,0.32241,0.35486,0.30391,0.27629,0.35255,0.33653,0.52122,0.32908,0.30487,0.48048,0.24542,0.2504,0.31398,0.31958,0.26911
0.32571,0.33817,0.32734,0.50201,0.43944,0.37753,0.54544,0.2247,0.57965,0.36877,0.25371,0.4858,0.44021,0.45519,0.16876,0.41442,0.61527,0.54703,0.50526,0.47431,0.48361,0.36396,0.32241,1,0.35204,0.59133,0.53494,0.59652,0.30546,0.47247,0.49796,0.50151,0.27501,0.53613,0.25354,0.47854,0.32616,0.50438
0.39908,0.41525,0.32252,0.2948,0.29835,0.32652,0.40839,0.29788,0.29126,0.28171,0.3263,0.36407,0.35425,0.32936,0.17608,0.4591,0.39314,0.34268,0.46059,0.31335,0.30369,0.38911,0.35486,0.35204,1,0.36433,0.34335,0.31144,0.34023,0.37682,0.40034,0.28473,0.28627,0.26663,0.25083,0.35076,0.46478,0.27677
0.30046,0.31504,0.30716,0.46462,0.44822,0.32504,0.52146,0.21568,0.44477,0.2945,0.23641,0.45818,0.36952,0.40963,0.14731,0.38642,0.5133,0.46711,0.61221,0.34935,0.43984,0.38213,0.30391,0.59133,0.36433,1,0.47197,0.409,0.29465,0.43903,0.46297,0.34851,0.23954,0.49287,0.23091,0.44287,0.30955,0.49374
0.24689,0.31517,0.31994,0.57387,0.59118,0.31753,0.45186,0.18731,0.50245,0.2696,0.21006,0.45619,0.41714,0.4316,0.12839,0.37344,0.64729,0.57963,0.40661,0.43122,0.36409,0.34267,0.27629,0.53494,0.34335,0.47197,1,0.40588,0.21981,0.35054,0.47828,0.35248,0.22713,0.43079,0.30147,0.3023,0.39973,0.49417
0.36097,0.37242,0.34978,0.39749,0.33626,0.4258,0.47113,0.24865,0.54867,0.46321,0.29135,0.4164,0.44117,0.45939,0.21048,0.42012,0.50947,0.4786,0.39685,0.49019,0.48906,0.34251,0.35255,0.59652,0.31144,0.409,0.40588,1,0.27926,0.48172,0.37098,0.53881,0.35793,0.43387,0.2416,0.45742,0.30287,0.37437
0.43863,0.32494,0.22867,0.20263,0.20014,0.28575,0.33488,0.33809,0.22203,0.27506,0.34255,0.29818,0.27474,0.24083,0.20052,0.36343,0.27634,0.25586,0.33676,0.29273,0.2497,0.30173,0.33653,0.30546,0.34023,0.29465,0.21981,0.27926,1,0.36285,0.35009,0.31807,0.28127,0.21457,0.21043,0.37423,0.26279,0.23814
0.47459,0.41865,0.39714,0.35672,0.33924,0.48546,0.596,0.32276,0.41648,0.42882,0.38242,0.5306,0.45203,0.40097,0.21778,0.50661,0.47426,0.45086,0.49973,0.47724,0.43833,0.42757,0.52122,0.47247,0.37682,0.43903,0.35054,0.48172,0.36285,1,0.4054,0.39133,0.40669,0.36026,0.26619,0.41491,0.32396,0.37885
0.32324,0.33515,0.2798,0.36076,0.38948,0.31952,0.45254,0.25832,0.34763,0.26467,0.26825,0.4559,0.3614,0.31334,0.14493,0.41466,0.52715,0.43671,0.43774,0.44518,0.30599,0.31696,0.32908,0.49796,0.40034,0.46297,0.47828,0.37098,0.35009,0.4054,1,0.40204,0.24503,0.31409,0.31088,0.34161,0.39303,0.43286
0.33782,0.32093,0.25529,0.29492,0.26492,0.34315,0.37954,0.26565,0.37875,0.38431,0.28582,0.34008,0.37333,0.32414,0.19067,0.36669,0.42669,0.37179,0.3372,0.46034,0.33691,0.26276,0.30487,0.50151,0.28473,0.34851,0.35248,0.53881,0.31807,0.39133,0.40204,1,0.30798,0.31065,0.23591,0.3967,0.28132,0.36441
0.43671,0.42293,0.33611,0.21644,0.20873,0.38684,0.34963,0.38234,0.27477,0.4099,0.45188,0.30008,0.33427,0.31286,0.26832,0.40471,0.30514,0.29737,0.28053,0.34121,0.30525,0.33907,0.48048,0.27501,0.28627,0.23954,0.22713,0.35793,0.28127,0.40669,0.24503,0.30798,1,0.22071,0.23812,0.29588,0.26122,0.21174
0.2341,0.2664,0.30114,0.56814,0.44536,0.30551,0.433,0.16178,0.59102,0.2944,0.18914,0.37835,0.34508,0.4838,0.13752,0.31015,0.45241,0.47526,0.39676,0.33747,0.49078,0.3418,0.24542,0.53613,0.26663,0.49287,0.43079,0.43387,0.21457,0.36026,0.31409,0.31065,0.22071,1,0.20435,0.40581,0.24748,0.38989
0.21912,0.29936,0.24026,0.24748,0.26415,0.24855,0.28282,0.21682,0.24351,0.20033,0.2115,0.27445,0.26012,0.23882,0.13116,0.28501,0.32524,0.28985,0.2209,0.34252,0.21028,0.25027,0.2504,0.25354,0.25083,0.23091,0.30147,0.2416,0.21043,0.26619,0.31088,0.23591,0.23812,0.20435,1,0.20523,0.38151,0.26402
0.37281,0.33395,0.26455,0.3195,0.27099,0.3216,0.42199,0.25675,0.37452,0.34629,0.28187,0.3289,0.32468,0.36994,0.1903,0.37159,0.37962,0.34999,0.43965,0.32929,0.42118,0.33114,0.31398,0.47854,0.35076,0.44287,0.3023,0.45742,0.37423,0.41491,0.34161,0.3967,0.29588,0.40581,0.20523,1,0.27681,0.31466
0.30574,0.40351,0.27808,0.31212,0.31947,0.29441,0.35412,0.26218,0.29748,0.23839,0.26569,0.34893,0.33993,0.3102,0.14505,0.40097,0.42001,0.35546,0.34493,0.36756,0.25791,0.32208,0.31958,0.32616,0.46478,0.30955,0.39973,0.30287,0.26279,0.32396,0.39303,0.28132,0.26122,0.24748,0.38151,0.27681,1,0.31222
0.24193,0.27074,0.25501,0.47416,0.46004,0.2872,0.42614,0.18963,0.43175,0.24885,0.20192,0.44675,0.3719,0.35322,0.12069,0.32389,0.50759,0.47266,0.42545,0.40446,0.33625,0.27109,0.26911,0.50438,0.27677,0.49374,0.49417,0.37437,0.23814,0.37885,0.43286,0.36441,0.21174,0.38989,0.26402,0.31466,0.31222,1
