1,0.48128,0.57697,0.68248,0.66934,0.51609,0.68923,0.498,0.45525,0.44774,0.68361,0.46907,0.71673,0.77298,0.72057,0.70215,0.38191,0.62136,0.69749,0.54398,0.40123,0.63844,0.72061,0.66976,0.69633,0.27456,0.27172,0.28635,0.54863,0.26429,0.60436,0.31351,0.26517,0.33227,0.31681,0.42573,0.3485,0.31339,0.50729,0.49451,0.53152,0.47453,0.24028,0.29188,0.4044,0.50202,0.4056,0.13055,0.36072,0.1285,0.29842
0.48128,1,0.39096,0.52158,0.57321,0.62075,0.40646,0.43955,0.53446,0.50768,0.57036,0.47748,0.5039,0.47257,0.43554,0.46068,0.41681,0.61731,0.49579,0.36876,0.48894,0.54011,0.55947,0.39842,0.45987,0.35425,0.3999,0.2944,0.4357,0.30803,0.53201,0.32297,0.3334,0.37162,0.36731,0.41625,0.37964,0.41387,0.51948,0.55719,0.51797,0.34666,0.26886,0.27149,0.41191,0.50568,0.4448,0.14089,0.4103,0.16695,0.36102
0.57697,0.39096,1,0.617,0.52274,0.41154,0.63162,0.40679,0.38762,0.33776,0.55227,0.36191,0.48881,0.67159,0.63604,0.56537,0.35538,0.47953,0.46849,0.67838,0.32524,0.52004,0.61005,0.61927,0.69747,0.2129,0.20551,0.22133,0.36448,0.19577,0.44055,0.21139,0.205,0.26546,0.23353,0.3243,0.26056,0.25475,0.3582,0.35074,0.37762,0.33128,0.17213,0.20859,0.26837,0.35613,0.29075,0.10302,0.26403,0.10129,0.21174
0.68248,0.52158,0.617,1,0.69597,0.56327,0.62323,0.48476,0.487,0.46754,0.75393,0.4688,0.64363,0.71872,0.68197,0.65575,0.45367,0.68099,0.62103,0.53164,0.45098,0.68544,0.72771,0.61939,0.67953,0.28873,0.28475,0.28813,0.48106,0.29375,0.52574,0.28712,0.26986,0.35787,0.3074,0.44492,0.38053,0.30576,0.48307,0.51138,0.51481,0.43579,0.23376,0.28612,0.37588,0.50794,0.37526,0.13233,0.36916,0.13391,0.28774
0.66934,0.57321,0.52274,0.69597,1,0.65301,0.54939,0.54137,0.59875,0.49243,0.76061,0.50316,0.6586,0.66525,0.60644,0.65546,0.45245,0.77231,0.63872,0.49774,0.49945,0.67001,0.67259,0.5665,0.63178,0.3363,0.30863,0.30935,0.51951,0.3111,0.56079,0.32667,0.29608,0.40383,0.33003,0.46785,0.39705,0.33702,0.52178,0.59735,0.57837,0.46893,0.27169,0.31846,0.42813,0.56796,0.42694,0.14339,0.41132,0.15412,0.32305
0.51609,0.62075,0.41154,0.56327,0.65301,1,0.41873,0.5188,0.6326,0.53032,0.60247,0.53547,0.54809,0.50587,0.47436,0.50968,0.47496,0.72299,0.54038,0.36693,0.56415,0.60143,0.54359,0.43494,0.46679,0.38684,0.35549,0.31816,0.46658,0.34627,0.49793,0.31329,0.33152,0.4334,0.35862,0.45933,0.44164,0.3399,0.51981,0.61037,0.54713,0.41499,0.27843,0.31458,0.42291,0.60009,0.40986,0.15307,0.43784,0.1678,0.34327
0.68923,0.40646,0.63162,0.62323,0.54939,0.41873,1,0.40003,0.37244,0.33397,0.62059,0.34694,0.52975,0.70611,0.78125,0.6868,0.35623,0.51502,0.50796,0.63547,0.30983,0.50306,0.61975,0.78945,0.74136,0.24234,0.22618,0.27493,0.40718,0.2279,0.49743,0.25856,0.22357,0.28533,0.27947,0.37988,0.27359,0.27544,0.38455,0.39469,0.41123,0.38465,0.20354,0.25727,0.3189,0.40411,0.32921,0.12249,0.31405,0.11579,0.24188
0.498,0.43955,0.40679,0.48476,0.54137,0.5188,0.40003,1,0.57451,0.5066,0.50592,0.54864,0.56989,0.51992,0.45553,0.4981,0.41555,0.56656,0.54695,0.395,0.48681,0.60133,0.51372,0.40289,0.44999,0.32862,0.29283,0.27404,0.53565,0.28643,0.48679,0.29014,0.29328,0.39864,0.33422,0.44766,0.42276,0.28613,0.47569,0.50264,0.52886,0.47922,0.26748,0.31766,0.38998,0.53945,0.35459,0.13578,0.40017,0.15472,0.29734
0.45525,0.53446,0.38762,0.487,0.59875,0.6326,0.37244,0.57451,1,0.49657,0.53586,0.49781,0.50794,0.47769,0.42491,0.47105,0.44747,0.62532,0.48995,0.37557,0.54154,0.54363,0.50146,0.39155,0.44345,0.36852,0.33004,0.28517,0.43819,0.31772,0.45629,0.29276,0.31613,0.41468,0.32824,0.41966,0.39822,0.33265,0.44834,0.55287,0.50539,0.40817,0.27112,0.30477,0.39253,0.52388,0.3812,0.14555,0.40982,0.16369,0.31482
0.44774,0.50768,0.33776,0.46754,0.49243,0.53032,0.33397,0.5066,0.49657,1,0.464,0.69942,0.58442,0.4252,0.36988,0.38701,0.36092,0.52211,0.591,0.29987,0.70097,0.60285,0.48307,0.33071,0.37601,0.30869,0.36811,0.25262,0.57644,0.32568,0.45805,0.31475,0.31491,0.35164,0.32063,0.39649,0.55993,0.3164,0.62139,0.56319,0.60603,0.43647,0.25861,0.2784,0.43456,0.54669,0.40699,0.13184,0.38093,0.14701,0.35355
0.68361,0.57036,0.55227,0.75393,0.76061,0.60247,0.62059,0.50592,0.53586,0.464,1,0.45515,0.64769,0.70514,0.67583,0.68493,0.46702,0.74988,0.61551,0.52954,0.45632,0.65403,0.71439,0.60878,0.69112,0.32382,0.30757,0.31463,0.48586,0.30406,0.56467,0.3107,0.28768,0.37937,0.33466,0.47429,0.37816,0.3424,0.49355,0.56725,0.56994,0.43982,0.25669,0.30643,0.40467,0.53779,0.41264,0.13923,0.40787,0.14805,0.31269
0.46907,0.47748,0.36191,0.4688,0.50316,0.53547,0.34694,0.54864,0.49781,0.69942,0.45515,1,0.5845,0.45069,0.38495,0.4037,0.33002,0.51912,0.58997,0.32073,0.63691,0.60047,0.47595,0.34202,0.39277,0.27653,0.3023,0.23244,0.56843,0.27774,0.45313,0.28203,0.2795,0.32489,0.2921,0.37626,0.49378,0.27379,0.53927,0.48921,0.56996,0.44795,0.23589,0.2625,0.38525,0.49549,0.35963,0.1176,0.3382,0.1323,0.30686
0.71673,0.5039,0.48881,0.64363,0.6586,0.54809,0.52975,0.56989,0.50794,0.58442,0.64769,0.5845,1,0.66262,0.56902,0.57769,0.38891,0.64838,0.8856,0.45071,0.51483,0.74414,0.68245,0.51521,0.57922,0.29182,0.30945,0.28478,0.66387,0.29643,0.6071,0.33784,0.28684,0.35575,0.32813,0.45595,0.44036,0.32527,0.60076,0.57774,0.66968,0.52566,0.26094,0.30757,0.46013,0.56938,0.44393,0.13449,0.39435,0.13764,0.33844
0.77298,0.47257,0.67159,0.71872,0.66525,0.50587,0.70611,0.51992,0.47769,0.4252,0.70514,0.45069,0.66262,1,0.75588,0.72598,0.39687,0.62539,0.62233,0.64573,0.39874,0.63922,0.75008,0.68238,0.79563,0.26734,0.25486,0.27664,0.48871,0.25232,0.56856,0.2767,0.25648,0.32668,0.30103,0.41245,0.33468,0.2966,0.45613,0.46058,0.49779,0.44427,0.22112,0.27546,0.35599,0.46875,0.3689,0.12436,0.34749,0.12284,0.26855
0.72057,0.43554,0.63604,0.68197,0.60644,0.47436,0.78125,0.45553,0.42491,0.36988,0.67583,0.38495,0.56902,0.75588,1,0.75789,0.40054,0.57699,0.53976,0.61714,0.34859,0.55255,0.65002,0.78961,0.72614,0.26825,0.24007,0.29074,0.43649,0.24965,0.50826,0.26189,0.24588,0.31708,0.29971,0.4063,0.30873,0.27982,0.41018,0.42885,0.43485,0.42144,0.21543,0.28101,0.33122,0.44412,0.33601,0.12725,0.3362,0.12188,0.2487
0.70215,0.46068,0.56537,0.65575,0.65546,0.50968,0.6868,0.4981,0.47105,0.38701,0.68493,0.4037,0.57769,0.72598,0.75789,1,0.42923,0.63019,0.55167,0.58184,0.36909,0.5539,0.64821,0.7379,0.67439,0.30079,0.25784,0.32568,0.46251,0.28127,0.52459,0.29333,0.27457,0.36593,0.33749,0.44485,0.33546,0.28243,0.42513,0.46734,0.4522,0.47922,0.24277,0.3341,0.36535,0.49122,0.3496,0.14462,0.38965,0.13714,0.26549
0.38191,0.41681,0.35538,0.45367,0.45245,0.47496,0.35623,0.41555,0.44747,0.36092,0.46702,0.33002,0.38891,0.39687,0.40054,0.42923,1,0.49195,0.38159,0.32618,0.37395,0.45181,0.43752,0.37396,0.37828,0.38352,0.35761,0.28725,0.35014,0.33969,0.36745,0.30056,0.2934,0.49045,0.32692,0.39652,0.3431,0.31471,0.38357,0.46161,0.37916,0.32329,0.28628,0.31715,0.36431,0.46306,0.33773,0.1679,0.40602,0.20836,0.30064
0.62136,0.61731,0.47953,0.68099,0.77231,0.72299,0.51502,0.56656,0.62532,0.52211,0.74988,0.51912,0.64838,0.62539,0.57699,0.63019,0.49195,1,0.63072,0.44446,0.53181,0.68154,0.66223,0.52361,0.57997,0.3728,0.35152,0.34206,0.5206,0.35065,0.58847,0.34535,0.33154,0.44273,0.37986,0.52608,0.44019,0.35914,0.54157,0.65042,0.60297,0.46533,0.29559,0.34302,0.46107,0.61124,0.44488,0.15799,0.47352,0.16802,0.35731
0.69749,0.49579,0.46849,0.62103,0.63872,0.54038,0.50796,0.54695,0.48995,0.591,0.61551,0.58997,0.8856,0.62233,0.53976,0.55167,0.38159,0.63072,1,0.42342,0.51509,0.72528,0.65791,0.49533,0.55025,0.28711,0.31687,0.2829,0.6917,0.29984,0.60628,0.35395,0.29153,0.36129,0.32923,0.45469,0.44192,0.32745,0.62173,0.57895,0.67569,0.52749,0.27084,0.31126,0.48476,0.56506,0.45822,0.13707,0.39551,0.14008,0.35385
0.54398,0.36876,0.67838,0.53164,0.49774,0.36693,0.63547,0.395,0.37557,0.29987,0.52954,0.32073,0.45071,0.64573,0.61714,0.58184,0.32618,0.44446,0.42342,1,0.28768,0.4484,0.55425,0.61177,0.69959,0.21223,0.19085,0.22187,0.34114,0.18893,0.418,0.20659,0.19552,0.24955,0.23022,0.30802,0.23579,0.24298,0.32036,0.32932,0.35188,0.33574,0.16783,0.21393,0.25359,0.33577,0.27479,0.1009,0.25935,0.10036,0.19483
0.40123,0.48894,0.32524,0.45098,0.49945,0.56415,0.30983,0.48681,0.54154,0.70097,0.45632,0.63691,0.51483,0.39874,0.34859,0.36909,0.37395,0.53181,0.51509,0.28768,1,0.55729,0.43624,0.31214,0.35977,0.32472,0.3472,0.25327,0.4823,0.33711,0.40758,0.29191,0.29974,0.36808,0.29207,0.40592,0.57325,0.2955,0.51802,0.56137,0.57769,0.41157,0.26225,0.28042,0.40314,0.52066,0.3742,0.13381,0.37886,0.15701,0.3363
0.63844,0.54011,0.52004,0.68544,0.67001,0.60143,0.50306,0.60133,0.54363,0.60285,0.65403,0.60047,0.74414,0.63922,0.55255,0.5539,0.45181,0.68154,0.72528,0.4484,0.55729,1,0.70138,0.48933,0.56953,0.31247,0.32678,0.2728,0.59028,0.30107,0.57381,0.31394,0.28916,0.38188,0.32099,0.45463,0.44734,0.33749,0.60029,0.58633,0.63277,0.45467,0.25706,0.28546,0.42837,0.58235,0.42379,0.13235,0.39172,0.14634,0.33461
0.72061,0.55947,0.61005,0.72771,0.67259,0.54359,0.61975,0.51372,0.50146,0.48307,0.71439,0.47595,0.68245,0.75008,0.65002,0.64821,0.43752,0.66223,0.65791,0.55425,0.43624,0.70138,1,0.59799,0.70349,0.29034,0.31055,0.28605,0.51395,0.2756,0.63279,0.30923,0.28868,0.35506,0.33547,0.42653,0.3598,0.35104,0.53096,0.51503,0.53691,0.42411,0.24076,0.28009,0.40093,0.51235,0.42198,0.13413,0.38335,0.13704,0.31013
0.66976,0.39842,0.61927,0.61939,0.5665,0.43494,0.78945,0.40289,0.39155,0.33071,0.60878,0.34202,0.51521,0.68238,0.78961,0.7379,0.37396,0.52361,0.49533,0.61177,0.31214,0.48933,0.59799,1,0.69105,0.25209,0.22171,0.29215,0.39905,0.23939,0.46925,0.25788,0.23578,0.30338,0.28383,0.37786,0.27939,0.26035,0.37588,0.39621,0.38957,0.40678,0.20537,0.27809,0.31647,0.41461,0.31879,0.13177,0.32294,0.11571,0.23414
0.69633,0.45987,0.69747,0.67953,0.63178,0.46679,0.74136,0.44999,0.44345,0.37601,0.69112,0.39277,0.57922,0.79563,0.72614,0.67439,0.37828,0.57997,0.55025,0.69959,0.35977,0.56953,0.70349,0.69105,1,0.25337,0.24096,0.26518,0.42388,0.23394,0.53557,0.26371,0.23923,0.30147,0.27906,0.37904,0.29542,0.30063,0.41246,0.42725,0.45694,0.38684,0.20774,0.25068,0.3305,0.41724,0.35839,0.11997,0.32301,0.11888,0.25678
0.27456,0.35425,0.2129,0.28873,0.3363,0.38684,0.24234,0.32862,0.36852,0.30869,0.32382,0.27653,0.29182,0.26734,0.26825,0.30079,0.38352,0.3728,0.28711,0.21223,0.32472,0.31247,0.29034,0.25209,0.25337,1,0.39893,0.40559,0.29435,0.40893,0.32021,0.31122,0.36153,0.45811,0.41587,0.38239,0.36436,0.30531,0.35085,0.44598,0.31361,0.27481,0.34312,0.3422,0.35081,0.45111,0.3385,0.24185,0.49705,0.27002,0.33486
0.27172,0.3999,0.20551,0.28475,0.30863,0.35549,0.22618,0.29283,0.33004,0.36811,0.30757,0.3023,0.30945,0.25486,0.24007,0.25784,0.35761,0.35152,0.31687,0.19085,0.3472,0.32678,0.31055,0.22171,0.24096,0.39893,1,0.27324,0.32988,0.34578,0.35109,0.40803,0.33985,0.38637,0.38615,0.34905,0.34657,0.44863,0.42935,0.44425,0.36026,0.24147,0.37839,0.26854,0.45611,0.39687,0.45032,0.18626,0.41728,0.27567,0.51295
0.28635,0.2944,0.22133,0.28813,0.30935,0.31816,0.27493,0.27404,0.28517,0.25262,0.31463,0.23244,0.28478,0.27664,0.29074,0.32568,0.28725,0.34206,0.2829,0.22187,0.25327,0.2728,0.28605,0.29215,0.26518,0.40559,0.27324,1,0.28083,0.3749,0.3324,0.30438,0.40877,0.38069,0.49004,0.3834,0.30395,0.23029,0.29812,0.34836,0.27989,0.30199,0.29737,0.42987,0.3188,0.36435,0.31041,0.32709,0.52441,0.18726,0.27728
0.54863,0.4357,0.36448,0.48106,0.51951,0.46658,0.40718,0.53565,0.43819,0.57644,0.48586,0.56843,0.66387,0.48871,0.43649,0.46251,0.35014,0.5206,0.6917,0.34114,0.4823,0.59028,0.51395,0.39905,0.42388,0.29435,0.32988,0.28083,1,0.30581,0.54389,0.38346,0.30434,0.38614,0.35655,0.44933,0.45824,0.31021,0.62832,0.54126,0.61323,0.52054,0.31343,0.3394,0.51819,0.55438,0.44485,0.14341,0.40767,0.15731,0.3756
0.26429,0.30803,0.19577,0.29375,0.3111,0.34627,0.2279,0.28643,0.31772,0.32568,0.30406,0.27774,0.29643,0.25232,0.24965,0.28127,0.33969,0.35065,0.29984,0.18893,0.33711,0.30107,0.2756,0.23939,0.23394,0.40893,0.34578,0.3749,0.30581,1,0.28016,0.34247,0.35819,0.42303,0.36682,0.36977,0.42778,0.2408,0.32777,0.41244,0.31483,0.33093,0.33137,0.44001,0.37571,0.41538,0.30615,0.25949,0.4982,0.23233,0.32072
0.60436,0.53201,0.44055,0.52574,0.56079,0.49793,0.49743,0.48679,0.45629,0.45805,0.56467,0.45313,0.6071,0.56856,0.50826,0.52459,0.36745,0.58847,0.60628,0.418,0.40758,0.57381,0.63279,0.46925,0.53557,0.32021,0.35109,0.3324,0.54389,0.28016,1,0.37893,0.34015,0.37517,0.41633,0.45629,0.35923,0.4116,0.57306,0.52624,0.55486,0.39196,0.29629,0.29709,0.48219,0.5044,0.54075,0.1583,0.44265,0.15896,0.40002
0.31351,0.32297,0.21139,0.28712,0.32667,0.31329,0.25856,0.29014,0.29276,0.31475,0.3107,0.28203,0.33784,0.2767,0.26189,0.29333,0.30056,0.34535,0.35395,0.20659,0.29191,0.31394,0.30923,0.25788,0.26371,0.31122,0.40803,0.30438,0.38346,0.34247,0.37893,1,0.33869,0.39045,0.36943,0.35054,0.31433,0.34352,0.40131,0.41472,0.37004,0.3049,0.46568,0.35825,0.61514,0.37425,0.52062,0.22611,0.43366,0.25788,0.54631
0.26517,0.3334,0.205,0.26986,0.29608,0.33152,0.22357,0.29328,0.31613,0.31491,0.28768,0.2795,0.28684,0.25648,0.24588,0.27457,0.2934,0.33154,0.29153,0.19552,0.29974,0.28916,0.28868,0.23578,0.23923,0.36153,0.33985,0.40877,0.30434,0.35819,0.34015,0.33869,1,0.39637,0.494,0.28947,0.33492,0.25742,0.34558,0.34276,0.29322,0.27823,0.28318,0.33521,0.33732,0.34454,0.35747,0.2654,0.46443,0.17988,0.31595
0.33227,0.37162,0.26546,0.35787,0.40383,0.4334,0.28533,0.39864,0.41468,0.35164,0.37937,0.32489,0.35575,0.32668,0.31708,0.36593,0.49045,0.44273,0.36129,0.24955,0.36808,0.38188,0.35506,0.30338,0.30147,0.45811,0.38637,0.38069,0.38614,0.42303,0.37517,0.39045,0.39637,1,0.43756,0.4683,0.38765,0.29556,0.39403,0.47699,0.37926,0.34652,0.45646,0.45897,0.45681,0.48308,0.37795,0.24157,0.56512,0.27986,0.38262
0.31681,0.36731,0.23353,0.3074,0.33003,0.35862,0.27947,0.33422,0.32824,0.32063,0.33466,0.2921,0.32813,0.30103,0.29971,0.33749,0.32692,0.37986,0.32923,0.23022,0.29207,0.32099,0.33547,0.28383,0.27906,0.41587,0.38615,0.49004,0.35655,0.36682,0.41633,0.36943,0.494,0.43756,1,0.39288,0.33766,0.31114,0.38597,0.39267,0.33071,0.30738,0.35411,0.39968,0.39785,0.41028,0.37959,0.2683,0.56993,0.22089,0.36165
0.42573,0.41625,0.3243,0.44492,0.46785,0.45933,0.37988,0.44766,0.41966,0.39649,0.47429,0.37626,0.45595,0.41245,0.4063,0.44485,0.39652,0.52608,0.45469,0.30802,0.40592,0.45463,0.42653,0.37786,0.37904,0.38239,0.34905,0.3834,0.44933,0.36977,0.45629,0.35054,0.28947,0.4683,0.39288,1,0.41342,0.31608,0.42879,0.55451,0.49147,0.41255,0.39851,0.40942,0.48115,0.54582,0.37472,0.18367,0.5242,0.21721,0.38133
0.3485,0.37964,0.26056,0.38053,0.39705,0.44164,0.27359,0.42276,0.39822,0.55993,0.37816,0.49378,0.44036,0.33468,0.30873,0.33546,0.3431,0.44019,0.44192,0.23579,0.57325,0.44734,0.3598,0.27939,0.29542,0.36436,0.34657,0.30395,0.45824,0.42778,0.35923,0.31433,0.33492,0.38765,0.33766,0.41342,1,0.2459,0.48239,0.50924,0.45679,0.43383,0.28485,0.3523,0.39936,0.52123,0.34213,0.16674,0.434,0.17066,0.33002
0.31339,0.41387,0.25475,0.30576,0.33702,0.3399,0.27544,0.28613,0.33265,0.3164,0.3424,0.27379,0.32527,0.2966,0.27982,0.28243,0.31471,0.35914,0.32745,0.24298,0.2955,0.33749,0.35104,0.26035,0.30063,0.30531,0.44863,0.23029,0.31021,0.2408,0.4116,0.34352,0.25742,0.29556,0.31114,0.31608,0.2459,1,0.39112,0.4054,0.36447,0.21033,0.30509,0.20173,0.40139,0.33195,0.50054,0.14156,0.32065,0.20956,0.47573
0.50729,0.51948,0.3582,0.48307,0.52178,0.51981,0.38455,0.47569,0.44834,0.62139,0.49355,0.53927,0.60076,0.45613,0.41018,0.42513,0.38357,0.54157,0.62173,0.32036,0.51802,0.60029,0.53096,0.37588,0.41246,0.35085,0.42935,0.29812,0.62832,0.32777,0.57306,0.40131,0.34558,0.39403,0.38597,0.42879,0.48239,0.39112,1,0.62213,0.59708,0.4105,0.30991,0.30009,0.52549,0.59958,0.54609,0.15715,0.43554,0.17371,0.43704
0.49451,0.55719,0.35074,0.51138,0.59735,0.61037,0.39469,0.50264,0.55287,0.56319,0.56725,0.48921,0.57774,0.46058,0.42885,0.46734,0.46161,0.65042,0.57895,0.32932,0.56137,0.58633,0.51503,0.39621,0.42725,0.44598,0.44425,0.34836,0.54126,0.41244,0.52624,0.41472,0.34276,0.47699,0.39267,0.55451,0.50924,0.4054,0.62213,1,0.64344,0.44544,0.36517,0.36535,0.57823,0.71767,0.51524,0.17768,0.5333,0.20834,0.45573
0.53152,0.51797,0.37762,0.51481,0.57837,0.54713,0.41123,0.52886,0.50539,0.60603,0.56994,0.56996,0.66968,0.49779,0.43485,0.4522,0.37916,0.60297,0.67569,0.35188,0.57769,0.63277,0.53691,0.38957,0.45694,0.31361,0.36026,0.27989,0.61323,0.31483,0.55486,0.37004,0.29322,0.37926,0.33071,0.49147,0.45679,0.36447,0.59708,0.64344,1,0.45513,0.30806,0.30519,0.52253,0.56424,0.48348,0.13777,0.42156,0.16765,0.41026
0.47453,0.34666,0.33128,0.43579,0.46893,0.41499,0.38465,0.47922,0.40817,0.43647,0.43982,0.44795,0.52566,0.44427,0.42144,0.47922,0.32329,0.46533,0.52749,0.33574,0.41157,0.45467,0.42411,0.40678,0.38684,0.27481,0.24147,0.30199,0.52054,0.33093,0.39196,0.3049,0.27823,0.34652,0.30738,0.41255,0.43383,0.21033,0.4105,0.44544,0.45513,1,0.25369,0.42802,0.3887,0.49486,0.30627,0.15308,0.39105,0.13368,0.25503
0.24028,0.26886,0.17213,0.23376,0.27169,0.27843,0.20354,0.26748,0.27112,0.25861,0.25669,0.23589,0.26094,0.22112,0.21543,0.24277,0.28628,0.29559,0.27084,0.16783,0.26225,0.25706,0.24076,0.20537,0.20774,0.34312,0.37839,0.29737,0.31343,0.33137,0.29629,0.46568,0.28318,0.45646,0.35411,0.39851,0.28485,0.30509,0.30991,0.36517,0.30806,0.25369,1,0.37995,0.4867,0.33018,0.36536,0.2319,0.41438,0.39487,0.48325
0.29188,0.27149,0.20859,0.28612,0.31846,0.31458,0.25727,0.31766,0.30477,0.2784,0.30643,0.2625,0.30757,0.27546,0.28101,0.3341,0.31715,0.34302,0.31126,0.21393,0.28042,0.28546,0.28009,0.27809,0.25068,0.3422,0.26854,0.42987,0.3394,0.44001,0.29709,0.35825,0.33521,0.45897,0.39968,0.40942,0.3523,0.20173,0.30009,0.36535,0.30519,0.42802,0.37995,1,0.38267,0.39008,0.28206,0.26506,0.50725,0.22006,0.27837
0.4044,0.41191,0.26837,0.37588,0.42813,0.42291,0.3189,0.38998,0.39253,0.43456,0.40467,0.38525,0.46013,0.35599,0.33122,0.36535,0.36431,0.46107,0.48476,0.25359,0.40314,0.42837,0.40093,0.31647,0.3305,0.35081,0.45611,0.3188,0.51819,0.37571,0.48219,0.61514,0.33732,0.45681,0.39785,0.48115,0.39936,0.40139,0.52549,0.57823,0.52253,0.3887,0.4867,0.38267,1,0.5096,0.5743,0.19969,0.49816,0.24051,0.61212
0.50202,0.50568,0.35613,0.50794,0.56796,0.60009,0.40411,0.53945,0.52388,0.54669,0.53779,0.49549,0.56938,0.46875,0.44412,0.49122,0.46306,0.61124,0.56506,0.33577,0.52066,0.58235,0.51235,0.41461,0.41724,0.45111,0.39687,0.36435,0.55438,0.41538,0.5044,0.37425,0.34454,0.48308,0.41028,0.54582,0.52123,0.33195,0.59958,0.71767,0.56424,0.49486,0.33018,0.39008,0.5096,1,0.43369,0.18301,0.54308,0.19406,0.38112
0.4056,0.4448,0.29075,0.37526,0.42694,0.40986,0.32921,0.35459,0.3812,0.40699,0.41264,0.35963,0.44393,0.3689,0.33601,0.3496,0.33773,0.44488,0.45822,0.27479,0.3742,0.42379,0.42198,0.31879,0.35839,0.3385,0.45032,0.31041,0.44485,0.30615,0.54075,0.52062,0.35747,0.37795,0.37959,0.37472,0.34213,0.50054,0.54609,0.51524,0.48348,0.30627,0.36536,0.28206,0.5743,0.43369,1,0.18008,0.42429,0.20068,0.58092
0.13055,0.14089,0.10302,0.13233,0.14339,0.15307,0.12249,0.13578,0.14555,0.13184,0.13923,0.1176,0.13449,0.12436,0.12725,0.14462,0.1679,0.15799,0.13707,0.1009,0.13381,0.13235,0.13413,0.13177,0.11997,0.24185,0.18626,0.32709,0.14341,0.25949,0.1583,0.22611,0.2654,0.24157,0.2683,0.18367,0.16674,0.14156,0.15715,0.17768,0.13777,0.15308,0.2319,0.26506,0.19969,0.18301,0.18008,1,0.2812,0.20451,0.19453
0.36072,0.4103,0.26403,0.36916,0.41132,0.43784,0.31405,0.40017,0.40982,0.38093,0.40787,0.3382,0.39435,0.34749,0.3362,0.38965,0.40602,0.47352,0.39551,0.25935,0.37886,0.39172,0.38335,0.32294,0.32301,0.49705,0.41728,0.52441,0.40767,0.4982,0.44265,0.43366,0.46443,0.56512,0.56993,0.5242,0.434,0.32065,0.43554,0.5333,0.42156,0.39105,0.41438,0.50725,0.49816,0.54308,0.42429,0.2812,1,0.24869,0.41364
0.1285,0.16695,0.10129,0.13391,0.15412,0.1678,0.11579,0.15472,0.16369,0.14701,0.14805,0.1323,0.13764,0.12284,0.12188,0.13714,0.20836,0.16802,0.14008,0.10036,0.15701,0.14634,0.13704,0.11571,0.11888,0.27002,0.27567,0.18726,0.15731,0.23233,0.15896,0.25788,0.17988,0.27986,0.22089,0.21721,0.17066,0.20956,0.17371,0.20834,0.16765,0.13368,0.39487,0.22006,0.24051,0.19406,0.20068,0.20451,0.24869,1,0.27046
0.29842,0.36102,0.21174,0.28774,0.32305,0.34327,0.24188,0.29734,0.31482,0.35355,0.31269,0.30686,0.33844,0.26855,0.2487,0.26549,0.30064,0.35731,0.35385,0.19483,0.3363,0.33461,0.31013,0.23414,0.25678,0.33486,0.51295,0.27728,0.3756,0.32072,0.40002,0.54631,0.31595,0.38262,0.36165,0.38133,0.33002,0.47573,0.43704,0.45573,0.41026,0.25503,0.48325,0.27837,0.61212,0.38112,0.58092,0.19453,0.41364,0.27046,1
