1,0.58763,0.48223,0.43879,0.51056,0.58216,0.52226,0.26344,0.50797,0.46178,0.35235,0.5763,0.5445,0.15199,0.093431,0.67674,0.82352,0.23851,0.40127,0.44342,0.1547,0.71101,0.38276,0.73355,0.11353,0.57292,0.34304,0.068556,0.81039,0.11238,0.11695,0.39882,0.61421,0.27481,0.055127,0.055371,0.51257,0.22406,0.25678,0.36543,0.13702,0.56835,0.30892,0.80599,0.052688,0.18479,0.19533,0.41098,0.27842,0.046695,0.090176
0.58763,1,0.74839,0.68514,0.31032,0.36082,0.3234,0.42947,0.7555,0.28678,0.56035,0.36141,0.33578,0.24704,0.15294,0.78872,0.57741,0.38891,0.24745,0.2731,0.25297,0.73727,0.2354,0.47608,0.18518,0.76696,0.54112,0.042095,0.56111,0.068806,0.07156,0.24538,0.82732,0.16921,0.090277,0.033856,0.32214,0.13789,0.15894,0.58962,0.083963,0.7627,0.49975,0.56555,0.085983,0.30088,0.3183,0.25637,0.4266,0.076405,0.14753
0.48223,0.74839,1,0.81619,0.25107,0.28902,0.2595,0.535,0.7987,0.23103,0.70661,0.2922,0.27143,0.31168,0.19168,0.6704,0.46937,0.48319,0.19896,0.2187,0.31676,0.61363,0.18812,0.38447,0.23292,0.71823,0.65791,0.033694,0.45241,0.054924,0.057117,0.1964,0.72688,0.13509,0.11327,0.027024,0.2592,0.1105,0.12771,0.73013,0.066996,0.71911,0.61126,0.45584,0.10772,0.37397,0.39581,0.2062,0.50994,0.095635,0.18423
0.43879,0.68514,0.81619,1,0.22979,0.26636,0.23905,0.56653,0.76393,0.21316,0.72253,0.26915,0.24977,0.33225,0.20563,0.61014,0.43035,0.51208,0.18342,0.20156,0.33874,0.56322,0.17341,0.35459,0.25079,0.66394,0.67463,0.031145,0.41606,0.050752,0.052768,0.18105,0.6639,0.12474,0.12176,0.024985,0.23898,0.10203,0.11799,0.7518,0.061898,0.6655,0.64104,0.41919,0.11578,0.39867,0.42196,0.19008,0.52385,0.10287,0.19776
0.51056,0.31032,0.25107,0.22979,1,0.80423,0.83604,0.13666,0.26806,0.76334,0.18224,0.7632,0.81032,0.07847,0.048334,0.35605,0.5153,0.12401,0.73769,0.81129,0.080113,0.38349,0.71742,0.61522,0.058744,0.30827,0.18091,0.13173,0.52742,0.21684,0.22599,0.74704,0.32567,0.51758,0.028501,0.10718,0.75066,0.4257,0.4766,0.19041,0.2637,0.30574,0.16089,0.51915,0.027349,0.096019,0.10133,0.71519,0.14931,0.024157,0.046656
0.58216,0.36082,0.28902,0.26636,0.80423,1,0.81957,0.15934,0.3106,0.71036,0.21073,0.78993,0.79558,0.090992,0.056271,0.41198,0.59164,0.14421,0.64831,0.72434,0.093344,0.44589,0.63048,0.70015,0.068206,0.35636,0.20922,0.11352,0.60751,0.18688,0.19472,0.65329,0.37725,0.45147,0.033114,0.092271,0.73882,0.36834,0.41567,0.22092,0.22759,0.35306,0.18706,0.59895,0.031759,0.11155,0.1178,0.64737,0.17211,0.028078,0.054262
0.52226,0.3234,0.2595,0.23905,0.83604,0.81957,1,0.14255,0.27885,0.74531,0.1891,0.7728,0.79632,0.081738,0.050447,0.36923,0.53433,0.12942,0.70657,0.7746,0.083688,0.39829,0.68385,0.63481,0.06124,0.32076,0.18839,0.12569,0.54562,0.20683,0.21548,0.70816,0.33885,0.49203,0.029741,0.10233,0.74664,0.40581,0.45449,0.19824,0.25134,0.31797,0.16756,0.53606,0.028541,0.10009,0.10557,0.68744,0.15533,0.025203,0.048665
0.26344,0.42947,0.535,0.56653,0.13666,0.15934,0.14255,1,0.48586,0.12742,0.70357,0.16029,0.14864,0.55646,0.34978,0.37429,0.25831,0.78446,0.10917,0.12049,0.57167,0.34609,0.10345,0.21169,0.41874,0.41865,0.64576,0.018527,0.25035,0.030184,0.031368,0.10782,0.40954,0.0745,0.20559,0.014832,0.14321,0.060773,0.070383,0.68157,0.036847,0.41999,0.7512,0.25303,0.19358,0.64708,0.68734,0.11358,0.58748,0.17346,0.33314
0.50797,0.7555,0.7987,0.76393,0.26806,0.3106,0.27885,0.48586,1,0.2485,0.62786,0.31285,0.29043,0.28336,0.17551,0.68921,0.49867,0.43946,0.21395,0.23535,0.28948,0.643,0.20253,0.41155,0.2139,0.72547,0.59952,0.036394,0.48295,0.059423,0.06177,0.21142,0.74555,0.14586,0.10384,0.029244,0.2786,0.11915,0.13764,0.65896,0.072457,0.72799,0.55948,0.48637,0.098761,0.3425,0.36222,0.22176,0.47286,0.087837,0.16899
0.46178,0.28678,0.23103,0.21316,0.76334,0.71036,0.74531,0.12742,0.2485,1,0.16907,0.68182,0.7167,0.07316,0.0452,0.32806,0.47028,0.11543,0.71773,0.75471,0.074804,0.35366,0.69821,0.55845,0.054873,0.28522,0.16836,0.13787,0.48326,0.22684,0.23634,0.7252,0.30152,0.52994,0.026696,0.11266,0.6898,0.43651,0.48637,0.1772,0.2753,0.28314,0.15008,0.47713,0.025621,0.089744,0.094723,0.68456,0.13945,0.022645,0.043697
0.35235,0.56035,0.70661,0.72253,0.18224,0.21073,0.1891,0.70357,0.62786,0.16907,1,0.21296,0.19785,0.42386,0.26055,0.49641,0.34238,0.63725,0.14499,0.15952,0.42907,0.45407,0.13731,0.2806,0.31639,0.54592,0.72581,0.024624,0.33108,0.040101,0.041693,0.14323,0.53762,0.098781,0.15441,0.019727,0.18994,0.080707,0.093416,0.8144,0.048945,0.54783,0.75775,0.33414,0.14617,0.50011,0.53007,0.15059,0.5866,0.1304,0.25059
0.5763,0.36141,0.2922,0.26915,0.7632,0.78993,0.7728,0.16029,0.31285,0.68182,0.21296,1,0.78152,0.092345,0.056969,0.41263,0.59439,0.14591,0.6344,0.68151,0.094322,0.4414,0.59765,0.69953,0.069188,0.36059,0.21283,0.11093,0.60001,0.1814,0.18903,0.62599,0.38017,0.43011,0.03364,0.089938,0.71,0.3588,0.40565,0.22372,0.22019,0.35823,0.18811,0.58795,0.032294,0.11264,0.11881,0.62467,0.1749,0.028454,0.054865
0.5445,0.33578,0.27143,0.24977,0.81032,0.79558,0.79632,0.14864,0.29043,0.7167,0.19785,0.78152,1,0.08559,0.05274,0.38476,0.55176,0.13508,0.67518,0.72924,0.087333,0.41236,0.64148,0.6553,0.064092,0.33448,0.19712,0.12006,0.56322,0.19648,0.20474,0.67308,0.35283,0.46626,0.031134,0.097387,0.72346,0.38621,0.43494,0.20725,0.23852,0.33131,0.17462,0.5538,0.029891,0.10449,0.11027,0.6583,0.16258,0.026374,0.050859
0.15199,0.24704,0.31168,0.33225,0.07847,0.090992,0.081738,0.55646,0.28336,0.07316,0.42386,0.092345,0.08559,1,0.5997,0.21621,0.14864,0.59756,0.062698,0.068768,0.84468,0.19846,0.059186,0.12178,0.71674,0.24409,0.40443,0.010628,0.14369,0.017251,0.017929,0.061752,0.23632,0.042596,0.3596,0.0084782,0.082332,0.034852,0.040485,0.40395,0.021059,0.24562,0.46333,0.14513,0.33357,0.70786,0.69855,0.065315,0.42173,0.30069,0.56603
0.093431,0.15294,0.19168,0.20563,0.048334,0.056271,0.050447,0.34978,0.17551,0.0452,0.26055,0.056969,0.05274,0.5997,1,0.13324,0.09166,0.37725,0.038691,0.042505,0.58693,0.12284,0.036557,0.07517,0.75551,0.15109,0.25246,0.0065706,0.088769,0.010658,0.011074,0.038125,0.14594,0.026347,0.57131,0.0052371,0.050895,0.021538,0.025046,0.24978,0.013014,0.15196,0.29009,0.08974,0.51214,0.47196,0.45492,0.040381,0.27419,0.47546,0.7742
0.67674,0.78872,0.6704,0.61014,0.35605,0.41198,0.36923,0.37429,0.68921,0.32806,0.49641,0.41263,0.38476,0.21621,0.13324,1,0.65479,0.33826,0.28318,0.31293,0.2206,0.81021,0.26931,0.54063,0.16168,0.73971,0.47731,0.048218,0.63334,0.078788,0.081943,0.28062,0.8056,0.1934,0.078689,0.038772,0.36689,0.1578,0.18168,0.5157,0.096111,0.73374,0.43668,0.63715,0.075019,0.26267,0.27763,0.29186,0.38012,0.0666,0.12855
0.82352,0.57741,0.46937,0.43035,0.5153,0.59164,0.53433,0.25831,0.49867,0.47028,0.34238,0.59439,0.55176,0.14864,0.09166,0.65479,1,0.23444,0.41099,0.45303,0.15198,0.69288,0.39021,0.76037,0.11136,0.56636,0.33797,0.069819,0.81493,0.11443,0.11903,0.40691,0.60553,0.27845,0.054126,0.056367,0.52232,0.22872,0.2615,0.3589,0.13937,0.56298,0.30253,0.79641,0.051765,0.18122,0.19116,0.42018,0.27363,0.045782,0.088339
0.23851,0.38891,0.48319,0.51208,0.12401,0.14421,0.12942,0.78446,0.43946,0.11543,0.63725,0.14591,0.13508,0.59756,0.37725,0.33826,0.23444,1,0.099242,0.10899,0.61108,0.31127,0.094009,0.19257,0.45292,0.38081,0.59887,0.016866,0.22739,0.027445,0.02852,0.097985,0.37182,0.067683,0.2248,0.013492,0.1302,0.055267,0.064054,0.62056,0.033495,0.38267,0.69157,0.22965,0.21141,0.68091,0.71943,0.10325,0.56537,0.18949,0.3626
0.40127,0.24745,0.19896,0.18342,0.73769,0.64831,0.70657,0.10917,0.21395,0.71773,0.14499,0.6344,0.67518,0.062698,0.038691,0.28318,0.41099,0.099242,1,0.77864,0.064091,0.30493,0.77212,0.49475,0.046993,0.24657,0.14515,0.16178,0.41989,0.26587,0.2772,0.79455,0.25989,0.60294,0.022827,0.13233,0.65047,0.51098,0.55712,0.15217,0.32155,0.24507,0.12837,0.41294,0.021945,0.076693,0.080917,0.7173,0.12013,0.019337,0.037307
0.44342,0.2731,0.2187,0.20156,0.81129,0.72434,0.7746,0.12049,0.23535,0.75471,0.15952,0.68151,0.72924,0.068768,0.042505,0.31293,0.45303,0.10899,0.77864,1,0.070424,0.33936,0.79308,0.54196,0.051553,0.27057,0.15858,0.14894,0.46536,0.24648,0.25676,0.80977,0.2859,0.58238,0.025035,0.12177,0.71209,0.47842,0.52567,0.16702,0.29959,0.26828,0.14165,0.45851,0.024015,0.084502,0.089152,0.73299,0.13139,0.02124,0.041023
0.1547,0.25297,0.31676,0.33874,0.080113,0.093344,0.083688,0.57167,0.28948,0.074804,0.42907,0.094322,0.087333,0.84468,0.58693,0.2206,0.15198,0.61108,0.064091,0.070424,1,0.20295,0.060639,0.12452,0.69072,0.24908,0.41063,0.010876,0.14703,0.017674,0.018363,0.063201,0.24143,0.043645,0.34966,0.0086835,0.084219,0.03568,0.041414,0.41155,0.021578,0.25046,0.47471,0.14855,0.32451,0.7176,0.70969,0.066843,0.42473,0.29316,0.55388
0.71101,0.73727,0.61363,0.56322,0.38349,0.44589,0.39829,0.34609,0.643,0.35366,0.45407,0.4414,0.41236,0.19846,0.12284,0.81021,0.69288,0.31127,0.30493,0.33936,0.20295,1,0.29137,0.57546,0.14865,0.69651,0.4396,0.052111,0.67212,0.085374,0.08877,0.3028,0.75466,0.20938,0.072377,0.042015,0.39445,0.17048,0.196,0.47317,0.10413,0.69154,0.4027,0.67671,0.069007,0.24181,0.25567,0.31457,0.35335,0.061339,0.11838
0.38276,0.2354,0.18812,0.17341,0.71742,0.63048,0.68385,0.10345,0.20253,0.69821,0.13731,0.59765,0.64148,0.059186,0.036557,0.26931,0.39021,0.094009,0.77212,0.79308,0.060639,0.29137,1,0.46833,0.044348,0.23316,0.13669,0.17229,0.40154,0.28552,0.29774,0.82385,0.24629,0.66273,0.021543,0.14138,0.63717,0.54495,0.58949,0.14387,0.34696,0.23131,0.12213,0.39661,0.020678,0.072789,0.076829,0.71656,0.11343,0.018289,0.035358
0.73355,0.47608,0.38447,0.35459,0.61522,0.70015,0.63481,0.21169,0.41155,0.55845,0.2806,0.69953,0.6553,0.12178,0.07517,0.54063,0.76037,0.19257,0.49475,0.54196,0.12452,0.57546,0.46833,1,0.091342,0.47125,0.27895,0.084733,0.75443,0.13882,0.14445,0.49021,0.49939,0.33534,0.044387,0.068499,0.61317,0.27684,0.3148,0.29453,0.16885,0.46704,0.24822,0.73717,0.042534,0.14863,0.15677,0.50149,0.22739,0.037552,0.072432
0.11353,0.18518,0.23292,0.25079,0.058744,0.068206,0.06124,0.41874,0.2139,0.054873,0.31639,0.069188,0.064092,0.71674,0.75551,0.16168,0.11136,0.45292,0.046993,0.051553,0.69072,0.14865,0.044348,0.091342,1,0.1833,0.30567,0.0079753,0.10771,0.012939,0.013444,0.046296,0.17706,0.031954,0.47381,0.0063599,0.061765,0.026152,0.030405,0.30272,0.015794,0.18447,0.34971,0.10881,0.43269,0.56127,0.54274,0.049006,0.32694,0.39509,0.7048
0.57292,0.76696,0.71823,0.66394,0.30827,0.35636,0.32076,0.41865,0.72547,0.28522,0.54592,0.36059,0.33448,0.24409,0.15109,0.73971,0.56636,0.38081,0.24657,0.27057,0.24908,0.69651,0.23316,0.47125,0.1833,1,0.5388,0.042276,0.55147,0.068716,0.071443,0.2442,0.79104,0.1682,0.089631,0.033853,0.32109,0.13794,0.15934,0.57709,0.083733,0.74455,0.48639,0.55417,0.085772,0.29632,0.313,0.25616,0.42397,0.075809,0.1458
0.34304,0.54112,0.65791,0.67463,0.18091,0.20922,0.18839,0.64576,0.59952,0.16836,0.72581,0.21283,0.19712,0.40443,0.25246,0.47731,0.33797,0.59887,0.14515,0.15858,0.41063,0.4396,0.13669,0.27895,0.30567,0.5388,1,0.024819,0.32677,0.040195,0.041762,0.14299,0.52332,0.098446,0.15098,0.019811,0.18923,0.081047,0.093694,0.74601,0.048959,0.5305,0.68567,0.32909,0.14414,0.47466,0.50094,0.15074,0.56379,0.1273,0.24262
0.068556,0.042095,0.033694,0.031145,0.13173,0.11352,0.12569,0.018527,0.036394,0.13787,0.024624,0.11093,0.12006,0.010628,0.0065706,0.048218,0.069819,0.016866,0.16178,0.14894,0.010876,0.052111,0.17229,0.084733,0.0079753,0.042276,0.024819,1,0.072246,0.52315,0.51417,0.166,0.044181,0.23377,0.003883,0.6063,0.1231,0.27996,0.23768,0.025838,0.4459,0.041803,0.021958,0.071364,0.0037573,0.013114,0.013824,0.15313,0.020905,0.0033015,0.0063709
0.81039,0.56111,0.45241,0.41606,0.52742,0.60751,0.54562,0.25035,0.48295,0.48326,0.33108,0.60001,0.56322,0.14369,0.088769,0.63334,0.81493,0.22739,0.41989,0.46536,0.14703,0.67212,0.40154,0.75443,0.10771,0.55147,0.32677,0.072246,1,0.11939,0.1241,0.42332,0.59921,0.29459,0.052647,0.058538,0.5506,0.2371,0.27085,0.35105,0.14591,0.5467,0.29971,0.91717,0.050215,0.17848,0.18847,0.43349,0.2656,0.0447,0.086621
0.11238,0.068806,0.054924,0.050752,0.21684,0.18688,0.20683,0.030184,0.059423,0.22684,0.040101,0.1814,0.19648,0.017251,0.010658,0.078788,0.11443,0.027445,0.26587,0.24648,0.017674,0.085374,0.28552,0.13882,0.012939,0.068716,0.040195,0.52315,0.11939,1,0.89005,0.27622,0.072424,0.39866,0.0063034,0.47996,0.20372,0.46291,0.38697,0.042189,0.79129,0.068183,0.036019,0.11806,0.0060625,0.021467,0.022625,0.25171,0.033796,0.0053676,0.010391
0.11695,0.07156,0.057117,0.052768,0.22599,0.19472,0.21548,0.031368,0.06177,0.23634,0.041693,0.18903,0.20474,0.017929,0.011074,0.081943,0.11903,0.02852,0.2772,0.25676,0.018363,0.08877,0.29774,0.14445,0.013444,0.071443,0.041762,0.51417,0.1241,0.89005,1,0.28787,0.075303,0.41624,0.006545,0.46758,0.21149,0.48122,0.40348,0.043859,0.83584,0.070922,0.03741,0.12283,0.006293,0.022284,0.023503,0.26209,0.035126,0.0055715,0.01079
0.39882,0.24538,0.1964,0.18105,0.74704,0.65329,0.70816,0.10782,0.21142,0.7252,0.14323,0.62599,0.67308,0.061752,0.038125,0.28062,0.40691,0.097985,0.79455,0.80977,0.063201,0.3028,0.82385,0.49021,0.046296,0.2442,0.14299,0.166,0.42332,0.27622,0.28787,1,0.25826,0.65668,0.022526,0.13617,0.67559,0.5311,0.5825,0.15077,0.33656,0.24226,0.128,0.41792,0.021619,0.076283,0.080473,0.74089,0.11851,0.019125,0.036996
0.61421,0.82732,0.72688,0.6639,0.32567,0.37725,0.33885,0.40954,0.74555,0.30152,0.53762,0.38017,0.35283,0.23632,0.14594,0.8056,0.60553,0.37182,0.25989,0.2859,0.24143,0.75466,0.24629,0.49939,0.17706,0.79104,0.52332,0.044181,0.59921,0.072424,0.075303,0.25826,1,0.17865,0.086562,0.035573,0.3406,0.14511,0.16718,0.57356,0.088444,0.78279,0.48592,0.60461,0.082359,0.29084,0.30776,0.26951,0.41401,0.073317,0.14183
0.27481,0.16921,0.13509,0.12474,0.51758,0.45147,0.49203,0.0745,0.14586,0.52994,0.098781,0.43011,0.46626,0.042596,0.026347,0.1934,0.27845,0.067683,0.60294,0.58238,0.043645,0.20938,0.66273,0.33534,0.031954,0.1682,0.098446,0.23377,0.29459,0.39866,0.41624,0.65668,0.17865,1,0.015607,0.19607,0.48699,0.68092,0.67025,0.10425,0.49014,0.167,0.089349,0.29279,0.014951,0.053205,0.056182,0.57176,0.082283,0.013301,0.02579
0.055127,0.090277,0.11327,0.12176,0.028501,0.033114,0.029741,0.20559,0.10384,0.026696,0.15441,0.03364,0.031134,0.3596,0.57131,0.078689,0.054126,0.2248,0.022827,0.025035,0.34966,0.072377,0.021543,0.044387,0.47381,0.089631,0.15098,0.003883,0.052647,0.0063034,0.006545,0.022526,0.086562,0.015607,1,0.0030921,0.030184,0.012738,0.014817,0.14859,0.0077006,0.090175,0.17398,0.053237,0.71389,0.28948,0.27657,0.023872,0.1672,0.77605,0.59365
0.055371,0.033856,0.027024,0.024985,0.10718,0.092271,0.10233,0.014832,0.029244,0.11266,0.019727,0.089938,0.097387,0.0084782,0.0052371,0.038772,0.056367,0.013492,0.13233,0.12177,0.0086835,0.042015,0.14138,0.068499,0.0063599,0.033853,0.019811,0.6063,0.058538,0.47996,0.46758,0.13617,0.035573,0.19607,0.0030921,1,0.10027,0.23347,0.19729,0.020724,0.39564,0.033597,0.017652,0.057925,0.00298,0.010519,0.011091,0.1254,0.016714,0.0026319,0.0050942
0.51257,0.32214,0.2592,0.23898,0.75066,0.73882,0.74664,0.14321,0.2786,0.6898,0.18994,0.71,0.72346,0.082332,0.050895,0.36689,0.52232,0.1302,0.65047,0.71209,0.084219,0.39445,0.63717,0.61317,0.061765,0.32109,0.18923,0.1231,0.5506,0.20372,0.21149,0.67559,0.3406,0.48699,0.030184,0.10027,1,0.39677,0.4384,0.20006,0.24795,0.31756,0.1707,0.5418,0.028918,0.10205,0.10748,0.65053,0.15623,0.025632,0.049562
0.22406,0.13789,0.1105,0.10203,0.4257,0.36834,0.40581,0.060773,0.11915,0.43651,0.080707,0.3588,0.38621,0.034852,0.021538,0.1578,0.22872,0.055267,0.51098,0.47842,0.03568,0.17048,0.54495,0.27684,0.026152,0.13794,0.081047,0.27996,0.2371,0.46291,0.48122,0.5311,0.14511,0.68092,0.012738,0.23347,0.39677,1,0.63582,0.084818,0.55061,0.13667,0.072069,0.23387,0.012259,0.043048,0.04537,0.48108,0.067763,0.010823,0.020894
0.25678,0.15894,0.12771,0.11799,0.4766,0.41567,0.45449,0.070383,0.13764,0.48637,0.093416,0.40565,0.43494,0.040485,0.025046,0.18168,0.2615,0.064054,0.55712,0.52567,0.041414,0.196,0.58949,0.3148,0.030405,0.15934,0.093694,0.23768,0.27085,0.38697,0.40348,0.5825,0.16718,0.67025,0.014817,0.19729,0.4384,0.63582,1,0.098222,0.46162,0.15755,0.083383,0.2677,0.014246,0.049891,0.052617,0.52897,0.078393,0.012586,0.024282
0.36543,0.58962,0.73013,0.7518,0.19041,0.22092,0.19824,0.68157,0.65896,0.1772,0.8144,0.22372,0.20725,0.40395,0.24978,0.5157,0.3589,0.62056,0.15217,0.16702,0.41155,0.47317,0.14387,0.29453,0.30272,0.57709,0.74601,0.025838,0.35105,0.042189,0.043859,0.15077,0.57356,0.10425,0.14859,0.020724,0.20006,0.084818,0.098222,1,0.051537,0.57936,0.79433,0.35499,0.14056,0.49214,0.52281,0.1584,0.58801,0.12557,0.24282
0.13702,0.083963,0.066996,0.061898,0.2637,0.22759,0.25134,0.036847,0.072457,0.2753,0.048945,0.22019,0.23852,0.021059,0.013014,0.096111,0.13937,0.033495,0.32155,0.29959,0.021578,0.10413,0.34696,0.16885,0.015794,0.083733,0.048959,0.4459,0.14591,0.79129,0.83584,0.33656,0.088444,0.49014,0.0077006,0.39564,0.24795,0.55061,0.46162,0.051537,1,0.083159,0.04408,0.14449,0.0073932,0.026257,0.027686,0.30454,0.041143,0.0065605,0.012713
0.56835,0.7627,0.71911,0.6655,0.30574,0.35306,0.31797,0.41999,0.72799,0.28314,0.54783,0.35823,0.33131,0.24562,0.15196,0.73374,0.56298,0.38267,0.24507,0.26828,0.25046,0.69154,0.23131,0.46704,0.18447,0.74455,0.5305,0.041803,0.5467,0.068183,0.070922,0.24226,0.78279,0.167,0.090175,0.033597,0.31756,0.13667,0.15755,0.57936,0.083159,1,0.48998,0.54995,0.085791,0.29858,0.3152,0.25311,0.42354,0.07627,0.14681
0.30892,0.49975,0.61126,0.64104,0.16089,0.18706,0.16756,0.7512,0.55948,0.15008,0.75775,0.18811,0.17462,0.46333,0.29009,0.43668,0.30253,0.69157,0.12837,0.14165,0.47471,0.4027,0.12213,0.24822,0.34971,0.48639,0.68567,0.021958,0.29971,0.036019,0.03741,0.128,0.48592,0.089349,0.17398,0.017652,0.1707,0.072069,0.083383,0.79433,0.04408,0.48998,1,0.30392,0.16319,0.58581,0.62412,0.13402,0.58627,0.14783,0.28769
0.80599,0.56555,0.45584,0.41919,0.51915,0.59895,0.53606,0.25303,0.48637,0.47713,0.33414,0.58795,0.5538,0.14513,0.08974,0.63715,0.79641,0.22965,0.41294,0.45851,0.14855,0.67671,0.39661,0.73717,0.10881,0.55417,0.32909,0.071364,0.91717,0.11806,0.12283,0.41792,0.60461,0.29279,0.053237,0.057925,0.5418,0.23387,0.2677,0.35499,0.14449,0.54995,0.30392,1,0.05074,0.18076,0.19123,0.4266,0.26784,0.045253,0.087769
0.052688,0.085983,0.10772,0.11578,0.027349,0.031759,0.028541,0.19358,0.098761,0.025621,0.14617,0.032294,0.029891,0.33357,0.51214,0.075019,0.051765,0.21141,0.021945,0.024015,0.32451,0.069007,0.020678,0.042534,0.43269,0.085772,0.14414,0.0037573,0.050215,0.0060625,0.006293,0.021619,0.082359,0.014951,0.71389,0.00298,0.028918,0.012259,0.014246,0.14056,0.0073932,0.085791,0.16319,0.05074,1,0.2678,0.25606,0.02296,0.15856,0.65431,0.51692
0.18479,0.30088,0.37397,0.39867,0.096019,0.11155,0.10009,0.64708,0.3425,0.089744,0.50011,0.11264,0.10449,0.70786,0.47196,0.26267,0.18122,0.68091,0.076693,0.084502,0.7176,0.24181,0.072789,0.14863,0.56127,0.29632,0.47466,0.013114,0.17848,0.021467,0.022284,0.076283,0.29084,0.053205,0.28948,0.010519,0.10205,0.043048,0.049891,0.49214,0.026257,0.29858,0.58581,0.18076,0.2678,1,0.86467,0.080192,0.47908,0.24592,0.47664
0.19533,0.3183,0.39581,0.42196,0.10133,0.1178,0.10557,0.68734,0.36222,0.094723,0.53007,0.11881,0.11027,0.69855,0.45492,0.27763,0.19116,0.71943,0.080917,0.089152,0.70969,0.25567,0.076829,0.15677,0.54274,0.313,0.50094,0.013824,0.18847,0.022625,0.023503,0.080473,0.30776,0.056182,0.27657,0.011091,0.10748,0.04537,0.052617,0.52281,0.027686,0.3152,0.62412,0.19123,0.25606,0.86467,1,0.0846,0.50067,0.2349,0.45783
0.41098,0.25637,0.2062,0.19008,0.71519,0.64737,0.68744,0.11358,0.22176,0.68456,0.15059,0.62467,0.6583,0.065315,0.040381,0.29186,0.42018,0.10325,0.7173,0.73299,0.066843,0.31457,0.71656,0.50149,0.049006,0.25616,0.15074,0.15313,0.43349,0.25171,0.26209,0.74089,0.26951,0.57176,0.023872,0.1254,0.65053,0.48108,0.52897,0.1584,0.30454,0.25311,0.13402,0.4266,0.02296,0.080192,0.0846,1,0.12487,0.020236,0.039044
0.27842,0.4266,0.50994,0.52385,0.14931,0.17211,0.15533,0.58748,0.47286,0.13945,0.5866,0.1749,0.16258,0.42173,0.27419,0.38012,0.27363,0.56537,0.12013,0.13139,0.42473,0.35335,0.11343,0.22739,0.32694,0.42397,0.56379,0.020905,0.2656,0.033796,0.035126,0.11851,0.41401,0.082283,0.1672,0.016714,0.15623,0.067763,0.078393,0.58801,0.041143,0.42354,0.58627,0.26784,0.15856,0.47908,0.50067,0.12487,1,0.14154,0.26375
0.046695,0.076405,0.095635,0.10287,0.024157,0.028078,0.025203,0.17346,0.087837,0.022645,0.1304,0.028454,0.026374,0.30069,0.47546,0.0666,0.045782,0.18949,0.019337,0.02124,0.29316,0.061339,0.018289,0.037552,0.39509,0.075809,0.1273,0.0033015,0.0447,0.0053676,0.0055715,0.019125,0.073317,0.013301,0.77605,0.0026319,0.025632,0.010823,0.012586,0.12557,0.0065605,0.07627,0.14783,0.045253,0.65431,0.24592,0.2349,0.020236,0.14154,1,0.50339
0.090176,0.14753,0.18423,0.19776,0.046656,0.054262,0.048665,0.33314,0.16899,0.043697,0.25059,0.054865,0.050859,0.56603,0.7742,0.12855,0.088339,0.3626,0.037307,0.041023,0.55388,0.11838,0.035358,0.072432,0.7048,0.1458,0.24262,0.0063709,0.086621,0.010391,0.01079,0.036996,0.14183,0.02579,0.59365,0.0050942,0.049562,0.020894,0.024282,0.24282,0.012713,0.14681,0.28769,0.087769,0.51692,0.47664,0.45783,0.039044,0.26375,0.50339,1
