1,0.00056815,9.9653e-05,1.9141e-06,0.00015604,0.0039811,0.00083021,2.4164e-05,3.2709e-07,0.0017469,0.001833,2.8563e-05,0.0030825,0.0015987,0.00050284,6.2328e-06,3.6676e-05,0.0011248,1.3076e-05,0.00013146,0.00032248,0.00093038,0.00053648,3.9333e-05,1.4248e-05,0.0005113,0.00015035,1.0863e-05,0.00062507,0.0019672,1.0579e-06,7.7128e-06,0.00014584,0.00036877,0.00049102,8.6224e-05,0.00022168,0.002046,2.3353e-05,6.4597e-05,3.3774e-05,0.0014007,0.00061793,0.0058845,9.6046e-06,6.5954e-05,6.9421e-06,0.00024255,1.4979e-05,0.0013048,0.0018267,0.00046963,0.00019771,0.019288,3.5371e-05,0.0026508,0.00062783,0.00017064,0.0045638,2.0164e-05,0.00011288,9.6621e-06,0.00030995,0.00016631
0.00056815,1,0.00027154,7.7372e-08,4.0515e-06,0.0002455,0.00082931,2.4035e-05,7.003e-07,0.0040165,1.1378e-05,2.8894e-06,0.0036034,0.004694,1.4268e-05,4.8001e-07,0.00072961,0.0096141,0.001361,0.00017404,0.0033854,0.048336,0.010439,1.3742e-06,0.00033843,0.0024926,6.1211e-06,0.00091515,0.00058165,5.5783e-05,1.8645e-06,1.159e-06,0.00010362,0.00018054,0.0013267,1.5249e-05,7.3861e-06,6.1323e-05,0.00033274,1.85e-05,8.6651e-05,0.0013631,3.1136e-06,0.0018552,9.318e-08,1.0435e-05,1.9115e-05,0.014074,4.1975e-05,1.0359e-05,0.00049266,0.00054473,0.00056071,0.00020186,2.1573e-06,3.7314e-05,0.001861,0.0023381,0.0038549,8.9072e-08,0.0023237,4.6097e-07,0.00043848,0.0010835
9.9653e-05,0.00027154,1,7.5027e-07,0.00010081,0.0020788,0.00085697,0.00010585,0.00020005,0.010972,3.6217e-05,4.6246e-05,0.0012271,0.0042992,3.7499e-05,1.8816e-05,0.016453,0.00071646,0.0021385,0.0030453,0.011046,0.00031744,0.011162,7.6219e-07,0.00077435,0.0041437,9.2947e-05,0.0027794,0.0012835,0.0014452,0.00032109,0.00035121,5.8348e-06,7.8075e-05,0.00020642,0.00024631,9.5361e-05,4.6668e-05,5.1567e-06,4.3958e-05,2.2102e-05,0.00098029,5.9468e-06,0.00019803,3.2121e-07,1.0894e-06,0.0033257,2.834e-05,0.0013896,7.5915e-06,0.0016219,0.00036812,5.2824e-06,7.5082e-05,1.6304e-06,5.7263e-05,0.00028311,7.4259e-05,0.00032425,5.375e-08,6.7347e-06,1.4835e-06,9.2198e-06,6.3992e-06
1.9141e-06,7.7372e-08,7.5027e-07,1,3.6749e-05,8.0473e-06,9.4524e-06,2.1881e-06,2.3885e-07,1.2415e-06,2.599e-05,0.0014939,1.7204e-06,1.1055e-06,0.00044425,1.5916e-05,1.9139e-07,2.6361e-07,4.6039e-08,6.2913e-07,3.937e-07,1.1453e-07,3.3478e-07,0.0011528,3.3771e-07,4.5891e-07,0.00014119,4.7271e-08,1.1178e-06,1.6244e-05,8.2481e-07,3.7447e-05,4.9646e-06,2.5775e-05,7.3567e-07,2.5642e-06,2.9183e-05,1.0527e-05,8.6555e-09,2.3699e-05,8.1955e-08,9.9555e-07,1.0015e-05,9.5448e-07,4.4522e-05,1.0337e-05,8.3441e-07,2.3596e-08,1.6438e-06,6.789e-07,5.7194e-06,3.4755e-05,6.3919e-08,4.91e-06,6.2681e-06,2.5858e-05,2.1765e-06,1.3876e-06,3.0003e-07,2.481e-07,1.8318e-08,0.0022172,3.9572e-07,1.5707e-08
0.00015604,4.0515e-06,0.00010081,3.6749e-05,1,0.0013055,0.00078035,8.9664e-05,1.9324e-05,0.00015428,0.00036214,8.262e-05,0.00016496,8.3636e-05,0.00030111,0.0061791,2.5063e-05,1.2245e-05,4.0528e-06,6.0727e-05,5.5102e-05,4.4471e-06,3.8779e-05,1.0734e-05,1.9734e-05,5.0628e-05,0.00020713,2.5098e-06,0.00017916,0.011941,6.008e-05,0.0011194,2.1712e-06,2.1331e-05,6.3709e-06,2.9164e-05,0.00019675,0.00012108,1.0714e-07,1.9686e-05,6.5244e-07,3.2487e-05,6.2627e-05,3.1254e-05,2.935e-06,1.8901e-06,2.6392e-05,8.8061e-07,2.5851e-05,1.9142e-05,0.0001226,5.5326e-05,3.7311e-07,0.00041231,4.7678e-06,0.00018338,7.4516e-06,3.7267e-06,2.6845e-05,6.867e-07,2.1029e-07,1.6208e-05,1.1149e-06,2.8138e-07
0.0039811,0.0002455,0.0020788,8.0473e-06,0.0013055,1,0.0026798,5.1134e-05,5.3241e-06,0.0042651,0.00098647,0.00031037,0.0089889,0.0026288,0.00041477,0.00011004,0.00026538,0.00076993,4.9152e-05,0.00084825,0.0013139,0.00031107,0.0015951,3.6716e-05,5.8167e-05,0.0016787,0.00041947,5.0675e-05,0.0022693,0.013904,1.6472e-05,0.00022903,5.9163e-05,0.00023298,0.00034254,0.00036349,0.00049557,0.0022627,3.8673e-06,9.7487e-05,2.8144e-05,0.0013323,0.00012595,0.0011899,4.9472e-06,2.1185e-05,0.00014128,4.413e-05,0.00012776,0.00025582,0.0066446,0.0015551,1.7617e-05,0.009128,1.7926e-05,0.0012044,0.00041478,0.00015195,0.001478,2.7131e-06,1.1617e-05,1.3013e-05,7.362e-05,2.2555e-05
0.00083021,0.00082931,0.00085697,9.4524e-06,0.00078035,0.0026798,1,0.0012409,2.1516e-05,0.0044472,0.00020727,9.7036e-05,0.0030606,0.0032601,0.0010472,9.7954e-05,0.00070566,0.00080155,0.00039118,0.00022087,0.0029599,0.00053232,0.0022323,2.5469e-05,0.0024241,0.0035583,0.00022504,0.00018277,0.00089853,0.0025825,6.9453e-05,0.00016476,6.8536e-05,0.00059277,0.0010252,0.00012924,0.00011642,0.00044828,7.9042e-06,0.00041443,2.2974e-05,0.00067928,2.4843e-05,0.0014018,1.1432e-06,1.869e-05,0.00011865,0.00010138,0.00030981,1.9652e-05,0.0015573,0.0015283,2.5486e-05,0.0015153,1.2412e-05,0.00019028,0.00043887,0.00031827,0.00044115,3.2402e-07,3.2018e-05,2.1394e-05,4.0704e-05,1.7556e-05
2.4164e-05,2.4035e-05,0.00010585,2.1881e-06,8.9664e-05,5.1134e-05,0.0012409,1,0.00011103,0.00021195,7.5837e-05,6.745e-06,0.0001025,0.00026331,0.00012189,2.3775e-05,0.0001796,3.2632e-05,7.7964e-05,1.4188e-05,8.3643e-05,2.822e-05,0.00012026,1.3555e-06,0.0005296,9.15e-05,0.00032794,3.5542e-05,1.7777e-05,0.0001026,0.00039298,9.1267e-05,3.5698e-06,0.00028658,4.1017e-05,1.1927e-05,0.00011398,5.8518e-05,1.2639e-06,0.00025934,1.8026e-06,0.00010174,2.1718e-06,0.0001176,2.039e-07,6.8972e-07,9.2857e-05,1.0978e-05,0.00015967,7.1938e-07,7.24e-05,5.5014e-05,3.2919e-06,2.4299e-05,2.3802e-05,4.5957e-06,3.9218e-05,1.2893e-05,2.0307e-05,1.1547e-07,6.0599e-06,7.8611e-06,2.3196e-06,1.5448e-06
3.2709e-07,7.003e-07,0.00020005,2.3885e-07,1.9324e-05,5.3241e-06,2.1516e-05,0.00011103,1,2.4462e-05,6.3429e-07,2.1122e-06,4.2725e-06,1.506e-05,1.6609e-06,1.6682e-05,0.00036046,2.7836e-06,7.813e-05,2.5862e-05,2.3298e-05,7.8271e-07,1.7435e-05,2.1314e-08,8.8331e-05,9.7399e-06,1.0145e-05,6.7027e-05,4.5395e-06,1.8567e-05,0.013895,0.00078656,3.8953e-08,1.8078e-06,6.6848e-07,1.3164e-06,5.2864e-06,3.8854e-07,3.2625e-08,6.3035e-06,1.4734e-07,2.9169e-06,9.4392e-08,7.6642e-07,1.343e-08,7.4296e-09,0.00038503,9.5617e-08,0.00046386,2.0099e-08,5.1055e-06,2.2098e-06,1.4507e-08,3.2602e-07,8.7054e-08,2.945e-07,1.2141e-06,6.4622e-07,7.387e-07,7.4513e-10,2.8167e-08,1.1786e-07,2.0655e-08,1.458e-08
0.0017469,0.0040165,0.010972,1.2415e-06,0.00015428,0.0042651,0.0044472,0.00021195,2.4462e-05,1,0.00018746,5.1157e-05,0.012753,0.028565,0.00018303,1.2896e-05,0.0078153,0.0083242,0.002064,0.00266,0.027188,0.005258,0.047047,4.7566e-06,0.00090937,0.020139,0.00015809,0.0016685,0.0027981,0.0027762,5.5886e-05,7.3545e-05,7.1108e-05,0.00067033,0.0018536,0.00034424,0.0001917,0.00038629,2.6669e-05,0.00015154,0.00012212,0.0073307,2.7183e-05,0.002576,6.8164e-07,1.7667e-05,0.00058657,0.00056734,0.00068465,4.0893e-05,0.0036936,0.0026228,7.0999e-05,0.00083707,1.0238e-05,0.00031142,0.0026622,0.00058664,0.0036713,3.19e-07,0.00011553,4.2982e-06,7.9887e-05,0.00010968
0.001833,1.1378e-05,3.6217e-05,2.599e-05,0.00036214,0.00098647,0.00020727,7.5837e-05,6.3429e-07,0.00018746,1,0.00011588,0.00036358,0.00029338,0.0021983,1.7328e-05,8.8657e-06,4.4053e-05,1.492e-06,2.8838e-05,2.7561e-05,3.3301e-05,4.4357e-05,8.9601e-05,5.2485e-06,3.9213e-05,0.0051644,1.3875e-06,5.3524e-05,0.001354,2.3435e-06,3.3744e-05,8.4375e-05,0.0010412,6.8556e-05,5.7284e-05,0.0059533,0.0024435,1.3437e-06,0.00017349,8.7886e-06,0.00068119,0.0005372,0.0010636,3.194e-05,3.839e-05,1.2734e-05,1.1629e-05,1.0237e-05,0.00047719,0.00088042,0.00021281,2.2773e-05,0.002205,0.0011617,0.00036049,0.00014493,1.249e-05,0.00017172,0.00011693,1.0551e-05,0.00012506,2.3004e-05,1.2689e-05
2.8563e-05,2.8894e-06,4.6246e-05,0.0014939,8.262e-05,0.00031037,9.7036e-05,6.745e-06,2.1122e-06,5.1157e-05,0.00011588,1,8.1198e-05,3.4827e-05,0.00068066,2.193e-05,8.2179e-06,2.0847e-05,1.7013e-06,8.2966e-05,2.2439e-05,6.0739e-06,1.5557e-05,0.00096235,3.374e-06,1.7845e-05,0.00073086,2.5399e-06,3.1488e-05,0.00024916,5.3026e-06,0.0002067,3.392e-05,0.00030949,2.1537e-05,7.1225e-05,0.00027155,9.0464e-05,1.5816e-07,0.00015464,1.9986e-06,2.9238e-05,1.9004e-05,2.3545e-05,3.1807e-05,3.8406e-05,2.4609e-05,5.039e-07,6.3616e-05,9.8339e-06,0.00025824,0.00084367,6.7379e-07,7.2464e-05,1.7941e-05,0.00015145,5.8356e-05,4.9808e-05,1.1884e-05,6.8907e-07,4.2521e-07,0.00024369,7.0516e-06,4.9277e-07
0.0030825,0.0036034,0.0012271,1.7204e-06,0.00016496,0.0089889,0.0030606,0.0001025,4.2725e-06,0.012753,0.00036358,8.1198e-05,1,0.01104,0.00013422,1.9316e-05,0.00097666,0.011505,0.00031098,0.001801,0.0031241,0.0068146,0.0076859,1.5938e-05,0.00015545,0.0028917,0.00017541,0.00029128,0.0022873,0.0016031,1.1503e-05,2.9685e-05,0.00015864,0.00098084,0.00069419,0.00011087,0.00032187,0.0013877,1.9597e-05,0.0001085,8.456e-05,0.0059313,2.3708e-05,0.0058004,6.6302e-07,2.7132e-05,0.00017701,0.00079622,0.00023375,9.5023e-05,0.004409,0.0029561,7.7155e-05,0.0039818,3.9365e-05,0.00024028,0.001658,0.00096622,0.0081815,1.2287e-06,0.00021076,4.0694e-06,0.0001919,0.00035264
0.0015987,0.004694,0.0042992,1.1055e-06,8.3636e-05,0.0026288,0.0032601,0.00026331,1.506e-05,0.028565,0.00029338,3.4827e-05,0.01104,1,0.00018996,7.5826e-06,0.0064283,0.006061,0.0018998,0.0010834,0.0073184,0.0083707,0.030098,4.6127e-06,0.0010573,0.0039557,0.00026818,0.0017619,0.0021514,0.00092905,4.4953e-05,4.3629e-05,0.00018882,0.0014723,0.0010966,8.7568e-05,0.00027427,0.00038061,9.34e-05,0.00014199,7.7053e-05,0.011112,4.8354e-05,0.0051683,1.1985e-06,1.3398e-05,0.00026339,0.0011514,0.00046892,4.2517e-05,0.010694,0.0023891,0.00025012,0.00067204,2.4937e-05,0.00019243,0.0080481,0.0011271,0.0078038,4.1396e-07,0.00031962,3.8946e-06,0.00014983,0.00016629
0.00050284,1.4268e-05,3.7499e-05,0.00044425,0.00030111,0.00041477,0.0010472,0.00012189,1.6609e-06,0.00018303,0.0021983,0.00068066,0.00013422,0.00018996,1,3.9694e-05,1.2007e-05,3.2057e-05,3.4337e-06,1.8387e-05,3.3507e-05,2.1658e-05,5.1681e-05,0.00090905,2.652e-05,8.948e-05,0.004289,3.4642e-06,5.2193e-05,0.00064672,5.803e-06,0.00010859,0.00023097,0.0014629,0.00017829,0.00011981,0.00082123,0.00068271,2.3212e-06,0.0018523,7.5403e-06,0.00022038,0.00052336,0.00036836,0.00011742,0.00012061,1.6297e-05,5.7346e-06,5.4153e-05,3.8882e-05,0.00060784,0.0011757,1.3431e-05,0.00059696,0.00014473,0.00078375,0.000193,7.006e-05,6.2385e-05,6.2238e-06,5.0542e-06,0.00088777,2.9148e-05,2.4509e-06
6.2328e-06,4.8001e-07,1.8816e-05,1.5916e-05,0.0061791,0.00011004,9.7954e-05,2.3775e-05,1.6682e-05,1.2896e-05,1.7328e-05,2.193e-05,1.9316e-05,7.5826e-06,3.9694e-05,1,5.1936e-06,1.0884e-06,8.793e-07,8.0051e-06,5.1757e-06,4.4205e-07,6.0623e-06,2.1195e-06,5.1401e-06,7.2613e-06,3.526e-05,7.7876e-07,1.861e-05,0.00034679,4.822e-05,0.00052384,3.0897e-07,2.4517e-06,6.709e-07,4.3868e-06,3.1973e-05,1.7649e-05,2.0642e-08,3.7741e-06,6.0631e-08,3.2184e-06,5.5633e-06,3.2667e-06,3.8815e-07,1.9551e-07,8.6855e-06,9.8017e-08,9.9195e-06,8.3675e-07,1.6086e-05,1.0645e-05,3.245e-08,2.4224e-05,1.079e-06,8.2161e-06,6.0743e-07,8.1508e-07,3.1681e-06,1.3151e-07,2.3461e-08,1.8448e-06,1.4635e-07,2.4706e-08
3.6676e-05,0.00072961,0.016453,1.9139e-07,2.5063e-05,0.00026538,0.00070566,0.0001796,0.00036046,0.0078153,8.8657e-06,8.2179e-06,0.00097666,0.0064283,1.2007e-05,5.1936e-06,1,0.0013681,0.046595,0.0010964,0.0082366,0.00077924,0.015377,2.4438e-07,0.0039998,0.0018506,2.8939e-05,0.031502,0.00048308,0.00018706,0.00052798,7.4687e-05,6.6463e-06,7.2191e-05,0.00013073,2.374e-05,2.678e-05,1.2288e-05,9.1914e-06,3.8404e-05,2.8186e-05,0.00072421,1.4937e-06,0.00013351,5.8468e-08,6.1907e-07,0.0022527,9.0285e-05,0.001828,1.4677e-06,0.00050705,0.00023874,7.2926e-06,1.9956e-05,9.2553e-07,1.1886e-05,0.00038237,0.00012891,0.0002953,1.177e-08,1.7458e-05,3.8793e-07,4.9197e-06,1.0686e-05
0.0011248,0.0096141,0.00071646,2.6361e-07,1.2245e-05,0.00076993,0.00080155,3.2632e-05,2.7836e-06,0.0083242,4.4053e-05,2.0847e-05,0.011505,0.006061,3.2057e-05,1.0884e-06,0.0013681,1,0.001092,0.0011872,0.0051355,0.031209,0.005284,3.5327e-06,0.00011914,0.0027607,3.9007e-05,0.00091374,0.00036057,0.00020289,5.4669e-06,6.8619e-06,8.5109e-05,0.00048688,0.0015462,6.5622e-05,5.2106e-05,0.00011092,4.2978e-05,9.1822e-05,0.00016414,0.0027733,5.3703e-06,0.0022633,2.6267e-07,1.143e-05,8.995e-05,0.001343,0.00033505,2.6486e-05,0.0013179,0.00083172,9.2649e-05,0.00041808,7.096e-06,7.33e-05,0.0025756,0.0012251,0.0043043,2.3895e-07,0.0006118,8.8771e-07,0.00012317,0.00070289
1.3076e-05,0.001361,0.0021385,4.6039e-08,4.0528e-06,4.9152e-05,0.00039118,7.7964e-05,7.813e-05,0.002064,1.492e-06,1.7013e-06,0.00031098,0.0018998,3.4337e-06,8.793e-07,0.046595,0.001092,1,0.00019329,0.0048283,0.00091708,0.0061455,9.2912e-08,0.0056939,0.0012643,4.3223e-06,0.061046,0.00013429,2.7489e-05,0.00010443,9.6911e-06,3.9202e-06,2.7329e-05,0.00013099,8.8794e-06,3.3315e-06,3.6283e-06,1.4147e-05,1.5693e-05,2.0398e-05,0.0002011,3.3412e-07,6.1905e-05,1.5263e-08,3.4993e-07,0.00038451,0.00014034,0.00065487,4.5536e-07,0.00011122,8.8882e-05,8.0868e-06,6.9223e-06,2.4548e-07,3.6746e-06,0.00021811,0.00012478,0.00011806,2.6994e-09,2.9616e-05,1.3028e-07,4.2614e-06,1.2185e-05
0.00013146,0.00017404,0.0030453,6.2913e-07,6.0727e-05,0.00084825,0.00022087,1.4188e-05,2.5862e-05,0.00266,2.8838e-05,8.2966e-05,0.001801,0.0010834,1.8387e-05,8.0051e-06,0.0010964,0.0011872,0.00019329,1,0.0020821,0.00033434,0.0014991,1.3855e-06,4.6917e-05,0.00067876,4.6284e-05,0.0003238,0.0025365,0.00096579,2.1733e-05,5.8857e-05,4.2015e-06,8.0835e-05,6.9818e-05,9.8549e-05,0.00012704,3.9396e-05,2.9943e-06,1.3494e-05,8.3777e-06,0.00040182,6.4732e-06,0.00015687,3.7269e-07,1.3682e-06,0.00017033,1.4103e-05,0.00042626,1.159e-05,0.00071277,0.00016908,2.1908e-06,0.0001134,2.6915e-06,3.6126e-05,0.00011638,0.0001319,0.00042292,1.3202e-07,5.1763e-06,6.269e-07,9.3334e-06,6.9217e-06
0.00032248,0.0033854,0.011046,3.937e-07,5.5102e-05,0.0013139,0.0029599,8.3643e-05,2.3298e-05,0.027188,2.7561e-05,2.2439e-05,0.0031241,0.0073184,3.3507e-05,5.1757e-06,0.0082366,0.0051355,0.0048283,0.0020821,1,0.0026865,0.023933,1.4228e-06,0.0011482,0.017225,2.5617e-05,0.0023615,0.0012974,0.00082853,4.0708e-05,3.547e-05,1.6068e-05,0.00013667,0.0012259,0.0002026,3.1091e-05,5.2901e-05,1.6309e-05,3.8583e-05,3.7434e-05,0.00096972,4.7066e-06,0.00053444,2.4489e-07,4.7368e-06,0.00026037,0.00023935,0.00047841,1.3414e-05,0.00084031,0.000603,2.3749e-05,0.0002126,1.4373e-06,7.8044e-05,0.00060423,0.00031649,0.00082258,5.6651e-08,5.7152e-05,1.1256e-06,2.5141e-05,3.8149e-05
0.00093038,0.048336,0.00031744,1.1453e-07,4.4471e-06,0.00031107,0.00053232,2.822e-05,7.8271e-07,0.005258,3.3301e-05,6.0739e-06,0.0068146,0.0083707,2.1658e-05,4.4205e-07,0.00077924,0.031209,0.00091708,0.00033434,0.0026865,1,0.0077964,2.1909e-06,0.00015716,0.0019456,1.6271e-05,0.00089134,0.00043338,6.7589e-05,1.9493e-06,1.4389e-06,0.00017677,0.00050068,0.0024442,3.2908e-05,2.2002e-05,0.00013448,0.0002809,3.3845e-05,0.0001803,0.0035971,5.7908e-06,0.0065866,1.726e-07,1.8587e-05,3.3271e-05,0.011976,7.4741e-05,3.1855e-05,0.0012306,0.00077616,0.00098967,0.00032499,7.5617e-06,4.6358e-05,0.0044771,0.0020011,0.0073441,2.6743e-07,0.0067286,7.1394e-07,0.00046854,0.0037381
0.00053648,0.010439,0.011162,3.3478e-07,3.8779e-05,0.0015951,0.0022323,0.00012026,1.7435e-05,0.047047,4.4357e-05,1.5557e-05,0.0076859,0.030098,5.1681e-05,6.0623e-06,0.015377,0.005284,0.0061455,0.0014991,0.023933,0.0077964,1,1.4318e-06,0.0018708,0.010604,4.6546e-05,0.0069134,0.0029415,0.00056853,4.0253e-05,2.3559e-05,5.589e-05,0.0002745,0.00092321,7.568e-05,6.5265e-05,0.00011063,0.00011404,5.4505e-05,7.5829e-05,0.0052374,9.056e-06,0.0020456,2.524e-07,5.7514e-06,0.00041291,0.0012259,0.00041226,1.5487e-05,0.003078,0.0015364,0.0001086,0.00023389,4.0242e-06,7.6556e-05,0.0018811,0.00090031,0.0056097,1.1739e-07,0.00018962,1.0583e-06,8.9818e-05,0.00011467
3.9333e-05,1.3742e-06,7.6219e-07,0.0011528,1.0734e-05,3.6716e-05,2.5469e-05,1.3555e-06,2.1314e-08,4.7566e-06,8.9601e-05,0.00096235,1.5938e-05,4.6127e-06,0.00090905,2.1195e-06,2.4438e-07,3.5327e-06,9.2912e-08,1.3855e-06,1.4228e-06,2.1909e-06,1.4318e-06,1,3.4208e-07,2.4074e-06,8.7255e-05,1.053e-07,3.3324e-06,1.7923e-05,8.1804e-08,2.3096e-06,0.00017712,0.00019172,1.3054e-05,7.703e-06,3.572e-05,0.00013593,1.6428e-07,4.9473e-05,9.1541e-07,6.2872e-06,3.8782e-05,1.6948e-05,9.2101e-05,0.00074273,3.545e-07,6.07e-07,1.332e-06,1.2313e-05,2.5354e-05,0.00025789,2.2357e-06,0.00010304,3.8405e-05,0.00015143,2.157e-05,2.9735e-05,4.5447e-06,5.047e-06,7.8946e-07,0.00068643,1.8626e-05,7.4192e-07
1.4248e-05,0.00033843,0.00077435,3.3771e-07,1.9734e-05,5.8167e-05,0.0024241,0.0005296,8.8331e-05,0.00090937,5.2485e-06,3.374e-06,0.00015545,0.0010573,2.652e-05,5.1401e-06,0.0039998,0.00011914,0.0056939,4.6917e-05,0.0011482,0.00015716,0.0018708,3.4208e-07,1,0.00083884,1.3316e-05,0.0020296,0.00017337,6.4641e-05,0.00016088,2.8702e-05,7.5341e-06,4.6972e-05,0.00015369,1.0332e-05,7.3998e-06,7.0624e-06,7.9021e-06,4.441e-05,1.4232e-05,0.00022196,1.1114e-06,8.0071e-05,4.1558e-08,7.2665e-07,0.00030672,4.9603e-05,0.0002239,7.0037e-07,0.00013759,0.00012262,1.0715e-05,1.215e-05,6.4395e-07,6.6893e-06,0.00010737,5.6824e-05,5.1224e-05,6.6212e-09,1.3171e-05,1.2027e-06,3.3409e-06,3.7381e-06
0.0005113,0.0024926,0.0041437,4.5891e-07,5.0628e-05,0.0016787,0.0035583,9.15e-05,9.7399e-06,0.020139,3.9213e-05,1.7845e-05,0.0028917,0.0039557,8.948e-05,7.2613e-06,0.0018506,0.0027607,0.0012643,0.00067876,0.017225,0.0019456,0.010604,2.4074e-06,0.00083884,1,3.4218e-05,0.00087608,0.00084235,0.00063256,1.8271e-05,2.8223e-05,2.5154e-05,0.00012691,0.0045994,0.001109,3.2565e-05,0.00021315,1.4786e-05,6.486e-05,6.0694e-05,0.0017493,7.312e-06,0.0010799,2.4779e-07,8.784e-06,0.00024084,0.00025965,0.00042361,1.9081e-05,0.00084869,0.00074946,3.4548e-05,0.00047598,2.7225e-06,9.2806e-05,0.00047059,0.00020216,0.00082965,1.2569e-07,7.6483e-05,1.755e-06,4.1039e-05,5.8678e-05
0.00015035,6.1211e-06,9.2947e-05,0.00014119,0.00020713,0.00041947,0.00022504,0.00032794,1.0145e-05,0.00015809,0.0051644,0.00073086,0.00017541,0.00026818,0.004289,3.526e-05,2.8939e-05,3.9007e-05,4.3223e-06,4.6284e-05,2.5617e-05,1.6271e-05,4.6546e-05,8.7255e-05,1.3316e-05,3.4218e-05,1,5.4373e-06,2.5622e-05,0.00047621,3.1265e-05,0.00048694,5.1667e-05,0.0027732,4.9164e-05,5.5412e-05,0.01911,0.00055782,9.6046e-07,0.0024142,5.6063e-06,0.00034071,0.00011216,0.00024289,3.5169e-05,9.6109e-06,8.9735e-05,3.2427e-06,0.00019049,1.3691e-05,0.0008104,0.00043033,4.4074e-06,0.00015415,0.00096005,9.9365e-05,0.00017835,2.7925e-05,5.047e-05,7.4177e-06,3.1848e-06,0.00018026,7.7981e-06,1.8847e-06
1.0863e-05,0.00091515,0.0027794,4.7271e-08,2.5098e-06,5.0675e-05,0.00018277,3.5542e-05,6.7027e-05,0.0016685,1.3875e-06,2.5399e-06,0.00029128,0.0017619,3.4642e-06,7.7876e-07,0.031502,0.00091374,0.061046,0.0003238,0.0023615,0.00089134,0.0069134,1.053e-07,0.0020296,0.00087608,5.4373e-06,1,0.00015476,2.1237e-05,6.0679e-05,9.5185e-06,4.1936e-06,3.051e-05,0.00011777,8.3449e-06,5.0429e-06,3.9264e-06,2.7217e-05,1.5247e-05,2.7793e-05,0.00025542,4.2328e-07,8.0522e-05,1.9404e-08,3.1688e-07,0.00054973,9.1636e-05,0.00097271,4.7472e-07,0.00018648,0.00010485,7.8939e-06,5.6652e-06,3.0927e-07,3.1218e-06,0.0002372,0.00021361,0.00014773,3.6027e-09,2.7922e-05,1.0426e-07,5.3179e-06,1.1268e-05
0.00062507,0.00058165,0.0012835,1.1178e-06,0.00017916,0.0022693,0.00089853,1.7777e-05,4.5395e-06,0.0027981,5.3524e-05,3.1488e-05,0.0022873,0.0021514,5.2193e-05,1.861e-05,0.00048308,0.00036057,0.00013429,0.0025365,0.0012974,0.00043338,0.0029415,3.3324e-06,0.00017337,0.00084235,2.5622e-05,0.00015476,1,0.0019421,7.3963e-06,2.4181e-05,1.802e-05,6.6962e-05,0.00010319,4.8703e-05,5.936e-05,0.00010263,1.5398e-05,9.2548e-06,1.697e-05,0.00069793,5.6241e-05,0.00039181,7.3738e-07,4.8615e-06,4.405e-05,5.0371e-05,4.151e-05,6.0986e-05,0.0012136,0.00033879,1.9973e-05,0.00045614,2.2495e-06,0.0002899,0.00019691,0.00021655,0.00086127,2.7343e-07,9.6232e-06,2.1633e-06,6.2856e-05,1.4451e-05
0.0019672,5.5783e-05,0.0014452,1.6244e-05,0.011941,0.013904,0.0025825,0.0001026,1.8567e-05,0.0027762,0.001354,0.00024916,0.0016031,0.00092905,0.00064672,0.00034679,0.00018706,0.00020289,2.7489e-05,0.00096579,0.00082853,6.7589e-05,0.00056853,1.7923e-05,6.4641e-05,0.00063256,0.00047621,2.1237e-05,0.0019421,1,4.6317e-05,0.00068951,1.0685e-05,0.00013599,8.5235e-05,0.00022221,0.00073464,0.00044101,1.1213e-06,6.7168e-05,7.8473e-06,0.00050912,0.00017212,0.00035682,5.5558e-06,7.5884e-06,0.00010632,8.6661e-06,8.6308e-05,0.00016264,0.0013237,0.00032541,3.6603e-06,0.0025433,1.1028e-05,0.0012207,8.5347e-05,2.8302e-05,0.0003339,2.0853e-06,2.3631e-06,2.3591e-05,1.137e-05,3.7055e-06
1.0579e-06,1.8645e-06,0.00032109,8.2481e-07,6.008e-05,1.6472e-05,6.9453e-05,0.00039298,0.013895,5.5886e-05,2.3435e-06,5.3026e-06,1.1503e-05,4.4953e-05,5.803e-06,4.822e-05,0.00052798,5.4669e-06,0.00010443,2.1733e-05,4.0708e-05,1.9493e-06,4.0253e-05,8.1804e-08,0.00016088,1.8271e-05,3.1265e-05,6.0679e-05,7.3963e-06,4.6317e-05,1,0.00098637,2.1352e-07,5.7765e-06,1.3878e-06,2.6804e-06,1.0418e-05,1.4641e-06,5.5239e-08,1.0551e-05,1.8688e-07,7.8186e-06,2.446e-07,2.0063e-06,3.6915e-08,3.8941e-08,0.00048586,3.5531e-07,0.00030164,5.9885e-08,1.7378e-05,1.1897e-05,5.8742e-08,1.0644e-06,2.7391e-07,1.0358e-06,4.8392e-06,1.5397e-06,2.8679e-06,2.2404e-09,8.1126e-08,4.7634e-07,9.0812e-08,4.2676e-08
7.7128e-06,1.159e-06,0.00035121,3.7447e-05,0.0011194,0.00022903,0.00016476,9.1267e-05,0.00078656,7.3545e-05,3.3744e-05,0.0002067,2.9685e-05,4.3629e-05,0.00010859,0.00052384,7.4687e-05,6.8619e-06,9.6911e-06,5.8857e-05,3.547e-05,1.4389e-06,2.3559e-05,2.3096e-06,2.8702e-05,2.8223e-05,0.00048694,9.5185e-06,2.4181e-05,0.00068951,0.00098637,1,6.607e-07,1.5808e-05,3.3035e-06,2.2554e-05,0.0001313,1.5168e-05,5.1023e-08,9.1524e-05,5.188e-07,1.2997e-05,5.6076e-06,5.2437e-06,1.5448e-06,1.9875e-07,0.00036777,1.6338e-07,0.00049353,7.3791e-07,8.218e-05,3.321e-05,6.7057e-08,1.2813e-05,1.4017e-06,1.9049e-05,6.9397e-06,2.722e-06,3.6148e-06,3.6546e-08,5.4477e-08,1.0153e-05,2.2636e-07,4.6005e-08
0.00014584,0.00010362,5.8348e-06,4.9646e-06,2.1712e-06,5.9163e-05,6.8536e-05,3.5698e-06,3.8953e-08,7.1108e-05,8.4375e-05,3.392e-05,0.00015864,0.00018882,0.00023097,3.0897e-07,6.6463e-06,8.5109e-05,3.9202e-06,4.2015e-06,1.6068e-05,0.00017677,5.589e-05,0.00017712,7.5341e-06,2.5154e-05,5.1667e-05,4.1936e-06,1.802e-05,1.0685e-05,2.1352e-07,6.607e-07,1,0.00097532,0.00017447,6.2023e-06,2.5744e-05,0.0001197,2.131e-05,7.5513e-05,3.3938e-05,0.00028568,2.1921e-05,0.00034207,3.4853e-06,0.00095143,2.2233e-06,0.00021683,4.1997e-06,1.9085e-05,0.00035554,0.0031868,0.0006057,0.00010426,5.3925e-05,8.2183e-05,0.002217,0.00047944,0.00020891,1.3898e-06,0.00016028,1.9721e-05,0.00048058,0.00013266
0.00036877,0.00018054,7.8075e-05,2.5775e-05,2.1331e-05,0.00023298,0.00059277,0.00028658,1.8078e-06,0.00067033,0.0010412,0.00030949,0.00098084,0.0014723,0.0014629,2.4517e-06,7.2191e-05,0.00048688,2.7329e-05,8.0835e-05,0.00013667,0.00050068,0.0002745,0.00019172,4.6972e-05,0.00012691,0.0027732,3.051e-05,6.6962e-05,0.00013599,5.7765e-06,1.5808e-05,0.00097532,1,0.00060787,4.4729e-05,0.0015753,0.00077166,1.9637e-05,0.0013924,3.007e-05,0.0016008,3.649e-05,0.0020163,9.448e-06,0.00014087,3.5368e-05,0.0001298,0.00013455,1.7162e-05,0.001285,0.0043312,0.0001428,0.00027497,0.0015246,0.00010374,0.0044241,0.0012082,0.00032602,2.9673e-06,0.0001921,0.0001318,0.00023107,6.7339e-05
0.00049102,0.0013267,0.00020642,7.3567e-07,6.3709e-06,0.00034254,0.0010252,4.1017e-05,6.6848e-07,0.0018536,6.8556e-05,2.1537e-05,0.00069419,0.0010966,0.00017829,6.709e-07,0.00013073,0.0015462,0.00013099,6.9818e-05,0.0012259,0.0024442,0.00092321,1.3054e-05,0.00015369,0.0045994,4.9164e-05,0.00011777,0.00010319,8.5235e-05,1.3878e-06,3.3035e-06,0.00017447,0.00060787,1,0.000595,3.2191e-05,0.00024913,2.6075e-05,0.00021234,0.00044381,0.0017922,1.0563e-05,0.0027208,7.0252e-07,8.9488e-05,3.5248e-05,0.000373,8.3583e-05,3.7451e-05,0.00045543,0.00086094,0.00034954,0.00039919,1.3205e-05,0.00010313,0.0011559,0.00033424,0.00034377,6.409e-07,0.00066674,6.7837e-06,0.00011044,0.00027091
8.6224e-05,1.5249e-05,0.00024631,2.5642e-06,2.9164e-05,0.00036349,0.00012924,1.1927e-05,1.3164e-06,0.00034424,5.7284e-05,7.1225e-05,0.00011087,8.7568e-05,0.00011981,4.3868e-06,2.374e-05,6.5622e-05,8.8794e-06,9.8549e-05,0.0002026,3.2908e-05,7.568e-05,7.703e-06,1.0332e-05,0.001109,5.5412e-05,8.3449e-06,4.8703e-05,0.00022221,2.6804e-06,2.2554e-05,6.2023e-06,4.4729e-05,0.000595,1,4.3307e-05,0.00015564,4.465e-07,2.5848e-05,6.4389e-06,0.00011889,1.1269e-05,7.9007e-05,1.5792e-06,1.0361e-05,3.5165e-05,3.4516e-06,7.0905e-05,2.7642e-05,0.00011474,0.0001364,2.8688e-06,0.00016714,4.3341e-06,9.5258e-05,3.2515e-05,1.0574e-05,3.0319e-05,5.5763e-07,2.7874e-06,7.6966e-06,7.5698e-06,3.0135e-06
0.00022168,7.3861e-06,9.5361e-05,2.9183e-05,0.00019675,0.00049557,0.00011642,0.00011398,5.2864e-06,0.0001917,0.0059533,0.00027155,0.00032187,0.00027427,0.00082123,3.1973e-05,2.678e-05,5.2106e-05,3.3315e-06,0.00012704,3.1091e-05,2.2002e-05,6.5265e-05,3.572e-05,7.3998e-06,3.2565e-05,0.01911,5.0429e-06,5.936e-05,0.00073464,1.0418e-05,0.0001313,2.5744e-05,0.0015753,3.2191e-05,4.3307e-05,1,0.00043575,1.3344e-06,0.00025268,4.3153e-06,0.00057441,0.0001196,0.00033759,1.6025e-05,5.844e-06,4.1455e-05,4.4439e-06,6.7438e-05,2.4846e-05,0.00064033,0.00023201,4.2647e-06,0.00020721,0.0016324,6.4277e-05,8.9033e-05,2.3984e-05,0.0001169,1.9063e-05,3.7781e-06,2.8767e-05,6.6458e-06,3.1289e-06
0.002046,6.1323e-05,4.6668e-05,1.0527e-05,0.00012108,0.0022627,0.00044828,5.8518e-05,3.8854e-07,0.00038629,0.0024435,9.0464e-05,0.0013877,0.00038061,0.00068271,1.7649e-05,1.2288e-05,0.00011092,3.6283e-06,3.9396e-05,5.2901e-05,0.00013448,0.00011063,0.00013593,7.0624e-06,0.00021315,0.00055782,3.9264e-06,0.00010263,0.00044101,1.4641e-06,1.5168e-05,0.0001197,0.00077166,0.00024913,0.00015564,0.00043575,1,3.2702e-06,0.00010164,7.4526e-06,0.00043022,0.00012382,0.0018145,6.5152e-06,6.7452e-05,9.8279e-06,4.0625e-05,1.6869e-05,0.00015345,0.0011909,0.00071005,3.5808e-05,0.0079814,0.00036667,0.00021163,0.00027932,7.253e-05,0.00034172,2.6895e-05,3.255e-05,4.8697e-05,0.00016616,4.1349e-05
2.3353e-05,0.00033274,5.1567e-06,8.6555e-09,1.0714e-07,3.8673e-06,7.9042e-06,1.2639e-06,3.2625e-08,2.6669e-05,1.3437e-06,1.5816e-07,1.9597e-05,9.34e-05,2.3212e-06,2.0642e-08,9.1914e-06,4.2978e-05,1.4147e-05,2.9943e-06,1.6309e-05,0.0002809,0.00011404,1.6428e-07,7.9021e-06,1.4786e-05,9.6046e-07,2.7217e-05,1.5398e-05,1.1213e-06,5.5239e-08,5.1023e-08,2.131e-05,1.9637e-05,2.6075e-05,4.465e-07,1.3344e-06,3.2702e-06,1,2.4317e-06,2.8203e-06,4.7123e-05,1.77e-06,0.00014587,1.4545e-07,5.0187e-07,3.7788e-07,0.00037655,2.0118e-06,1.1878e-06,4.4991e-05,1.4375e-05,0.00043719,4.5322e-06,7.8927e-07,2.2697e-06,7.5264e-05,0.00024322,0.00015978,6.6077e-08,0.00038397,6.537e-08,0.00023216,4.5941e-05
6.4597e-05,1.85e-05,4.3958e-05,2.3699e-05,1.9686e-05,9.7487e-05,0.00041443,0.00025934,6.3035e-06,0.00015154,0.00017349,0.00015464,0.0001085,0.00014199,0.0018523,3.7741e-06,3.8404e-05,9.1822e-05,1.5693e-05,1.3494e-05,3.8583e-05,3.3845e-05,5.4505e-05,4.9473e-05,4.441e-05,6.486e-05,0.0024142,1.5247e-05,9.2548e-06,6.7168e-05,1.0551e-05,9.1524e-05,7.5513e-05,0.0013924,0.00021234,2.5848e-05,0.00025268,0.00010164,2.4317e-06,1,4.4798e-05,0.00018398,9.8582e-06,0.0001879,3.9408e-06,1.2583e-05,7.7933e-05,8.0991e-06,0.00042348,2.8541e-06,0.00019198,0.00037412,6.3892e-06,5.6341e-05,6.4704e-05,3.9151e-05,0.00022314,6.7089e-05,1.9222e-05,6.9629e-07,9.8944e-06,6.1445e-05,8.8074e-06,4.2001e-06
3.3774e-05,8.6651e-05,2.2102e-05,8.1955e-08,6.5244e-07,2.8144e-05,2.2974e-05,1.8026e-06,1.4734e-07,0.00012212,8.7886e-06,1.9986e-06,8.456e-05,7.7053e-05,7.5403e-06,6.0631e-08,2.8186e-05,0.00016414,2.0398e-05,8.3777e-06,3.7434e-05,0.0001803,7.5829e-05,9.1541e-07,1.4232e-05,6.0694e-05,5.6063e-06,2.7793e-05,1.697e-05,7.8473e-06,1.8688e-07,5.188e-07,3.3938e-05,3.007e-05,0.00044381,6.4389e-06,4.3153e-06,7.4526e-06,2.8203e-06,4.4798e-05,1,0.00046057,1.0592e-06,0.00014974,3.1083e-08,1.0902e-05,3.4227e-05,6.8074e-05,7.5448e-06,8.9752e-06,3.2493e-05,4.6004e-05,4.4668e-05,1.9432e-05,1.3714e-06,1.3215e-05,0.00017405,1.5394e-05,2.195e-05,1.1376e-07,6.1198e-05,6.696e-07,7.0461e-06,0.00020469
0.0014007,0.0013631,0.00098029,9.9555e-07,3.2487e-05,0.0013323,0.00067928,0.00010174,2.9169e-06,0.0073307,0.00068119,2.9238e-05,0.0059313,0.011112,0.00022038,3.2184e-06,0.00072421,0.0027733,0.0002011,0.00040182,0.00096972,0.0035971,0.0052374,6.2872e-06,0.00022196,0.0017493,0.00034071,0.00025542,0.00069793,0.00050912,7.8186e-06,1.2997e-05,0.00028568,0.0016008,0.0017922,0.00011889,0.00057441,0.00043022,4.7123e-05,0.00018398,0.00046057,1,3.3413e-05,0.0087175,7.8138e-07,2.8894e-05,0.0002937,0.00097496,0.0001229,9.7907e-05,0.0039886,0.0018901,0.00042272,0.00058921,8.003e-05,0.00016986,0.0032605,0.00026644,0.0038747,2.112e-06,0.00046511,6.4063e-06,0.00016319,0.0005319
0.00061793,3.1136e-06,5.9468e-06,1.0015e-05,6.2627e-05,0.00012595,2.4843e-05,2.1718e-06,9.4392e-08,2.7183e-05,0.0005372,1.9004e-05,2.3708e-05,4.8354e-05,0.00052336,5.5633e-06,1.4937e-06,5.3703e-06,3.3412e-07,6.4732e-06,4.7066e-06,5.7908e-06,9.056e-06,3.8782e-05,1.1114e-06,7.312e-06,0.00011216,4.2328e-07,5.6241e-05,0.00017212,2.446e-07,5.6076e-06,2.1921e-05,3.649e-05,1.0563e-05,1.1269e-05,0.0001196,0.00012382,1.77e-06,9.8582e-06,1.0592e-06,3.3413e-05,1,6.531e-05,0.00039513,1.0456e-05,6.6558e-07,1.5408e-06,1.6518e-06,0.00015141,0.00016485,3.4306e-05,1.0946e-05,0.00022172,1.2384e-05,0.0013675,2.2366e-05,9.902e-06,4.8298e-05,2.0093e-05,1.2323e-06,2.252e-05,9.5272e-06,7.9279e-07
0.0058845,0.0018552,0.00019803,9.5448e-07,3.1254e-05,0.0011899,0.0014018,0.0001176,7.6642e-07,0.002576,0.0010636,2.3545e-05,0.0058004,0.0051683,0.00036836,3.2667e-06,0.00013351,0.0022633,6.1905e-05,0.00015687,0.00053444,0.0065866,0.0020456,1.6948e-05,8.0071e-05,0.0010799,0.00024289,8.0522e-05,0.00039181,0.00035682,2.0063e-06,5.2437e-06,0.00034207,0.0020163,0.0027208,7.9007e-05,0.00033759,0.0018145,0.00014587,0.0001879,0.00014974,0.0087175,6.531e-05,1,1.4333e-06,4.8497e-05,2.9679e-05,0.0013826,4.7993e-05,0.00028629,0.0044901,0.00093583,0.0010206,0.0032158,0.00014868,0.00012741,0.0017646,0.00046921,0.0060143,8.9244e-06,0.0017645,6.0079e-06,0.00045275,0.0010099
9.6046e-06,9.318e-08,3.2121e-07,4.4522e-05,2.935e-06,4.9472e-06,1.1432e-06,2.039e-07,1.343e-08,6.8164e-07,3.194e-05,3.1807e-05,6.6302e-07,1.1985e-06,0.00011742,3.8815e-07,5.8468e-08,2.6267e-07,1.5263e-08,3.7269e-07,2.4489e-07,1.726e-07,2.524e-07,9.2101e-05,4.1558e-08,2.4779e-07,3.5169e-05,1.9404e-08,7.3738e-07,5.5558e-06,3.6915e-08,1.5448e-06,3.4853e-06,9.448e-06,7.0252e-07,1.5792e-06,1.6025e-05,6.5152e-06,1.4545e-07,3.9408e-06,3.1083e-08,7.8138e-07,0.00039513,1.4333e-06,1,2.9221e-06,5.6455e-08,4.3314e-08,3.8658e-07,3.9993e-06,7.7659e-06,5.2038e-06,4.158e-07,5.2238e-06,3.2891e-06,8.4723e-05,2.3332e-06,1.855e-06,1.0533e-06,2.788e-06,5.9842e-08,5.0374e-05,1.7859e-06,2.6616e-08
6.5954e-05,1.0435e-05,1.0894e-06,1.0337e-05,1.8901e-06,2.1185e-05,1.869e-05,6.8972e-07,7.4296e-09,1.7667e-05,3.839e-05,3.8406e-05,2.7132e-05,1.3398e-05,0.00012061,1.9551e-07,6.1907e-07,1.143e-05,3.4993e-07,1.3682e-06,4.7368e-06,1.8587e-05,5.7514e-06,0.00074273,7.2665e-07,8.784e-06,9.6109e-06,3.1688e-07,4.8615e-06,7.5884e-06,3.8941e-08,1.9875e-07,0.00095143,0.00014087,8.9488e-05,1.0361e-05,5.844e-06,6.7452e-05,5.0187e-07,1.2583e-05,1.0902e-05,2.8894e-05,1.0456e-05,4.8497e-05,2.9221e-06,1,4.1956e-07,1.0652e-05,5.4373e-07,2.6793e-05,1.9776e-05,0.0005362,4.0277e-05,9.5849e-05,1.4815e-05,0.00012048,0.00011337,3.869e-05,1.8641e-05,1.8258e-06,1.2345e-05,3.8329e-05,5.4142e-05,1.8285e-05
6.9421e-06,1.9115e-05,0.0033257,8.3441e-07,2.6392e-05,0.00014128,0.00011865,9.2857e-05,0.00038503,0.00058657,1.2734e-05,2.4609e-05,0.00017701,0.00026339,1.6297e-05,8.6855e-06,0.0022527,8.995e-05,0.00038451,0.00017033,0.00026037,3.3271e-05,0.00041291,3.545e-07,0.00030672,0.00024084,8.9735e-05,0.00054973,4.405e-05,0.00010632,0.00048586,0.00036777,2.2233e-06,3.5368e-05,3.5248e-05,3.5165e-05,4.1455e-05,9.8279e-06,3.7788e-07,7.7933e-05,3.4227e-05,0.0002937,6.6558e-07,2.9679e-05,5.6455e-08,4.1956e-07,1,4.4644e-06,0.0016726,8.7623e-07,0.00015793,0.00010804,8.8219e-07,7.7377e-06,1.1753e-06,7.037e-06,6.5898e-05,9.7493e-06,1.9339e-05,1.2497e-08,1.581e-06,1.6291e-06,8.6804e-07,1.6838e-06
0.00024255,0.014074,2.834e-05,2.3596e-08,8.8061e-07,4.413e-05,0.00010138,1.0978e-05,9.5617e-08,0.00056734,1.1629e-05,5.039e-07,0.00079622,0.0011514,5.7346e-06,9.8017e-08,9.0285e-05,0.001343,0.00014034,1.4103e-05,0.00023935,0.011976,0.0012259,6.07e-07,4.9603e-05,0.00025965,3.2427e-06,9.1636e-05,5.0371e-05,8.6661e-06,3.5531e-07,1.6338e-07,0.00021683,0.0001298,0.000373,3.4516e-06,4.4439e-06,4.0625e-05,0.00037655,8.0991e-06,6.8074e-05,0.00097496,1.5408e-06,0.0013826,4.3314e-08,1.0652e-05,4.4644e-06,1,5.426e-06,6.5403e-06,0.00015466,0.00018426,0.0027497,7.5757e-05,4.8907e-06,8.8876e-06,0.0012037,0.00036317,0.0018539,1.4896e-07,0.01494,2.2875e-07,0.00041717,0.0075579
1.4979e-05,4.1975e-05,0.0013896,1.6438e-06,2.5851e-05,0.00012776,0.00030981,0.00015967,0.00046386,0.00068465,1.0237e-05,6.3616e-05,0.00023375,0.00046892,5.4153e-05,9.9195e-06,0.001828,0.00033505,0.00065487,0.00042626,0.00047841,7.4741e-05,0.00041226,1.332e-06,0.0002239,0.00042361,0.00019049,0.00097271,4.151e-05,8.6308e-05,0.00030164,0.00049353,4.1997e-06,0.00013455,8.3583e-05,7.0905e-05,6.7438e-05,1.6869e-05,2.0118e-06,0.00042348,7.5448e-06,0.0001229,1.6518e-06,4.7993e-05,3.8658e-07,5.4373e-07,0.0016726,5.426e-06,1,6.8213e-07,0.00021879,0.00018329,9.3465e-07,1.4319e-05,2.8919e-06,1.0283e-05,0.00010833,0.00011385,3.7652e-05,1.9426e-08,3.1519e-06,1.4489e-06,2.4245e-06,1.2875e-06
0.0013048,1.0359e-05,7.5915e-06,6.789e-07,1.9142e-05,0.00025582,1.9652e-05,7.1938e-07,2.0099e-08,4.0893e-05,0.00047719,9.8339e-06,9.5023e-05,4.2517e-05,3.8882e-05,8.3675e-07,1.4677e-06,2.6486e-05,4.5536e-07,1.159e-05,1.3414e-05,3.1855e-05,1.5487e-05,1.2313e-05,7.0037e-07,1.9081e-05,1.3691e-05,4.7472e-07,6.0986e-05,0.00016264,5.9885e-08,7.3791e-07,1.9085e-05,1.7162e-05,3.7451e-05,2.7642e-05,2.4846e-05,0.00015345,1.1878e-06,2.8541e-06,8.9752e-06,9.7907e-05,0.00015141,0.00028629,3.9993e-06,2.6793e-05,8.7623e-07,6.5403e-06,6.8213e-07,1,0.00013569,2.5642e-05,2.9177e-05,0.0011496,6.5779e-06,0.00044343,2.5659e-05,4.0601e-06,0.00011767,3.2652e-05,6.6163e-06,4.1665e-06,3.3284e-05,2.0919e-05
0.0018267,0.00049266,0.0016219,5.7194e-06,0.0001226,0.0066446,0.0015573,7.24e-05,5.1055e-06,0.0036936,0.00088042,0.00025824,0.004409,0.010694,0.00060784,1.6086e-05,0.00050705,0.0013179,0.00011122,0.00071277,0.00084031,0.0012306,0.003078,2.5354e-05,0.00013759,0.00084869,0.0008104,0.00018648,0.0012136,0.0013237,1.7378e-05,8.218e-05,0.00035554,0.001285,0.00045543,0.00011474,0.00064033,0.0011909,4.4991e-05,0.00019198,3.2493e-05,0.0039886,0.00016485,0.0044901,7.7659e-06,1.9776e-05,0.00015793,0.00015466,0.00021879,0.00013569,1,0.0035431,0.00012612,0.001286,4.6401e-05,0.00035458,0.00362,0.00063201,0.0048222,1.8935e-06,7.2162e-05,1.5874e-05,0.00029317,6.7546e-05
0.00046963,0.00054473,0.00036812,3.4755e-05,5.5326e-05,0.0015551,0.0015283,5.5014e-05,2.2098e-06,0.0026228,0.00021281,0.00084367,0.0029561,0.0023891,0.0011757,1.0645e-05,0.00023874,0.00083172,8.8882e-05,0.00016908,0.000603,0.00077616,0.0015364,0.00025789,0.00012262,0.00074946,0.00043033,0.00010485,0.00033879,0.00032541,1.1897e-05,3.321e-05,0.0031868,0.0043312,0.00086094,0.0001364,0.00023201,0.00071005,1.4375e-05,0.00037412,4.6004e-05,0.0018901,3.4306e-05,0.00093583,5.2038e-06,0.0005362,0.00010804,0.00018426,0.00018329,2.5642e-05,0.0035431,1,0.00010964,0.00050089,5.1094e-05,0.00050257,0.0073642,0.0030317,0.0010366,6.5031e-07,7.0468e-05,6.2018e-05,0.00036413,5.4266e-05
0.00019771,0.00056071,5.2824e-06,6.3919e-08,3.7311e-07,1.7617e-05,2.5486e-05,3.2919e-06,1.4507e-08,7.0999e-05,2.2773e-05,6.7379e-07,7.7155e-05,0.00025012,1.3431e-05,3.245e-08,7.2926e-06,9.2649e-05,8.0868e-06,2.1908e-06,2.3749e-05,0.00098967,0.0001086,2.2357e-06,1.0715e-05,3.4548e-05,4.4074e-06,7.8939e-06,1.9973e-05,3.6603e-06,5.8742e-08,6.7057e-08,0.0006057,0.0001428,0.00034954,2.8688e-06,4.2647e-06,3.5808e-05,0.00043719,6.3892e-06,4.4668e-05,0.00042272,1.0946e-05,0.0010206,4.158e-07,4.0277e-05,8.8219e-07,0.0027497,9.3465e-07,2.9177e-05,0.00012612,0.00010964,1,4.2377e-05,8.0551e-06,2.6072e-05,0.00080923,0.00014055,0.00039289,7.863e-07,0.00532,1.4656e-06,0.00079186,0.0012185
0.019288,0.00020186,7.5082e-05,4.91e-06,0.00041231,0.009128,0.0015153,2.4299e-05,3.2602e-07,0.00083707,0.002205,7.2464e-05,0.0039818,0.00067204,0.00059696,2.4224e-05,1.9956e-05,0.00041808,6.9223e-06,0.0001134,0.0002126,0.00032499,0.00023389,0.00010304,1.215e-05,0.00047598,0.00015415,5.6652e-06,0.00045614,0.0025433,1.0644e-06,1.2813e-05,0.00010426,0.00027497,0.00039919,0.00016714,0.00020721,0.0079814,4.5322e-06,5.6341e-05,1.9432e-05,0.00058921,0.00022172,0.0032158,5.2238e-06,9.5849e-05,7.7377e-06,7.5757e-05,1.4319e-05,0.0011496,0.001286,0.00050089,4.2377e-05,1,5.8792e-05,0.00095625,0.00020771,9.819e-05,0.0011215,2.4702e-05,3.7451e-05,1.5121e-05,0.00016,7.279e-05
3.5371e-05,2.1573e-06,1.6304e-06,6.2681e-06,4.7678e-06,1.7926e-05,1.2412e-05,2.3802e-05,8.7054e-08,1.0238e-05,0.0011617,1.7941e-05,3.9365e-05,2.4937e-05,0.00014473,1.079e-06,9.2553e-07,7.096e-06,2.4548e-07,2.6915e-06,1.4373e-06,7.5617e-06,4.0242e-06,3.8405e-05,6.4395e-07,2.7225e-06,0.00096005,3.0927e-07,2.2495e-06,1.1028e-05,2.7391e-07,1.4017e-06,5.3925e-05,0.0015246,1.3205e-05,4.3341e-06,0.0016324,0.00036667,7.8927e-07,6.4704e-05,1.3714e-06,8.003e-05,1.2384e-05,0.00014868,3.2891e-06,1.4815e-05,1.1753e-06,4.8907e-06,2.8919e-06,6.5779e-06,4.6401e-05,5.1094e-05,8.0551e-06,5.8792e-05,1,4.7369e-06,3.285e-05,9.0509e-06,2.0681e-05,5.5701e-05,9.3863e-06,1.7863e-05,1.1748e-05,6.2863e-06
0.0026508,3.7314e-05,5.7263e-05,2.5858e-05,0.00018338,0.0012044,0.00019028,4.5957e-06,2.945e-07,0.00031142,0.00036049,0.00015145,0.00024028,0.00019243,0.00078375,8.2161e-06,1.1886e-05,7.33e-05,3.6746e-06,3.6126e-05,7.8044e-05,4.6358e-05,7.6556e-05,0.00015143,6.6893e-06,9.2806e-05,9.9365e-05,3.1218e-06,0.0002899,0.0012207,1.0358e-06,1.9049e-05,8.2183e-05,0.00010374,0.00010313,9.5258e-05,6.4277e-05,0.00021163,2.2697e-06,3.9151e-05,1.3215e-05,0.00016986,0.0013675,0.00012741,8.4723e-05,0.00012048,7.037e-06,8.8876e-06,1.0283e-05,0.00044343,0.00035458,0.00050257,2.6072e-05,0.00095625,4.7369e-06,1,0.00019373,6.2558e-05,0.0001613,3.1619e-06,4.1369e-06,0.00010602,6.5118e-05,5.8415e-06
0.00062783,0.001861,0.00028311,2.1765e-06,7.4516e-06,0.00041478,0.00043887,3.9218e-05,1.2141e-06,0.0026622,0.00014493,5.8356e-05,0.001658,0.0080481,0.000193,6.0743e-07,0.00038237,0.0025756,0.00021811,0.00011638,0.00060423,0.0044771,0.0018811,2.157e-05,0.00010737,0.00047059,0.00017835,0.0002372,0.00019691,8.5347e-05,4.8392e-06,6.9397e-06,0.002217,0.0044241,0.0011559,3.2515e-05,8.9033e-05,0.00027932,7.5264e-05,0.00022314,0.00017405,0.0032605,2.2366e-05,0.0017646,2.3332e-06,0.00011337,6.5898e-05,0.0012037,0.00010833,2.5659e-05,0.00362,0.0073642,0.00080923,0.00020771,3.285e-05,0.00019373,1,0.0023402,0.0014343,3.1264e-07,0.00063639,1.4044e-05,0.0006896,0.00046086
0.00017064,0.0023381,7.4259e-05,1.3876e-06,3.7267e-06,0.00015195,0.00031827,1.2893e-05,6.4622e-07,0.00058664,1.249e-05,4.9808e-05,0.00096622,0.0011271,7.006e-05,8.1508e-07,0.00012891,0.0012251,0.00012478,0.0001319,0.00031649,0.0020011,0.00090031,2.9735e-05,5.6824e-05,0.00020216,2.7925e-05,0.00021361,0.00021655,2.8302e-05,1.5397e-06,2.722e-06,0.00047944,0.0012082,0.00033424,1.0574e-05,2.3984e-05,7.253e-05,0.00024322,6.7089e-05,1.5394e-05,0.00026644,9.902e-06,0.00046921,1.855e-06,3.869e-05,9.7493e-06,0.00036317,0.00011385,4.0601e-06,0.00063201,0.0030317,0.00014055,9.819e-05,9.0509e-06,6.2558e-05,0.0023402,1,0.00084407,1.4945e-07,0.0002281,2.8814e-06,0.00085807,5.7022e-05
0.0045638,0.0038549,0.00032425,3.0003e-07,2.6845e-05,0.001478,0.00044115,2.0307e-05,7.387e-07,0.0036713,0.00017172,1.1884e-05,0.0081815,0.0078038,6.2385e-05,3.1681e-06,0.0002953,0.0043043,0.00011806,0.00042292,0.00082258,0.0073441,0.0056097,4.5447e-06,5.1224e-05,0.00082965,5.047e-05,0.00014773,0.00086127,0.0003339,2.8679e-06,3.6148e-06,0.00020891,0.00032602,0.00034377,3.0319e-05,0.0001169,0.00034172,0.00015978,1.9222e-05,2.195e-05,0.0038747,4.8298e-05,0.0060143,1.0533e-06,1.8641e-05,1.9339e-05,0.0018539,3.7652e-05,0.00011767,0.0048222,0.0010366,0.00039289,0.0011215,2.0681e-05,0.0001613,0.0014343,0.00084407,1,1.7666e-06,0.00049766,9.2393e-07,0.00038447,0.0004116
