1,3.9785e-05,0.0082447,0.0010031,0.00062696,5.3748e-08,2.1546e-05,0.00063034,5.5061e-06,8.0726e-06,3.0533e-05,7.4174e-05,6.4935e-05,4.7841e-05,0.001536,6.2348e-05,0.0012841,2.0199e-07,1.1552e-05,0.00012041,8.1563e-05,1.1681e-06,1.3829e-05,9.109e-05,3.8737e-05,0.00089245,0.0011672,0.00063254,4.4417e-07,2.4763e-05,8.7632e-06,2.4654e-06,0.00018666,5.5033e-06,3.7011e-07,8.9432e-06,0.0019874,0.00073364,7.8168e-09,0.000109,7.7134e-05,0.00024595,0.00049351,0.00019504,1.8389e-06
3.9785e-05,1,0.00027967,0.0002877,2.5181e-05,1.1876e-05,0.00012029,1.7927e-05,5.0472e-06,0.00057937,5.0706e-05,9.8254e-05,0.012791,2.5824e-05,0.00024079,0.00010754,9.5824e-05,0.00026521,7.902e-05,8.3683e-06,2.2977e-06,1.3683e-05,0.00017194,0.00284,6.8278e-07,7.9609e-05,1.4238e-05,1.3353e-06,3.9015e-06,9.2201e-07,8.9574e-08,2.7891e-08,6.5849e-07,0.00011801,5.0509e-07,1.3471e-05,1.3327e-05,0.00010687,1.5964e-09,0.000533,0.0034694,6.8842e-06,4.9308e-07,2.7704e-05,2.7311e-06
0.0082447,0.00027967,1,0.0019632,0.0028675,1.9705e-07,0.00010966,0.0031437,3.6132e-06,2.4345e-05,4.9639e-05,0.0001156,0.00023343,0.00014697,0.010246,0.00019703,0.00060801,1.4653e-06,2.2135e-05,0.00047877,0.00011133,3.2834e-06,6.2557e-05,0.00080087,7.3376e-05,0.00079646,0.0024751,0.0008975,3.0364e-06,6.4379e-05,1.6081e-05,9.6659e-07,0.00040387,1.8843e-05,6.5859e-07,1.3667e-05,0.0014932,0.0044767,4.3448e-09,0.00062122,0.00084352,0.00052841,0.00029789,0.0012983,1.0547e-05
0.0010031,0.0002877,0.0019632,1,8.5872e-05,3.8359e-07,1.6194e-05,7.2504e-05,7.2766e-06,1.634e-05,2.4501e-05,0.00014446,0.00021362,3.2405e-05,0.00099745,0.0001046,0.00048778,1.5313e-06,8.4829e-06,1.2557e-05,2.6841e-05,3.3991e-06,9.0882e-05,0.00018428,9.5105e-06,0.0011885,0.00011782,9.1973e-05,5.3619e-06,3.0069e-06,5.7777e-06,1.9659e-06,2.8991e-05,0.00011663,3.3922e-07,1.398e-05,0.00024261,0.00022692,2.2763e-08,7.6892e-05,0.00022273,6.1714e-05,6.1175e-05,4.2107e-05,3.4404e-06
0.00062696,2.5181e-05,0.0028675,8.5872e-05,1,1.963e-07,1.6476e-05,0.0023247,5.8412e-06,1.9843e-05,0.00043532,0.00019625,1.321e-05,0.0056391,0.0030879,0.00051159,0.00012352,1.9153e-07,0.00012291,0.001526,0.00075616,8.758e-06,3.9119e-06,0.00030702,0.00017816,0.00028933,0.00059316,0.00079103,6.2911e-06,0.0005349,6.0184e-05,9.1238e-07,0.00061748,1.314e-05,1.3493e-07,2.5164e-05,0.00058869,0.0014385,4.6125e-09,4.8811e-05,0.00016679,0.00040935,0.00014366,0.0029002,5.3065e-06
5.3748e-08,1.1876e-05,1.9705e-07,3.8359e-07,1.963e-07,1,7.5688e-08,1.3626e-08,2.4339e-05,0.00022173,1.5605e-05,1.9763e-05,1.1786e-05,1.557e-06,1.5259e-07,1.25e-05,2.2716e-07,8.4628e-05,3.3197e-05,6.6771e-09,1.8597e-07,0.00036662,6.5684e-08,5.676e-06,2.1063e-09,1.23e-07,4.4482e-09,5.9791e-09,6.7108e-06,2.3667e-09,3.234e-09,5.6581e-10,1.2007e-09,2.9586e-05,3.7714e-10,1.0872e-05,1.8375e-08,5.6249e-08,2.0017e-09,4.1542e-07,3.2366e-06,5.1931e-09,3.4867e-09,2.6238e-08,1.2479e-07
2.1546e-05,0.00012029,0.00010966,1.6194e-05,1.6476e-05,7.5688e-08,1,0.00015967,2.7032e-07,6.4367e-06,4.2836e-06,1.1783e-05,3.6895e-05,6.0032e-06,0.00022625,6.4116e-06,4.1224e-06,1.7783e-06,1.6389e-06,4.0942e-05,5.204e-07,3.9693e-07,2.4268e-06,0.00011327,5.2555e-07,2.8206e-05,5.0652e-05,1.0711e-06,3.785e-07,4.5797e-06,5.7732e-08,9.7198e-09,1.8942e-06,1.1887e-06,4.3573e-07,5.6313e-07,1.9807e-05,0.00012546,1.262e-10,7.1021e-05,0.00015975,6.8168e-06,2.7725e-07,8.1061e-05,6.8852e-07
0.00063034,1.7927e-05,0.0031437,7.2504e-05,0.0023247,1.3626e-08,0.00015967,1,2.0748e-07,1.6117e-06,7.2217e-06,1.4497e-05,7.852e-06,0.000124,0.011432,1.2795e-05,1.9607e-05,1.1869e-07,4.2965e-06,0.023239,2.0657e-05,2.7653e-07,2.6811e-06,0.00012476,0.00042993,0.00017606,0.0028987,0.00029579,4.7825e-07,0.0024403,5.8955e-06,2.1557e-07,0.0018886,1.0328e-06,2.1517e-07,1.2022e-06,0.001043,0.0095057,2.7197e-10,0.00011723,0.00019451,0.00039631,8.5654e-05,0.020137,2.0525e-06
5.5061e-06,5.0472e-06,3.6132e-06,7.2766e-06,5.8412e-06,2.4339e-05,2.7032e-07,2.0748e-07,1,0.00031488,0.00049685,0.00033501,1.9117e-05,1.8387e-05,3.0604e-06,0.0010806,2.1663e-05,4.9652e-07,3.5401e-05,4.7232e-08,5.4425e-05,0.0005894,5.6675e-07,7.2788e-06,2.0328e-08,1.4393e-05,3.0388e-07,1.0565e-06,1.0661e-05,1.6437e-08,1.5309e-07,2.7018e-07,8.6547e-08,0.00019364,3.5349e-08,0.0011852,1.1061e-06,9.115e-07,8.4927e-07,1.0409e-06,1.8312e-06,3.078e-07,4.5829e-07,1.4337e-07,2.3531e-06
8.0726e-06,0.00057937,2.4345e-05,1.634e-05,1.9843e-05,0.00022173,6.4367e-06,1.6117e-06,0.00031488,1,0.00079416,0.0009888,0.0012218,4.3161e-05,1.8932e-05,0.0019795,2.2553e-05,2.2502e-05,0.0006985,5.699e-07,7.9046e-06,0.0016095,3.4657e-06,0.00021387,1.1451e-07,1.5494e-05,7.2428e-07,4.4601e-07,2.4689e-05,1.7213e-07,5.9355e-08,1.5175e-08,9.6576e-08,0.00038015,4.7024e-08,0.00017106,1.4829e-06,4.8351e-06,1.0512e-08,1.4527e-05,7.9432e-05,5.318e-07,1.3825e-07,1.9294e-06,3.8134e-06
3.0533e-05,5.0706e-05,4.9639e-05,2.4501e-05,0.00043532,1.5605e-05,4.2836e-06,7.2217e-06,0.00049685,0.00079416,1,0.0027146,4.3439e-05,0.0017172,4.661e-05,0.006064,7.5481e-05,8.0024e-07,0.0019306,4.6628e-06,0.00015999,0.00071738,1.319e-06,0.00010808,7.667e-07,5.2654e-05,4.7888e-06,4.7088e-06,2.2288e-05,1.4544e-06,1.2254e-06,1.9813e-07,1.2157e-06,0.00013667,3.5835e-08,0.00026689,8.0632e-06,1.7998e-05,4.7805e-08,5.1384e-06,3.1382e-05,4.3859e-06,1.2269e-06,1.4103e-05,1.5825e-06
7.4174e-05,9.8254e-05,0.0001156,0.00014446,0.00019625,1.9763e-05,1.1783e-05,1.4497e-05,0.00033501,0.0009888,0.0027146,1,0.00014099,0.00038524,0.00016258,0.0028844,0.00015174,2.2163e-06,0.00060022,4.4189e-06,9.7882e-05,0.0010841,3.6753e-06,0.0001538,1.4194e-06,0.00040085,9.3102e-06,1.1759e-05,0.00012466,1.6082e-06,2.9561e-06,8.2969e-07,2.7541e-06,0.00054117,5.0894e-08,0.0011148,4.4569e-05,3.9634e-05,1.4325e-07,2.7372e-05,8.5693e-05,6.6266e-06,5.0957e-06,1.6746e-05,6.023e-06
6.4935e-05,0.012791,0.00023343,0.00021362,1.321e-05,1.1786e-05,3.6895e-05,7.852e-06,1.9117e-05,0.0012218,4.3439e-05,0.00014099,1,7.2689e-06,0.00012922,0.00020495,0.00018378,9.1171e-05,4.0187e-05,1.8684e-06,3.0366e-06,2.222e-05,0.00016024,0.00042371,2.8615e-07,5.9724e-05,7.4343e-06,2.0773e-06,4.7851e-06,2.4854e-07,9.9994e-08,6.5774e-08,5.0693e-07,0.00013142,7.1351e-07,3.9903e-05,9.975e-06,5.6674e-05,8.8102e-09,0.00021453,0.00040181,3.6475e-06,8.6632e-07,6.4157e-06,7.9242e-06
4.7841e-05,2.5824e-05,0.00014697,3.2405e-05,0.0056391,1.557e-06,6.0032e-06,0.000124,1.8387e-05,4.3161e-05,0.0017172,0.00038524,7.2689e-06,1,0.00045504,0.00043401,2.9525e-05,3.7601e-07,0.00065743,0.00016219,0.00020373,3.6221e-05,1.0552e-06,0.00024171,2.9088e-05,0.00011582,4.1609e-05,2.7935e-05,8.3155e-06,6.4217e-05,6.8287e-06,1.9985e-07,2.3025e-05,2.8786e-05,2.3555e-08,3.5421e-05,5.112e-05,0.00015607,3.8683e-09,1.4701e-05,0.0001076,4.8409e-05,8.3533e-06,0.00033767,1.6462e-06
0.001536,0.00024079,0.010246,0.00099745,0.0030879,1.5259e-07,0.00022625,0.011432,3.0604e-06,1.8932e-05,4.661e-05,0.00016258,0.00012922,0.00045504,1,0.0001706,0.00029126,9.9626e-07,2.131e-05,0.001737,7.5064e-05,2.7475e-06,5.0233e-05,0.0010114,0.00013897,0.0027716,0.0034108,0.00057872,5.9027e-06,0.0002021,8.8497e-06,1.3668e-06,0.00078288,2.8198e-05,1.5651e-06,2.0946e-05,0.0022591,0.019759,4.0149e-09,0.00076419,0.001303,0.0011094,0.00016071,0.004309,2.1612e-05
6.2348e-05,0.00010754,0.00019703,0.0001046,0.00051159,1.25e-05,6.4116e-06,1.2795e-05,0.0010806,0.0019795,0.006064,0.0028844,0.00020495,0.00043401,0.0001706,1,0.00017548,1.326e-06,0.00032173,3.2044e-06,0.00048928,0.0014035,1.1898e-05,0.00030365,1.0034e-06,0.00016819,1.1177e-05,2.6508e-05,0.00026183,9.8141e-07,2.716e-06,8.137e-07,3.2668e-06,0.0022623,2.9716e-07,0.0016158,2.0594e-05,4.0794e-05,2.439e-07,2.1987e-05,7.5673e-05,9.0926e-06,4.8973e-06,1.071e-05,4.38e-05
0.0012841,9.5824e-05,0.00060801,0.00048778,0.00012352,2.2716e-07,4.1224e-06,1.9607e-05,2.1663e-05,2.2553e-05,7.5481e-05,0.00015174,0.00018378,2.9525e-05,0.00029126,0.00017548,1,4.9181e-07,1.7707e-05,6.787e-06,0.00017031,3.1041e-06,0.00011489,0.00011945,1.7846e-06,0.0007842,0.00018371,0.00019911,1.4462e-06,1.2222e-06,5.9372e-06,2.0167e-05,1.8137e-05,3.2871e-05,1.9485e-06,8.0084e-05,0.00025104,9.9644e-05,1.6416e-07,8.2709e-05,6.5333e-05,0.00010485,7.0824e-05,1.674e-05,2.7926e-06
2.0199e-07,0.00026521,1.4653e-06,1.5313e-06,1.9153e-07,8.4628e-05,1.7783e-06,1.1869e-07,4.9652e-07,2.2502e-05,8.0024e-07,2.2163e-06,9.1171e-05,3.7601e-07,9.9626e-07,1.326e-06,4.9181e-07,1,2.2455e-06,5.4602e-08,3.8665e-08,3.0411e-06,8.042e-07,5.1513e-05,4.8179e-09,3.0223e-07,4.4424e-08,1.3281e-08,4.0841e-07,7.8978e-09,1.8176e-09,3.7217e-10,5.1345e-09,4.6033e-06,5.7847e-09,1.0781e-06,1.2092e-07,7.217e-07,1.4056e-10,2.7836e-05,6.9977e-05,2.9577e-08,1.0036e-08,1.7325e-07,1.1191e-07
1.1552e-05,7.902e-05,2.2135e-05,8.4829e-06,0.00012291,3.3197e-05,1.6389e-06,4.2965e-06,3.5401e-05,0.0006985,0.0019306,0.00060022,4.0187e-05,0.00065743,2.131e-05,0.00032173,1.7707e-05,2.2455e-06,1,5.2166e-06,1.7271e-05,0.00018574,1.4102e-06,0.00016656,1.8852e-06,2.8635e-05,1.7293e-06,8.7144e-07,4.4562e-06,2.4231e-06,1.8242e-07,2.6626e-08,3.883e-07,4.4575e-05,1.2545e-08,6.9898e-05,5.9586e-06,1.4299e-05,4.1982e-09,9.8945e-06,6.9925e-05,3.0883e-06,3.6123e-07,1.1328e-05,3.8355e-07
0.00012041,8.3683e-06,0.00047877,1.2557e-05,0.001526,6.6771e-09,4.0942e-05,0.023239,4.7232e-08,5.699e-07,4.6628e-06,4.4189e-06,1.8684e-06,0.00016219,0.001737,3.2044e-06,6.787e-06,5.4602e-08,5.2166e-06,1,5.8986e-06,9.4579e-08,1.0541e-06,7.4744e-05,0.00081927,4.6015e-05,0.00090896,5.1434e-05,1.1864e-07,0.010741,2.6134e-06,5.5958e-08,0.00055372,2.6101e-07,6.3332e-08,2.9377e-07,0.00028673,0.0024294,5.8795e-11,4.7904e-05,0.00012322,0.00023692,1.7678e-05,0.043862,2.8059e-07
8.1563e-05,2.2977e-06,0.00011133,2.6841e-05,0.00075616,1.8597e-07,5.204e-07,2.0657e-05,5.4425e-05,7.9046e-06,0.00015999,9.7882e-05,3.0366e-06,0.00020373,7.5064e-05,0.00048928,0.00017031,3.8665e-08,1.7271e-05,5.8986e-06,1,1.1881e-05,1.047e-06,2.743e-05,2.2386e-06,8.8384e-05,4.211e-05,0.00083104,5.9843e-06,2.414e-06,2.593e-05,1.5388e-05,5.2667e-05,2.2517e-05,1.1611e-07,0.00018188,6.2862e-05,3.2345e-05,1.6688e-07,5.6116e-06,8.3624e-06,1.4994e-05,0.00012285,1.139e-05,5.3057e-06
1.1681e-06,1.3683e-05,3.2834e-06,3.3991e-06,8.758e-06,0.00036662,3.9693e-07,2.7653e-07,0.0005894,0.0016095,0.00071738,0.0010841,2.222e-05,3.6221e-05,2.7475e-06,0.0014035,3.1041e-06,3.0411e-06,0.00018574,9.4579e-08,1.1881e-05,1,2.7028e-07,1.6832e-05,3.4623e-08,3.6062e-06,1.4984e-07,3.2262e-07,0.00017339,4.0272e-08,9.7619e-08,2.3273e-08,4.9614e-08,0.00087583,6.0523e-09,0.00074087,5.1537e-07,1.0656e-06,8.5604e-08,1.9442e-06,6.153e-06,1.3595e-07,1.4553e-07,3.2005e-07,3.129e-06
1.3829e-05,0.00017194,6.2557e-05,9.0882e-05,3.9119e-06,6.5684e-08,2.4268e-06,2.6811e-06,5.6675e-07,3.4657e-06,1.319e-06,3.6753e-06,0.00016024,1.0552e-06,5.0233e-05,1.1898e-05,0.00011489,8.042e-07,1.4102e-06,1.0541e-06,1.047e-06,2.7028e-07,1,4.7898e-05,4.292e-07,0.0001645,2.1847e-05,4.9067e-06,1.4692e-06,1.4726e-07,1.5469e-07,7.0664e-07,1.2655e-06,2.3532e-05,2.3977e-05,5.9243e-06,1.4141e-05,4.284e-05,2.5872e-08,6.5396e-05,4.7616e-05,3.2833e-05,1.5146e-06,2.2035e-06,1.1993e-05
9.109e-05,0.00284,0.00080087,0.00018428,0.00030702,5.676e-06,0.00011327,0.00012476,7.2788e-06,0.00021387,0.00010808,0.0001538,0.00042371,0.00024171,0.0010114,0.00030365,0.00011945,5.1513e-05,0.00016656,7.4744e-05,2.743e-05,1.6832e-05,4.7898e-05,1,3.6111e-06,0.00019984,4.8657e-05,9.7188e-06,9.7234e-06,7.9797e-06,3.6818e-07,6.893e-08,4.7653e-06,0.00012126,4.8604e-07,3.7792e-05,6.8027e-05,0.00042153,1.8389e-09,0.0040499,0.099663,2.1828e-05,2.7943e-06,0.00013882,4.7188e-06
3.8737e-05,6.8278e-07,7.3376e-05,9.5105e-06,0.00017816,2.1063e-09,5.2555e-07,0.00042993,2.0328e-08,1.1451e-07,7.667e-07,1.4194e-06,2.8615e-07,2.9088e-05,0.00013897,1.0034e-06,1.7846e-06,4.8179e-09,1.8852e-06,0.00081927,2.2386e-06,3.4623e-08,4.292e-07,3.6111e-06,1,1.3806e-05,4.673e-05,3.0782e-05,6.5e-08,0.0022887,4.4671e-06,7.2976e-08,0.00026261,1.5766e-07,5.2456e-09,1.0119e-07,5.133e-05,0.00010557,8.7414e-11,2.5045e-06,5.5601e-06,7.8594e-05,2.4246e-05,0.00055475,1.1701e-07
0.00089245,7.9609e-05,0.00079646,0.0011885,0.00028933,1.23e-07,2.8206e-05,0.00017606,1.4393e-05,1.5494e-05,5.2654e-05,0.00040085,5.9724e-05,0.00011582,0.0027716,0.00016819,0.0007842,3.0223e-07,2.8635e-05,4.6015e-05,8.8384e-05,3.6062e-06,0.0001645,0.00019984,1.3806e-05,1,0.00069042,0.00023231,7.5621e-06,8.7663e-06,4.4554e-06,1.3133e-05,7.5277e-05,7.445e-05,5.3459e-06,0.00012502,0.0023024,0.0012116,9.4858e-08,0.0001512,0.00015342,0.0005002,8.221e-05,7.6084e-05,1.1443e-05
0.0011672,1.4238e-05,0.0024751,0.00011782,0.00059316,4.4482e-09,5.0652e-05,0.0028987,3.0388e-07,7.2428e-07,4.7888e-06,9.3102e-06,7.4343e-06,4.1609e-05,0.0034108,1.1177e-05,0.00018371,4.4424e-08,1.7293e-06,0.00090896,4.211e-05,1.4984e-07,2.1847e-05,4.8657e-05,4.673e-05,0.00069042,1,0.0010469,2.2046e-07,9.1308e-05,7.6989e-06,3.6034e-06,0.0025595,1.4207e-06,2.2074e-06,2.1207e-06,0.0022524,0.0046262,2.2876e-09,0.00012694,5.069e-05,0.0036839,0.00026463,0.0011235,2.6905e-06
0.00063254,1.3353e-06,0.0008975,9.1973e-05,0.00079103,5.9791e-09,1.0711e-06,0.00029579,1.0565e-06,4.4601e-07,4.7088e-06,1.1759e-05,2.0773e-06,2.7935e-05,0.00057872,2.6508e-05,0.00019911,1.3281e-08,8.7144e-07,5.1434e-05,0.00083104,3.2262e-07,4.9067e-06,9.7188e-06,3.0782e-05,0.00023231,0.0010469,1,1.1256e-06,1.7569e-05,0.00039418,6.1545e-05,0.0054701,2.4661e-06,4.4679e-07,9.6819e-06,0.0015792,0.00036691,4.0787e-08,1.4702e-05,7.3213e-06,0.00029658,0.023363,7.8281e-05,7.7075e-06
4.4417e-07,3.9015e-06,3.0364e-06,5.3619e-06,6.2911e-06,6.7108e-06,3.785e-07,4.7825e-07,1.0661e-05,2.4689e-05,2.2288e-05,0.00012466,4.7851e-06,8.3155e-06,5.9027e-06,0.00026183,1.4462e-06,4.0841e-07,4.4562e-06,1.1864e-07,5.9843e-06,0.00017339,1.4692e-06,9.7234e-06,6.5e-08,7.5621e-06,2.2046e-07,1.1256e-06,1,5.8639e-08,6.8249e-07,1.8483e-07,1.9719e-07,0.00071135,3.7579e-08,0.00017441,6.9765e-07,1.5866e-06,2.3113e-07,1.2669e-06,5.8506e-06,3.9816e-07,3.4296e-07,4.0893e-07,9.6425e-05
2.4763e-05,9.2201e-07,6.4379e-05,3.0069e-06,0.0005349,2.3667e-09,4.5797e-06,0.0024403,1.6437e-08,1.7213e-07,1.4544e-06,1.6082e-06,2.4854e-07,6.4217e-05,0.0002021,9.8141e-07,1.2222e-06,7.8978e-09,2.4231e-06,0.010741,2.414e-06,4.0272e-08,1.4726e-07,7.9797e-06,0.0022887,8.7663e-06,9.1308e-05,1.7569e-05,5.8639e-08,1,2.986e-06,3.298e-08,0.00033177,8.2131e-08,6.5258e-09,8.7982e-08,5.6089e-05,0.00019718,2.5668e-11,3.4114e-06,1.2172e-05,6.9933e-05,7.6767e-06,0.0051658,1.0842e-07
8.7632e-06,8.9574e-08,1.6081e-05,5.7777e-06,6.0184e-05,3.234e-09,5.7732e-08,5.8955e-06,1.5309e-07,5.9355e-08,1.2254e-06,2.9561e-06,9.9994e-08,6.8287e-06,8.8497e-06,2.716e-06,5.9372e-06,1.8176e-09,1.8242e-07,2.6134e-06,2.593e-05,9.7619e-08,1.5469e-07,3.6818e-07,4.4671e-06,4.4554e-06,7.6989e-06,0.00039418,6.8249e-07,2.986e-06,1,6.2765e-06,0.000123,2.6056e-07,2.9953e-09,5.7137e-07,1.8917e-05,3.1875e-06,1.1401e-08,1.9917e-07,3.1819e-07,6.8559e-06,0.00023447,7.5716e-06,3.2806e-07
2.4654e-06,2.7891e-08,9.6659e-07,1.9659e-06,9.1238e-07,5.6581e-10,9.7198e-09,2.1557e-07,2.7018e-07,1.5175e-08,1.9813e-07,8.2969e-07,6.5774e-08,1.9985e-07,1.3668e-06,8.137e-07,2.0167e-05,3.7217e-10,2.6626e-08,5.5958e-08,1.5388e-05,2.3273e-08,7.0664e-07,6.893e-08,7.2976e-08,1.3133e-05,3.6034e-06,6.1545e-05,1.8483e-07,3.298e-08,6.2765e-06,1,6.2008e-06,5.064e-07,1.4311e-07,2.9879e-06,5.3618e-06,8.0813e-07,8.0621e-06,9.3099e-08,4.368e-08,4.5506e-06,2.847e-05,1.0229e-07,8.5502e-07
0.00018666,6.5849e-07,0.00040387,2.8991e-05,0.00061748,1.2007e-09,1.8942e-06,0.0018886,8.6547e-08,9.6576e-08,1.2157e-06,2.7541e-06,5.0693e-07,2.3025e-05,0.00078288,3.2668e-06,1.8137e-05,5.1345e-09,3.883e-07,0.00055372,5.2667e-05,4.9614e-08,1.2655e-06,4.7653e-06,0.00026261,7.5277e-05,0.0025595,0.0054701,1.9719e-07,0.00033177,0.000123,6.2008e-06,1,3.1108e-07,1.1403e-07,6.8705e-07,0.00082018,0.00067868,1.4909e-09,8.157e-06,5.5609e-06,0.00084042,0.0025569,0.00084911,1.4713e-06
5.5033e-06,0.00011801,1.8843e-05,0.00011663,1.314e-05,2.9586e-05,1.1887e-06,1.0328e-06,0.00019364,0.00038015,0.00013667,0.00054117,0.00013142,2.8786e-05,2.8198e-05,0.0022623,3.2871e-05,4.6033e-06,4.4575e-05,2.6101e-07,2.2517e-05,0.00087583,2.3532e-05,0.00012126,1.5766e-07,7.445e-05,1.4207e-06,2.4661e-06,0.00071135,8.2131e-08,2.6056e-07,5.064e-07,3.1108e-07,1,1.9398e-07,0.001261,3.3555e-06,7.5438e-06,5.0815e-07,1.7908e-05,5.1709e-05,1.8062e-06,8.4446e-07,8.2471e-07,4.2623e-05
3.7011e-07,5.0509e-07,6.5859e-07,3.3922e-07,1.3493e-07,3.7714e-10,4.3573e-07,2.1517e-07,3.5349e-08,4.7024e-08,3.5835e-08,5.0894e-08,7.1351e-07,2.3555e-08,1.5651e-06,2.9716e-07,1.9485e-06,5.7847e-09,1.2545e-08,6.3332e-08,1.1611e-07,6.0523e-09,2.3977e-05,4.8604e-07,5.2456e-09,5.3459e-06,2.2074e-06,4.4679e-07,3.7579e-08,6.5258e-09,2.9953e-09,1.4311e-07,1.1403e-07,1.9398e-07,1,4.1155e-07,1.4658e-06,2.1767e-06,1.1007e-08,1.1697e-06,3.1857e-07,2.3008e-06,9.1064e-08,4.9735e-08,1.0196e-06
8.9432e-06,1.3471e-05,1.3667e-05,1.398e-05,2.5164e-05,1.0872e-05,5.6313e-07,1.2022e-06,0.0011852,0.00017106,0.00026689,0.0011148,3.9903e-05,3.5421e-05,2.0946e-05,0.0016158,8.0084e-05,1.0781e-06,6.9898e-05,2.9377e-07,0.00018188,0.00074087,5.9243e-06,3.7792e-05,1.0119e-07,0.00012502,2.1207e-06,9.6819e-06,0.00017441,8.7982e-08,5.7137e-07,2.9879e-06,6.8705e-07,0.001261,4.1155e-07,1,1.0435e-05,1.1534e-05,3.7491e-06,1.5684e-05,1.3382e-05,2.3181e-06,3.544e-06,6.685e-07,4.6759e-05
0.0019874,1.3327e-05,0.0014932,0.00024261,0.00058869,1.8375e-08,1.9807e-05,0.001043,1.1061e-06,1.4829e-06,8.0632e-06,4.4569e-05,9.975e-06,5.112e-05,0.0022591,2.0594e-05,0.00025104,1.2092e-07,5.9586e-06,0.00028673,6.2862e-05,5.1537e-07,1.4141e-05,6.8027e-05,5.133e-05,0.0023024,0.0022524,0.0015792,6.9765e-07,5.6089e-05,1.8917e-05,5.3618e-06,0.00082018,3.3555e-06,1.4658e-06,1.0435e-05,1,0.0032905,7.9236e-09,0.00016255,7.5404e-05,0.00076854,0.0010698,0.00031257,1.8926e-06
0.00073364,0.00010687,0.0044767,0.00022692,0.0014385,5.6249e-08,0.00012546,0.0095057,9.115e-07,4.8351e-06,1.7998e-05,3.9634e-05,5.6674e-05,0.00015607,0.019759,4.0794e-05,9.9644e-05,7.217e-07,1.4299e-05,0.0024294,3.2345e-05,1.0656e-06,4.284e-05,0.00042153,0.00010557,0.0012116,0.0046262,0.00036691,1.5866e-06,0.00019718,3.1875e-06,8.0813e-07,0.00067868,7.5438e-06,2.1767e-06,1.1534e-05,0.0032905,1,2.5474e-09,0.00087834,0.00059513,0.0013948,0.0001249,0.0027825,8.6714e-06
7.8168e-09,1.5964e-09,4.3448e-09,2.2763e-08,4.6125e-09,2.0017e-09,1.262e-10,2.7197e-10,8.4927e-07,1.0512e-08,4.7805e-08,1.4325e-07,8.8102e-09,3.8683e-09,4.0149e-09,2.439e-07,1.6416e-07,1.4056e-10,4.1982e-09,5.8795e-11,1.6688e-07,8.5604e-08,2.5872e-08,1.8389e-09,8.7414e-11,9.4858e-08,2.2876e-09,4.0787e-08,2.3113e-07,2.5668e-11,1.1401e-08,8.0621e-06,1.4909e-09,5.0815e-07,1.1007e-08,3.7491e-06,7.9236e-09,2.5474e-09,1,1.2946e-09,7.261e-10,5.1756e-09,2.1632e-08,1.2461e-10,8.6929e-08
0.000109,0.000533,0.00062122,7.6892e-05,4.8811e-05,4.1542e-07,7.1021e-05,0.00011723,1.0409e-06,1.4527e-05,5.1384e-06,2.7372e-05,0.00021453,1.4701e-05,0.00076419,2.1987e-05,8.2709e-05,2.7836e-05,9.8945e-06,4.7904e-05,5.6116e-06,1.9442e-06,6.5396e-05,0.0040499,2.5045e-06,0.0001512,0.00012694,1.4702e-05,1.2669e-06,3.4114e-06,1.9917e-07,9.3099e-08,8.157e-06,1.7908e-05,1.1697e-06,1.5684e-05,0.00016255,0.00087834,1.2946e-09,1,0.0063252,2.9322e-05,9.194e-06,7.4342e-05,4.5004e-06
7.7134e-05,0.0034694,0.00084352,0.00022273,0.00016679,3.2366e-06,0.00015975,0.00019451,1.8312e-06,7.9432e-05,3.1382e-05,8.5693e-05,0.00040181,0.0001076,0.001303,7.5673e-05,6.5333e-05,6.9977e-05,6.9925e-05,0.00012322,8.3624e-06,6.153e-06,4.7616e-05,0.099663,5.5601e-06,0.00015342,5.069e-05,7.3213e-06,5.8506e-06,1.2172e-05,3.1819e-07,4.368e-08,5.5609e-06,5.1709e-05,3.1857e-07,1.3382e-05,7.5404e-05,0.00059513,7.261e-10,0.0063252,1,2.0019e-05,2.762e-06,0.00023229,3.2736e-06
0.00024595,6.8842e-06,0.00052841,6.1714e-05,0.00040935,5.1931e-09,6.8168e-06,0.00039631,3.078e-07,5.318e-07,4.3859e-06,6.6266e-06,3.6475e-06,4.8409e-05,0.0011094,9.0926e-06,0.00010485,2.9577e-08,3.0883e-06,0.00023692,1.4994e-05,1.3595e-07,3.2833e-05,2.1828e-05,7.8594e-05,0.0005002,0.0036839,0.00029658,3.9816e-07,6.9933e-05,6.8559e-06,4.5506e-06,0.00084042,1.8062e-06,2.3008e-06,2.3181e-06,0.00076854,0.0013948,5.1756e-09,2.9322e-05,2.0019e-05,1,0.00011641,0.00031352,2e-06
0.00049351,4.9308e-07,0.00029789,6.1175e-05,0.00014366,3.4867e-09,2.7725e-07,8.5654e-05,4.5829e-07,1.3825e-07,1.2269e-06,5.0957e-06,8.6632e-07,8.3533e-06,0.00016071,4.8973e-06,7.0824e-05,1.0036e-08,3.6123e-07,1.7678e-05,0.00012285,1.4553e-07,1.5146e-06,2.7943e-06,2.4246e-05,8.221e-05,0.00026463,0.023363,3.4296e-07,7.6767e-06,0.00023447,2.847e-05,0.0025569,8.4446e-07,9.1064e-08,3.544e-06,0.0010698,0.0001249,2.1632e-08,9.194e-06,2.762e-06,0.00011641,1,2.9912e-05,1.8155e-06
0.00019504,2.7704e-05,0.0012983,4.2107e-05,0.0029002,2.6238e-08,8.1061e-05,0.020137,1.4337e-07,1.9294e-06,1.4103e-05,1.6746e-05,6.4157e-06,0.00033767,0.004309,1.071e-05,1.674e-05,1.7325e-07,1.1328e-05,0.043862,1.139e-05,3.2005e-07,2.2035e-06,0.00013882,0.00055475,7.6084e-05,0.0011235,7.8281e-05,4.0893e-07,0.0051658,7.5716e-06,1.0229e-07,0.00084911,8.2471e-07,4.9735e-08,6.685e-07,0.00031257,0.0027825,1.2461e-10,7.4342e-05,0.00023229,0.00031352,2.9912e-05,1,6.3163e-07
1.8389e-06,2.7311e-06,1.0547e-05,3.4404e-06,5.3065e-06,1.2479e-07,6.8852e-07,2.0525e-06,2.3531e-06,3.8134e-06,1.5825e-06,6.023e-06,7.9242e-06,1.6462e-06,2.1612e-05,4.38e-05,2.7926e-06,1.1191e-07,3.8355e-07,2.8059e-07,5.3057e-06,3.129e-06,1.1993e-05,4.7188e-06,1.1701e-07,1.1443e-05,2.6905e-06,7.7075e-06,9.6425e-05,1.0842e-07,3.2806e-07,8.5502e-07,1.4713e-06,4.2623e-05,1.0196e-06,4.6759e-05,1.8926e-06,8.6714e-06,8.6929e-08,4.5004e-06,3.2736e-06,2e-06,1.8155e-06,6.3163e-07,1
