1,3.7817e-05,6.028e-06,2.424e-05,4.7101e-06,2.5186e-06,0.00095253,0.00017297,4.4173e-06,0.00037273,8.5573e-05,0.00050445,6.548e-06,1.1765e-05,0.0014101,3.092e-06,0.00015224,6.3846e-06,1.4298e-05,0.00077566,0.00081439,0.00024839,7.1039e-06,1.7665e-05,0.00024044,1.297e-06,0.00012454,1.4103e-05,4.3633e-06,3.0387e-10,1.253e-05,0.00081227,7.1885e-06,0.00016528,6.0368e-06,7.0778e-05,2.9131e-05,1.4445e-05,1.3766e-05,5.605e-05
3.7817e-05,1,9.1589e-05,0.034456,3.9338e-05,2.705e-06,0.00068775,0.0034531,5.2882e-05,0.0025498,0.0029916,0.00034261,0.0043317,2.1184e-05,0.00011109,2.8091e-05,0.0014858,0.00010293,0.00012364,0.014047,0.0020128,1.7127e-06,2.5637e-07,0.00081672,9.4482e-05,0.00021395,0.001155,0.0010077,0.0045812,1.5244e-08,2.6562e-05,0.0020536,1.4867e-05,0.0027509,1.0554e-07,5.456e-05,0.0010871,3.665e-05,0.00031536,1.894e-05
6.028e-06,9.1589e-05,1,0.00019628,0.0016004,0.00013785,0.00027843,0.00080202,0.0065881,0.00046026,0.0030557,0.00056235,0.00011101,5.9018e-05,1.7434e-05,0.0080758,0.00083852,0.00066792,0.00023365,7.5892e-05,2.3894e-05,1.8564e-06,3.051e-07,1.7839e-06,3.0843e-07,4.5244e-07,4.7637e-06,5.3888e-06,1.4088e-05,2.0761e-10,6.0323e-08,3.7898e-05,1.2953e-06,9.7525e-06,1.4124e-09,0.00033666,2.5066e-06,1.3547e-07,4.2917e-06,1.0875e-07
2.424e-05,0.034456,0.00019628,1,9.2888e-05,2.5331e-06,0.0016727,0.0058688,4.103e-05,0.0050558,0.0023346,0.00066109,0.003914,3.5868e-05,2.7577e-05,9.171e-05,0.0011093,0.00020128,6.7845e-05,0.0071547,0.0026137,3.1319e-06,6.183e-07,0.00029112,4.6932e-05,0.00022922,0.00058522,0.003511,0.003003,1.6992e-08,1.9434e-05,0.0021868,2.7767e-05,0.0034795,1.0302e-07,0.00019083,0.0018057,2.6464e-05,0.00077,1.3042e-05
4.7101e-06,3.9338e-05,0.0016004,9.2888e-05,1,0.0022813,0.00011325,0.001586,0.0012104,6.516e-05,0.00014247,0.00012616,1.1976e-05,0.0008163,1.0139e-05,0.0060307,0.0015707,0.0071928,0.00064887,6.1138e-05,1.1224e-05,9.9569e-07,1.4835e-06,2.1299e-07,1.9301e-07,1.0784e-07,6.262e-07,2.1173e-06,1.7277e-06,4.0915e-11,1.8254e-08,6.4793e-06,9.9794e-06,6.5385e-06,3.0632e-09,0.00056218,1.4535e-06,4.3221e-08,8.8519e-07,7.0365e-08
2.5186e-06,2.705e-06,0.00013785,2.5331e-06,0.0022813,1,1.0106e-05,0.00012263,0.0014061,5.0761e-06,1.9469e-05,1.3363e-05,5.0697e-07,0.00066171,1.5229e-05,0.00012008,0.00029249,0.00072238,0.0017064,6.5667e-06,8.8056e-07,2.5791e-07,1.9576e-07,2.2527e-08,3.4123e-08,5.0621e-09,8.0009e-08,7.4756e-08,1.3536e-07,3.4652e-12,2.0291e-09,7.2854e-07,1.1014e-06,3.5794e-07,6.4661e-10,4.4841e-05,6.4039e-08,8.2676e-09,3.2454e-08,2.6364e-08
0.00095253,0.00068775,0.00027843,0.0016727,0.00011325,1.0106e-05,1,0.0036061,5.2961e-05,0.037806,0.0017664,0.053191,0.00016199,0.00010795,7.8508e-05,0.00029478,0.0010092,9.612e-05,7.3724e-05,0.0056943,0.0079656,0.00040024,3.9228e-05,6.6994e-05,9.7444e-05,3.1633e-05,0.00026438,0.0003827,8.8061e-05,2.3014e-09,2.511e-05,0.0057248,4.1498e-05,0.0020474,1.3808e-06,0.0048714,0.00028807,2.9617e-05,0.00042456,2.5216e-05
0.00017297,0.0034531,0.00080202,0.0058688,0.001586,0.00012263,0.0036061,1,0.00057984,0.0044572,0.0035962,0.0024128,0.00030885,0.0014229,0.00034561,0.00039271,0.015475,0.0018502,0.0015601,0.0054717,0.0013201,9.4697e-06,1.8988e-06,2.1295e-05,1.8267e-05,6.985e-06,7.2856e-05,0.00021346,0.00013018,1.2383e-09,1.7251e-06,0.00086492,2.7841e-05,0.00039033,9.9941e-08,0.00064714,9.2156e-05,5.1571e-06,4.0774e-05,6.5628e-06
4.4173e-06,5.2882e-05,0.0065881,4.103e-05,0.0012104,0.0014061,5.2961e-05,0.00057984,1,6.5669e-05,0.0010593,8.7081e-05,3.12e-05,0.00017153,8.3959e-05,0.00038475,0.0022179,0.0011624,0.002736,4.2755e-05,5.6979e-06,3.662e-07,9.2275e-08,6.6756e-07,1.4534e-07,7.5454e-08,1.747e-06,7.6824e-07,4.5942e-06,4.0731e-11,1.7786e-08,7.7558e-06,1.3381e-06,2.1295e-06,8.2334e-10,7.1846e-05,4.1514e-07,6.4047e-08,3.2694e-07,7.6236e-08
0.00037273,0.0025498,0.00046026,0.0050558,6.516e-05,5.0761e-06,0.037806,0.0044572,6.5669e-05,1,0.010857,0.021326,0.0006627,5.5824e-05,8.4641e-05,0.00020451,0.00097252,5.6136e-05,6.389e-05,0.0062455,0.0078377,6.5729e-05,4.4182e-06,0.00026652,9.7472e-05,9.0648e-05,0.00088049,0.0014865,0.00073305,7.1657e-09,3.0793e-05,0.0095815,1.5826e-05,0.0032193,5.3919e-07,0.0011023,0.00055948,2.1816e-05,0.00071912,1.6586e-05
8.5573e-05,0.0029916,0.0030557,0.0023346,0.00014247,1.9469e-05,0.0017664,0.0035962,0.0010593,0.010857,1,0.0024396,0.0012661,6.5533e-05,0.00027606,0.0001928,0.0032738,0.00015483,0.00031958,0.0017016,0.00049014,4.3557e-06,3.9336e-07,0.00016895,1.5937e-05,1.0341e-05,0.00035384,0.00011646,0.00083907,1.9158e-09,3.6536e-06,0.0011345,1.1308e-05,0.00034652,3.8014e-08,0.00031659,5.8347e-05,4.6627e-06,5.4676e-05,3.1478e-06
0.00050445,0.00034261,0.00056235,0.00066109,0.00012616,1.3363e-05,0.053191,0.0024128,8.7081e-05,0.021326,0.0024396,1,0.00016117,8.0328e-05,6.4116e-05,0.00051254,0.00052235,5.3801e-05,4.6189e-05,0.0013731,0.0024317,0.00035391,1.8573e-05,4.2706e-05,3.5583e-05,1.4576e-05,0.00012327,0.00017392,4.7712e-05,1.6929e-09,9.4589e-06,0.0034605,1.3332e-05,0.00060049,4.9299e-07,0.0032982,0.00011381,8.8704e-06,0.00021644,6.1891e-06
6.548e-06,0.0043317,0.00011101,0.003914,1.1976e-05,5.0697e-07,0.00016199,0.00030885,3.12e-05,0.0006627,0.0012661,0.00016117,1,2.4287e-06,1.7226e-05,2.3085e-05,0.00021481,2.0443e-05,9.5612e-06,0.00054041,0.00042367,7.9658e-07,6.8869e-08,0.00061398,9.8874e-06,0.00016015,0.00042482,0.00040033,0.0009098,9.8558e-09,8.969e-06,0.00058153,1.7871e-06,0.00023811,1.5192e-08,2.1884e-05,0.00029351,1.0832e-05,0.00017787,2.3492e-06
1.1765e-05,2.1184e-05,5.9018e-05,3.5868e-05,0.0008163,0.00066171,0.00010795,0.0014229,0.00017153,5.5824e-05,6.5533e-05,8.0328e-05,2.4287e-06,1,1.9742e-05,5.6336e-05,0.00083612,0.00030326,0.0012011,5.587e-05,1.2736e-05,1.1866e-06,1.6517e-06,2.2965e-07,7.9345e-07,8.036e-08,8.1075e-07,2.6181e-06,1.2788e-06,2.3406e-11,4.273e-08,5.7051e-06,2.4046e-05,4.654e-06,2.1417e-08,0.0001909,6.7819e-07,9.728e-08,5.6433e-07,3.2811e-07
0.0014101,0.00011109,1.7434e-05,2.7577e-05,1.0139e-05,1.5229e-05,7.8508e-05,0.00034561,8.3959e-05,8.4641e-05,0.00027606,6.4116e-05,1.7226e-05,1.9742e-05,1,2.1005e-06,0.0010486,3.4272e-05,0.00022126,0.00050476,9.9491e-05,2.7693e-06,1.5549e-07,1.6707e-05,2.3292e-05,3.3922e-07,6.7142e-05,3.183e-06,8.1303e-06,1.2123e-10,1.0358e-06,0.00014734,2.885e-06,2.1701e-05,7.9881e-08,1.1941e-05,4.7733e-06,4.2013e-06,1.3483e-06,1.0123e-05
3.092e-06,2.8091e-05,0.0080758,9.171e-05,0.0060307,0.00012008,0.00029478,0.00039271,0.00038475,0.00020451,0.0001928,0.00051254,2.3085e-05,5.6336e-05,2.1005e-06,1,0.00023368,0.00043084,6.4003e-05,4.0476e-05,1.7836e-05,4.4533e-06,3.2182e-06,3.6041e-07,1.8712e-07,3.9662e-07,9.191e-07,3.7438e-06,2.3238e-06,1.6453e-10,3.6473e-08,1.3612e-05,1.6586e-06,9.3041e-06,2.3337e-09,0.00086337,2.3408e-06,5.0142e-08,4.9205e-06,4.7043e-08
0.00015224,0.0014858,0.00083852,0.0011093,0.0015707,0.00029249,0.0010092,0.015475,0.0022179,0.00097252,0.0032738,0.00052235,0.00021481,0.00083612,0.0010486,0.00023368,1,0.0022826,0.0067074,0.0033974,0.00031758,2.9679e-06,1.0584e-06,1.477e-05,1.0691e-05,1.9647e-06,4.3787e-05,2.6136e-05,6.3848e-05,2.6081e-10,7.2435e-07,0.00020289,3.243e-05,0.00011455,3.5677e-08,0.00035016,1.9789e-05,2.069e-06,9.5563e-06,2.6358e-06
6.3846e-06,0.00010293,0.00066792,0.00020128,0.0071928,0.00072238,9.612e-05,0.0018502,0.0011624,5.6136e-05,0.00015483,5.3801e-05,2.0443e-05,0.00030326,3.4272e-05,0.00043084,0.0022826,1,0.0024576,0.00014825,1.6498e-05,6.186e-07,5.2379e-07,4.5231e-07,3.2613e-07,1.4409e-07,1.7489e-06,2.5228e-06,3.3928e-06,4.8771e-11,3.8181e-08,1.1865e-05,1.697e-05,8.1164e-06,3.4702e-09,0.00022921,2.4785e-06,1.9985e-07,9.4233e-07,4.0215e-07
1.4298e-05,0.00012364,0.00023365,6.7845e-05,0.00064887,0.0017064,7.3724e-05,0.0015601,0.002736,6.389e-05,0.00031958,4.6189e-05,9.5612e-06,0.0012011,0.00022126,6.4003e-05,0.0067074,0.0024576,1,0.00020985,1.4546e-05,5.3297e-07,2.6648e-07,7.4539e-07,1.0055e-06,1.301e-07,2.5452e-06,1.2867e-06,5.4976e-06,4.821e-11,5.4801e-08,1.1794e-05,8.7436e-06,6.8217e-06,4.8315e-09,6.6673e-05,9.7848e-07,2.5594e-07,5.4721e-07,6.9373e-07
0.00077566,0.014047,7.5892e-05,0.0071547,6.1138e-05,6.5667e-06,0.0056943,0.0054717,4.2755e-05,0.0062455,0.0017016,0.0013731,0.00054041,5.587e-05,0.00050476,4.0476e-05,0.0033974,0.00014825,0.00020985,1,0.015913,1.8151e-05,2.5646e-06,0.00035312,0.00079387,9.3655e-05,0.0018519,0.00074497,0.0004877,4.81e-09,7.7574e-05,0.0066475,4.2802e-05,0.007314,6.3778e-07,0.0002484,0.0017107,7.7663e-05,0.00049537,0.00014286
0.00081439,0.0020128,2.3894e-05,0.0026137,1.1224e-05,8.8056e-07,0.0079656,0.0013201,5.6979e-06,0.0078377,0.00049014,0.0024317,0.00042367,1.2736e-05,9.9491e-05,1.7836e-05,0.00031758,1.6498e-05,1.4546e-05,0.015913,1,9.294e-05,5.3843e-06,0.00059386,0.0014883,0.00038823,0.0024773,0.0025103,0.00023338,1.0833e-08,0.00031001,0.036189,1.1469e-05,0.011783,1.6726e-06,0.00014126,0.0048164,0.00021474,0.0030176,0.0001963
0.00024839,1.7127e-06,1.8564e-06,3.1319e-06,9.9569e-07,2.5791e-07,0.00040024,9.4697e-06,3.662e-07,6.5729e-05,4.3557e-06,0.00035391,7.9658e-07,1.1866e-06,2.7693e-06,4.4533e-06,2.9679e-06,6.186e-07,5.3297e-07,1.8151e-05,9.294e-05,1,0.00019297,9.4332e-07,5.749e-06,7.4831e-07,3.5181e-06,3.2755e-06,2.49e-07,3.6081e-10,2.8789e-06,0.00011343,6.2528e-07,1.6541e-05,1.9536e-06,8.7537e-05,4.2661e-06,2.8319e-06,1.6048e-05,3.3785e-06
7.1039e-06,2.5637e-07,3.051e-07,6.183e-07,1.4835e-06,1.9576e-07,3.9228e-05,1.8988e-06,9.2275e-08,4.4182e-06,3.9336e-07,1.8573e-05,6.8869e-08,1.6517e-06,1.5549e-07,3.2182e-06,1.0584e-06,5.2379e-07,2.6648e-07,2.5646e-06,5.3843e-06,0.00019297,1,4.6341e-08,7.7882e-07,6.1842e-08,1.3781e-07,2.5409e-07,2.007e-08,2.3217e-11,2.2885e-07,1.9004e-06,6.6004e-06,3.4138e-06,8.5647e-07,5.413e-05,3.2089e-07,6.9077e-08,1.4569e-06,1.4233e-07
1.7665e-05,0.00081672,1.7839e-06,0.00029112,2.1299e-07,2.2527e-08,6.6994e-05,2.1295e-05,6.6756e-07,0.00026652,0.00016895,4.2706e-05,0.00061398,2.2965e-07,1.6707e-05,3.6041e-07,1.477e-05,4.5231e-07,7.4539e-07,0.00035312,0.00059386,9.4332e-07,4.6341e-08,1,0.00036986,0.00051737,0.0087746,0.00047889,0.0020886,2.4143e-08,0.00108,0.0015665,2.2082e-06,0.00095404,3.4808e-07,3.0345e-06,0.0007109,0.00023548,0.00032425,3.0021e-05
0.00024044,9.4482e-05,3.0843e-07,4.6932e-05,1.9301e-07,3.4123e-08,9.7444e-05,1.8267e-05,1.4534e-07,9.7472e-05,1.5937e-05,3.5583e-05,9.8874e-06,7.9345e-07,2.3292e-05,1.8712e-07,1.0691e-05,3.2613e-07,1.0055e-06,0.00079387,0.0014883,5.749e-06,7.7882e-07,0.00036986,1,5.7514e-05,0.0011198,0.00010296,3.2861e-05,3.9066e-09,0.0023043,0.00068122,7.5589e-06,0.0017889,5.9118e-06,3.6021e-06,0.00047477,0.00013514,0.00025745,0.00053452
1.297e-06,0.00021395,4.5244e-07,0.00022922,1.0784e-07,5.0621e-09,3.1633e-05,6.985e-06,7.5454e-08,9.0648e-05,1.0341e-05,1.4576e-05,0.00016015,8.036e-08,3.3922e-07,3.9662e-07,1.9647e-06,1.4409e-07,1.301e-07,9.3655e-05,0.00038823,7.4831e-07,6.1842e-08,0.00051737,5.7514e-05,1,0.00025146,0.001251,0.00034337,2.5146e-07,0.00035563,0.0002924,2.2931e-07,0.00072739,2.1634e-07,1.1076e-06,0.0031794,6.3631e-05,0.0029788,5.6254e-06
0.00012454,0.001155,4.7637e-06,0.00058522,6.262e-07,8.0009e-08,0.00026438,7.2856e-05,1.747e-06,0.00088049,0.00035384,0.00012327,0.00042482,8.1075e-07,6.7142e-05,9.191e-07,4.3787e-05,1.7489e-06,2.5452e-06,0.0018519,0.0024773,3.5181e-06,1.3781e-07,0.0087746,0.0011198,0.00025146,1,0.00053094,0.0010238,2.3149e-08,0.00094367,0.0037694,3.8294e-06,0.0022517,5.7055e-07,9.3123e-06,0.001348,0.00023404,0.00037439,0.00019599
1.4103e-05,0.0010077,5.3888e-06,0.003511,2.1173e-06,7.4756e-08,0.0003827,0.00021346,7.6824e-07,0.0014865,0.00011646,0.00017392,0.00040033,2.6181e-06,3.183e-06,3.7438e-06,2.6136e-05,2.5228e-06,1.2867e-06,0.00074497,0.0025103,3.2755e-06,2.5409e-07,0.00047889,0.00010296,0.001251,0.00053094,1,0.0013422,1.2071e-07,0.00013273,0.0016061,3.1351e-06,0.0024055,5.1928e-07,2.1388e-05,0.0059567,5.3741e-05,0.0021162,2.6397e-05
4.3633e-06,0.0045812,1.4088e-05,0.003003,1.7277e-06,1.3536e-07,8.8061e-05,0.00013018,4.5942e-06,0.00073305,0.00083907,4.7712e-05,0.0009098,1.2788e-06,8.1303e-06,2.3238e-06,6.3848e-05,3.3928e-06,5.4976e-06,0.0004877,0.00023338,2.49e-07,2.007e-08,0.0020886,3.2861e-05,0.00034337,0.0010238,0.0013422,1,8.6729e-08,3.326e-05,0.00051806,2.2057e-06,0.00093322,5.8542e-08,6.0542e-06,0.00049316,2.6976e-05,0.00015353,6.5778e-06
3.0387e-10,1.5244e-08,2.0761e-10,1.6992e-08,4.0915e-11,3.4652e-12,2.3014e-09,1.2383e-09,4.0731e-11,7.1657e-09,1.9158e-09,1.6929e-09,9.8558e-09,2.3406e-11,1.2123e-10,1.6453e-10,2.6081e-10,4.8771e-11,4.821e-11,4.81e-09,1.0833e-08,3.6081e-10,2.3217e-11,2.4143e-08,3.9066e-09,2.5146e-07,2.3149e-08,1.2071e-07,8.6729e-08,1,2.7881e-08,1.2875e-08,2.9179e-11,3.5303e-08,1.1304e-10,1.8007e-10,7.7016e-08,2.1773e-08,8.2717e-08,5.1203e-09
1.253e-05,2.6562e-05,6.0323e-08,1.9434e-05,1.8254e-08,2.0291e-09,2.511e-05,1.7251e-06,1.7786e-08,3.0793e-05,3.6536e-06,9.4589e-06,8.969e-06,4.273e-08,1.0358e-06,3.6473e-08,7.2435e-07,3.8181e-08,5.4801e-08,7.7574e-05,0.00031001,2.8789e-06,2.2885e-07,0.00108,0.0023043,0.00035563,0.00094367,0.00013273,3.326e-05,2.7881e-08,1,0.00033757,1.3145e-06,0.00059059,6.909e-06,1.0401e-06,0.00069533,0.00076625,0.00052095,0.00025993
0.00081227,0.0020536,3.7898e-05,0.0021868,6.4793e-06,7.2854e-07,0.0057248,0.00086492,7.7558e-06,0.0095815,0.0011345,0.0034605,0.00058153,5.7051e-06,0.00014734,1.3612e-05,0.00020289,1.1865e-05,1.1794e-05,0.0066475,0.036189,0.00011343,1.9004e-06,0.0015665,0.00068122,0.0002924,0.0037694,0.0016061,0.00051806,1.2875e-08,0.00033757,1,6.6396e-06,0.0065913,1.3427e-06,0.00013043,0.0034284,0.00041564,0.0026139,0.00014195
7.1885e-06,1.4867e-05,1.2953e-06,2.7767e-05,9.9794e-06,1.1014e-06,4.1498e-05,2.7841e-05,1.3381e-06,1.5826e-05,1.1308e-05,1.3332e-05,1.7871e-06,2.4046e-05,2.885e-06,1.6586e-06,3.243e-05,1.697e-05,8.7436e-06,4.2802e-05,1.1469e-05,6.2528e-07,6.6004e-06,2.2082e-06,7.5589e-06,2.2931e-07,3.8294e-06,3.1351e-06,2.2057e-06,2.9179e-11,1.3145e-06,6.6396e-06,1,4.2491e-05,6.0436e-07,0.00013065,3.6985e-06,5.1067e-07,1.6805e-06,1.4728e-06
0.00016528,0.0027509,9.7525e-06,0.0034795,6.5385e-06,3.5794e-07,0.0020474,0.00039033,2.1295e-06,0.0032193,0.00034652,0.00060049,0.00023811,4.654e-06,2.1701e-05,9.3041e-06,0.00011455,8.1164e-06,6.8217e-06,0.007314,0.011783,1.6541e-05,3.4138e-06,0.00095404,0.0017889,0.00072739,0.0022517,0.0024055,0.00093322,3.5303e-08,0.00059059,0.0065913,4.2491e-05,1,2.3408e-06,9.3579e-05,0.011221,9.7088e-05,0.0037818,9.0966e-05
6.0368e-06,1.0554e-07,1.4124e-09,1.0302e-07,3.0632e-09,6.4661e-10,1.3808e-06,9.9941e-08,8.2334e-10,5.3919e-07,3.8014e-08,4.9299e-07,1.5192e-08,2.1417e-08,7.9881e-08,2.3337e-09,3.5677e-08,3.4702e-09,4.8315e-09,6.3778e-07,1.6726e-06,1.9536e-06,8.5647e-07,3.4808e-07,5.9118e-06,2.1634e-07,5.7055e-07,5.1928e-07,5.8542e-08,1.1304e-10,6.909e-06,1.3427e-06,6.0436e-07,2.3408e-06,1,2.1189e-07,9.4621e-07,2.1798e-06,3.5438e-07,2.0513e-06
7.0778e-05,5.456e-05,0.00033666,0.00019083,0.00056218,4.4841e-05,0.0048714,0.00064714,7.1846e-05,0.0011023,0.00031659,0.0032982,2.1884e-05,0.0001909,1.1941e-05,0.00086337,0.00035016,0.00022921,6.6673e-05,0.0002484,0.00014126,8.7537e-05,5.413e-05,3.0345e-06,3.6021e-06,1.1076e-06,9.3123e-06,2.1388e-05,6.0542e-06,1.8007e-10,1.0401e-06,0.00013043,0.00013065,9.3579e-05,2.1189e-07,1,1.5578e-05,1.2397e-06,1.8207e-05,1.6878e-06
2.9131e-05,0.0010871,2.5066e-06,0.0018057,1.4535e-06,6.4039e-08,0.00028807,9.2156e-05,4.1514e-07,0.00055948,5.8347e-05,0.00011381,0.00029351,6.7819e-07,4.7733e-06,2.3408e-06,1.9789e-05,2.4785e-06,9.7848e-07,0.0017107,0.0048164,4.2661e-06,3.2089e-07,0.0007109,0.00047477,0.0031794,0.001348,0.0059567,0.00049316,7.7016e-08,0.00069533,0.0034284,3.6985e-06,0.011221,9.4621e-07,1.5578e-05,1,0.00021681,0.0055336,8.5061e-05
1.4445e-05,3.665e-05,1.3547e-07,2.6464e-05,4.3221e-08,8.2676e-09,2.9617e-05,5.1571e-06,6.4047e-08,2.1816e-05,4.6627e-06,8.8704e-06,1.0832e-05,9.728e-08,4.2013e-06,5.0142e-08,2.069e-06,1.9985e-07,2.5594e-07,7.7663e-05,0.00021474,2.8319e-06,6.9077e-08,0.00023548,0.00013514,6.3631e-05,0.00023404,5.3741e-05,2.6976e-05,2.1773e-08,0.00076625,0.00041564,5.1067e-07,9.7088e-05,2.1798e-06,1.2397e-06,0.00021681,1,7.0144e-05,0.00084008
1.3766e-05,0.00031536,4.2917e-06,0.00077,8.8519e-07,3.2454e-08,0.00042456,4.0774e-05,3.2694e-07,0.00071912,5.4676e-05,0.00021644,0.00017787,5.6433e-07,1.3483e-06,4.9205e-06,9.5563e-06,9.4233e-07,5.4721e-07,0.00049537,0.0030176,1.6048e-05,1.4569e-06,0.00032425,0.00025745,0.0029788,0.00037439,0.0021162,0.00015353,8.2717e-08,0.00052095,0.0026139,1.6805e-06,0.0037818,3.5438e-07,1.8207e-05,0.0055336,7.0144e-05,1,1.5776e-05
5.605e-05,1.894e-05,1.0875e-07,1.3042e-05,7.0365e-08,2.6364e-08,2.5216e-05,6.5628e-06,7.6236e-08,1.6586e-05,3.1478e-06,6.1891e-06,2.3492e-06,3.2811e-07,1.0123e-05,4.7043e-08,2.6358e-06,4.0215e-07,6.9373e-07,0.00014286,0.0001963,3.3785e-06,1.4233e-07,3.0021e-05,0.00053452,5.6254e-06,0.00019599,2.6397e-05,6.5778e-06,5.1203e-09,0.00025993,0.00014195,1.4728e-06,9.0966e-05,2.0513e-06,1.6878e-06,8.5061e-05,0.00084008,1.5776e-05,1
