1,0.00021282,0.00034482,5.562e-06,1.1829e-05,2.5456e-05,0.00011158,0.00010737,9.4682e-05,0.0003953,3.6173e-05,5.2562e-05,0.00030871,0.0015939,9.3582e-05,1.0069e-05,7.9802e-05,4.6101e-07,2.282e-05,9.8481e-06,3.5354e-06,0.00060313,0.00057195,2.8248e-06,1.2561e-06,0.00016843,6.6948e-06,0.00040117,6.5272e-05,1.0633e-05,5.9807e-07,0.00023573,3.4987e-06,1.225e-05,1.7499e-06,0.00015166,7.6025e-06,5.5241e-06,3.843e-05,1.4414e-06,0.00033469,0.00020588,1.386e-06,0.00027428,9.9272e-05,7.091e-06,3.9604e-07,4.9958e-05,5.4599e-07,1.0927e-07,7.5343e-06,0.001458,4.4292e-06,5.0062e-06,0.00042272,0.00022326,1.3502e-06,1.3289e-06,0.00095065
0.00021282,1,0.0002232,0.0016329,0.000345,0.00053136,0.0011442,0.0012694,0.00074534,0.0024402,0.00043224,0.00016484,0.0018232,0.00028263,0.00019934,0.00011832,0.002095,8.568e-07,0.0011431,1.1026e-05,1.291e-06,0.00027155,0.0003182,1.1871e-06,4.5729e-06,6.5126e-05,0.00030628,0.0022781,0.00015073,0.00022609,5.2658e-05,0.00047559,2.4114e-05,9.6468e-06,6.7542e-06,0.00020357,2.6177e-05,8.4297e-05,3.2009e-05,3.0255e-08,0.00076093,2.5499e-05,3.8681e-05,0.00027029,0.0019689,0.00013723,1.1355e-05,0.00020411,6.9132e-06,1.9984e-07,0.00015917,0.00024217,7.3572e-05,0.00016498,0.00016777,0.00084092,0.00013026,6.6552e-06,0.00059749
0.00034482,0.0002232,1,3.3644e-06,8.3591e-05,0.00029273,8.315e-05,0.0032243,0.01603,0.0012029,0.00077933,8.7421e-05,0.0049643,0.00084126,0.096711,0.00013236,0.004108,0.00010681,0.00013169,1.728e-06,0.00038841,0.0047329,0.0020839,0.00038371,0.00033503,2.3058e-05,4.024e-05,0.02392,0.049306,0.00019458,3.3521e-06,0.00026695,4.4522e-05,8.5645e-06,6.3909e-05,0.002015,6.1558e-06,1.8017e-05,0.00012048,4.7922e-07,0.00022656,1.6175e-05,3.8737e-06,0.00077878,0.00025291,1.0806e-05,1.1312e-06,9.3307e-05,1.9674e-05,6.3143e-06,3.4862e-05,0.00048585,2.9956e-06,1.922e-06,3.999e-05,0.00034801,2.0281e-06,4.7016e-06,0.001194
5.562e-06,0.0016329,3.3644e-06,1,8.2417e-05,0.00010557,0.00038545,6.7078e-05,1.4633e-05,0.00019884,2.1392e-05,1.308e-05,3.4851e-05,1.087e-05,3.7084e-06,6.7335e-05,4.1107e-05,2.9137e-08,0.00022257,4.7443e-06,3.0082e-08,3.4082e-06,6.3873e-06,2.6766e-08,1.2749e-07,9.8278e-06,0.00013979,3.4134e-05,2.1573e-06,2.7343e-05,4.6785e-05,2.1659e-05,2.3398e-06,1.3363e-06,3.9445e-07,5.2047e-06,1.0516e-05,1.0104e-05,1.3119e-06,1.0751e-09,5.737e-05,3.1562e-06,2.239e-05,3.3347e-06,0.00026976,9.8783e-05,5.6722e-06,1.9516e-05,7.761e-07,1.2829e-08,3.126e-05,6.2472e-06,2.5375e-05,0.00018479,4.1639e-06,3.5548e-05,0.00050516,1.3992e-06,1.4745e-05
1.1829e-05,0.000345,8.3591e-05,8.2417e-05,1,0.0089346,0.0030121,0.0023181,0.0005079,0.0013441,0.00013376,3.8282e-05,0.00034495,7.927e-05,0.00012296,0.00091999,0.00087839,3.5763e-06,0.00041753,2.6387e-07,1.1744e-06,1.496e-05,0.00016031,1.1807e-06,1.5413e-05,3.2327e-06,0.0053036,0.00093367,0.00013483,0.001681,0.0015023,0.00051334,0.0011732,3.8171e-05,0.00012706,0.00074178,1.4998e-05,0.0013318,8.424e-05,2.5529e-08,0.0011906,4.9044e-07,0.00082694,0.00014237,6.1694e-05,0.0021694,0.00052566,0.00068314,0.00037826,7.3224e-06,0.0028275,2.5676e-05,0.00024361,0.00044113,1.8556e-05,0.00053833,0.00086189,0.00033722,0.00015429
2.5456e-05,0.00053136,0.00029273,0.00010557,0.0089346,1,0.002166,0.006585,0.0014415,0.0030854,0.00045421,4.5009e-05,0.00072289,0.00021652,0.00041472,0.0021993,0.0016312,8.1207e-06,0.00062596,4.8663e-07,4.1011e-06,4.5452e-05,0.00067537,4.0601e-06,6.3525e-05,8.1269e-06,0.0051612,0.0018844,0.00047175,0.0094819,0.003254,0.0017615,0.0028124,4.3199e-05,0.0002363,0.003026,5.4074e-05,0.0025895,0.0001695,2.2734e-08,0.0036891,3.3248e-06,0.0019803,0.00030714,0.00033912,0.0048174,0.00027309,0.0033466,0.00065658,1.8925e-05,0.0071603,5.9482e-05,0.00031189,0.00057641,2.6527e-05,0.0031902,0.0021091,0.00042468,0.00036463
0.00011158,0.0011442,8.315e-05,0.00038545,0.0030121,0.002166,1,0.0011378,0.00033216,0.0023529,0.00014946,6.4144e-05,0.00032466,0.00066224,5.1298e-05,0.00039763,0.00057359,4.0565e-07,0.00047709,2.0771e-06,6.8352e-07,3.7322e-05,0.00025319,6.0876e-07,2.7117e-06,4.1757e-05,0.001663,0.00061864,6.9431e-05,0.00076149,0.00034736,0.00045889,0.00015657,2.6781e-05,1.6353e-05,0.00043812,5.3674e-05,0.00078528,7.0173e-05,6.7196e-08,0.0032515,8.0067e-06,0.00033913,0.00026985,0.00037076,0.001463,0.00014631,0.0011206,4.3277e-05,9.9894e-07,0.0011847,0.00032567,0.00032823,0.0015564,6.1197e-05,0.0011189,0.0010062,9.6157e-05,0.00062345
0.00010737,0.0012694,0.0032243,6.7078e-05,0.0023181,0.006585,0.0011378,1,0.014203,0.0075441,0.0058817,5.2703e-05,0.0025127,0.00044384,0.0056224,0.0020612,0.015155,4.2303e-05,0.00030018,1.5475e-06,2.916e-05,0.0007595,0.00073649,3.2124e-05,0.00022239,1.6954e-05,0.00053878,0.018993,0.0043353,0.0012239,0.00011095,0.00057352,0.00033401,1.6557e-05,0.00015622,0.004475,1.442e-05,0.00027291,0.00020236,2.3693e-07,0.0015381,8.8402e-06,6.7765e-05,0.0012135,0.00046998,0.00026581,2.8942e-05,0.00038128,0.00018382,8.0623e-06,0.00047248,0.00031054,3.3999e-05,6.1403e-05,4.846e-05,0.0013322,6.5057e-05,2.9797e-05,0.0015388
9.4682e-05,0.00074534,0.01603,1.4633e-05,0.0005079,0.0014415,0.00033216,0.014203,1,0.003857,0.0023596,4.9973e-05,0.0023842,0.00044527,0.033027,0.00059225,0.023672,8.9445e-05,0.00021991,8.0687e-07,9.461e-05,0.0015391,0.00084842,0.00010231,0.00041457,1.0011e-05,0.00028218,0.022597,0.018392,0.00045371,2.7537e-05,0.0004046,0.00012842,1.095e-05,0.00010575,0.0019394,6.1692e-06,9.5383e-05,9.5318e-05,1.6805e-07,0.00046717,4.8164e-06,1.9113e-05,0.00097119,0.00032518,3.6092e-05,7.186e-06,0.00022729,6.9855e-05,6.8962e-06,0.00012246,0.0002377,8.2884e-06,1.0714e-05,3.4918e-05,0.00058017,1.2837e-05,1.5473e-05,0.00053331
0.0003953,0.0024402,0.0012029,0.00019884,0.0013441,0.0030854,0.0023529,0.0075441,0.003857,1,0.00064944,0.00012654,0.0016623,0.0010583,0.0014445,0.0013347,0.0037505,5.1031e-06,0.00049933,5.4881e-06,6.2523e-06,0.00033322,0.0012275,5.8784e-06,1.9793e-05,4.6146e-05,0.00086924,0.0047816,0.00058557,0.00029204,7.0778e-05,0.0014824,0.00010117,6.2843e-05,3.0825e-05,0.00082391,3.0041e-05,0.00015042,0.00011489,1.4109e-07,0.003216,1.6904e-05,7.0365e-05,0.00053913,0.00069132,0.00020039,1.2762e-05,0.00030331,1.9934e-05,1.325e-06,0.0002489,0.00033679,5.0761e-05,0.00010753,0.00028379,0.0014178,7.9448e-05,2.4292e-05,0.0010477
3.6173e-05,0.00043224,0.00077933,2.1392e-05,0.00013376,0.00045421,0.00014946,0.0058817,0.0023596,0.00064944,1,6.0379e-05,0.0010166,6.6436e-05,0.0011117,0.00035983,0.0017065,2.8914e-05,0.00018825,1.7436e-06,1.4585e-05,0.00030155,0.00016562,1.7172e-05,0.00017304,2.0789e-05,3.7644e-05,0.0014336,0.0010012,0.00016185,1.9741e-05,7.5105e-05,3.3972e-05,7.9178e-06,2.082e-05,0.00050971,1.6518e-05,0.00010349,0.00017296,3.2029e-07,0.000343,5.7808e-06,2.3748e-05,0.00012078,0.0003771,3.1947e-05,1.7788e-05,4.9401e-05,2.9326e-05,4.0124e-06,8.7113e-05,9.3507e-05,2.6158e-05,1.2734e-05,8.4434e-06,0.0001972,1.2796e-05,4.3361e-06,0.00028188
5.2562e-05,0.00016484,8.7421e-05,1.308e-05,3.8282e-05,4.5009e-05,6.4144e-05,5.2703e-05,4.9973e-05,0.00012654,6.0379e-05,1,0.0018913,0.00011172,4.7351e-05,8.6572e-06,5.9999e-05,3.9004e-07,0.0046051,3.6725e-05,8.5437e-07,4.8732e-05,0.0016582,7.726e-07,1.733e-06,0.00049777,1.9705e-05,0.00024419,5.1963e-05,7.3907e-05,2.3909e-06,8.6468e-05,5.3567e-06,9.9676e-05,2.9563e-06,7.1961e-05,0.0012531,3.9754e-05,0.0005821,1.7172e-08,0.00034712,9.8113e-06,1.8287e-05,2.9373e-05,0.00020351,2.7544e-05,3.6679e-06,1.8935e-05,1.4639e-06,5.1427e-07,5.9775e-05,6.0206e-05,0.0001265,6.4621e-06,6.3021e-05,0.0001609,5.2197e-06,6.1283e-06,0.00010755
0.00030871,0.0018232,0.0049643,3.4851e-05,0.00034495,0.00072289,0.00032466,0.0025127,0.0023842,0.0016623,0.0010166,0.0018913,1,0.000783,0.0028139,8.8392e-05,0.0042951,8.1558e-06,0.0026956,1.9872e-05,1.5363e-05,0.0017634,0.0048496,1.5501e-05,3.6425e-05,0.00011573,0.00011002,0.017492,0.0034429,0.00070699,1.1878e-05,0.00085049,4.0421e-05,1.9666e-05,2.688e-05,0.0011776,5.9984e-05,6.9586e-05,0.00025045,1.3914e-07,0.0005903,3.2494e-05,2.0159e-05,0.00044693,0.0023891,9.237e-05,5.8212e-06,0.00018842,1.8352e-05,2.2048e-06,0.00014955,0.00045636,3.3493e-05,1.1851e-05,0.00019849,0.00088578,1.6483e-05,9.8882e-06,0.0021265
0.0015939,0.00028263,0.00084126,1.087e-05,7.927e-05,0.00021652,0.00066224,0.00044384,0.00044527,0.0010583,6.6436e-05,0.00011172,0.000783,1,0.00022868,6.5559e-05,0.00017396,9.5087e-07,8.5916e-05,2.0099e-05,7.0624e-06,0.00080458,0.0020247,6.0382e-06,3.6846e-06,0.00041633,2.1407e-05,0.0013513,0.00021237,0.00025543,3.9439e-06,0.00024797,3.2344e-05,5.9164e-05,1.0723e-05,0.00055793,4.9294e-05,4.4262e-05,0.00014422,1.5625e-07,0.0014726,0.00012678,9.2454e-06,0.00085747,0.00029527,7.9352e-05,1.713e-06,9.4981e-05,5.599e-06,7.26e-07,5.3861e-05,0.0087393,1.7028e-05,1.546e-05,0.00024341,0.00034749,8.022e-06,4.6933e-06,0.0011409
9.3582e-05,0.00019934,0.096711,3.7084e-06,0.00012296,0.00041472,5.1298e-05,0.0056224,0.033027,0.0014445,0.0011117,4.7351e-05,0.0028139,0.00022868,1,0.00023349,0.0078922,0.00032579,0.00011484,8.1872e-07,0.00032531,0.0019133,0.00081609,0.00036106,0.00073399,7.9874e-06,5.8695e-05,0.01897,0.041511,0.00017115,5.4085e-06,0.00022551,5.7762e-05,7.8794e-06,8.635e-05,0.001517,3.5519e-06,1.8837e-05,7.6471e-05,2.8165e-07,0.0001566,5.4483e-06,4.6502e-06,0.00043791,0.00018044,1.0035e-05,1.4864e-06,7.0306e-05,2.821e-05,7.5975e-06,3.4447e-05,0.00014242,2.4973e-06,1.866e-06,2.2326e-05,0.00022726,2.4063e-06,4.7692e-06,0.00053019
1.0069e-05,0.00011832,0.00013236,6.7335e-05,0.00091999,0.0021993,0.00039763,0.0020612,0.00059225,0.0013347,0.00035983,8.6572e-06,8.8392e-05,6.5559e-05,0.00023349,1,0.00031022,5.0491e-06,7.9843e-05,6.5131e-07,1.1584e-06,1.9686e-05,4.0313e-05,1.1815e-06,1.3499e-05,4.023e-06,0.00035689,0.00033173,0.00010545,0.0001548,0.00010093,4.3212e-05,9.437e-05,1.5436e-05,1.1934e-05,0.00012362,5.2522e-06,6.6842e-05,3.6893e-05,2.4535e-08,0.00023159,1.696e-06,5.5084e-05,1.8569e-05,9.0621e-05,0.00011037,1.4724e-05,8.5699e-05,2.476e-05,2.2791e-06,0.00014373,2.2379e-05,1.2307e-05,7.6612e-05,2.7939e-06,0.00017796,0.00010203,1.9961e-05,8.4125e-05
7.9802e-05,0.002095,0.004108,4.1107e-05,0.00087839,0.0016312,0.00057359,0.015155,0.023672,0.0037505,0.0017065,5.9999e-05,0.0042951,0.00017396,0.0078922,0.00031022,1,3.3585e-05,0.00046494,1.1399e-06,2.7107e-05,0.00071904,0.00069867,2.7127e-05,0.00019299,7.5701e-06,0.00058644,0.018149,0.0068337,0.00046668,5.7936e-05,0.00090225,0.00010158,5.6095e-06,8.4474e-05,0.0014466,6.3006e-06,0.00012126,5.7653e-05,1.4585e-07,0.00038424,5.7665e-06,3.0474e-05,0.00095203,0.00071069,5.6286e-05,1.2965e-05,0.000461,6.06e-05,2.9068e-06,0.00018552,0.00018901,1.5152e-05,2.3785e-05,8.6242e-05,0.0011563,3.1401e-05,1.9975e-05,0.00074183
4.6101e-07,8.568e-07,0.00010681,2.9137e-08,3.5763e-06,8.1207e-06,4.0565e-07,4.2303e-05,8.9445e-05,5.1031e-06,2.8914e-05,3.9004e-07,8.1558e-06,9.5087e-07,0.00032579,5.0491e-06,3.3585e-05,1,1.2966e-06,2.7467e-09,0.00087872,2.5185e-06,4.3625e-06,0.0013901,0.0069337,3.0062e-08,1.0638e-06,4.0934e-05,0.00019129,9.5504e-06,6.6954e-07,6.5627e-06,1.7096e-05,8.5529e-07,0.00014715,7.0491e-05,9.8428e-08,1.5528e-06,4.7655e-06,3.1096e-08,2.6819e-06,2.2919e-08,6.3483e-07,1.1887e-05,8.3589e-07,3.7793e-07,4.0262e-07,2.0486e-06,2.5119e-05,6.5174e-05,2.3699e-06,6.5177e-07,1.6606e-07,3.1609e-08,1.8763e-07,3.0044e-06,9.0788e-08,8.0608e-07,4.267e-06
2.282e-05,0.0011431,0.00013169,0.00022257,0.00041753,0.00062596,0.00047709,0.00030018,0.00021991,0.00049933,0.00018825,0.0046051,0.0026956,8.5916e-05,0.00011484,7.9843e-05,0.00046494,1.2966e-06,1,5.1117e-06,1.1129e-06,2.0657e-05,0.00050807,1.032e-06,7.8088e-06,2.9895e-05,0.00065245,0.00063206,0.00011455,0.00082783,9.3346e-05,0.00040319,5.0038e-05,3.2928e-05,1.5739e-05,0.00015468,0.00038774,0.0001693,0.00014338,6.7816e-09,0.00055002,3.4263e-06,0.00028637,4.1837e-05,0.00083879,0.00021216,4.6641e-05,0.0002134,1.589e-05,1.9122e-06,0.00065338,2.4612e-05,0.00038222,4.9644e-05,3.0314e-05,0.00061403,0.00016746,3.9249e-05,0.00024692
9.8481e-06,1.1026e-05,1.728e-06,4.7443e-06,2.6387e-07,4.8663e-07,2.0771e-06,1.5475e-06,8.0687e-07,5.4881e-06,1.7436e-06,3.6725e-05,1.9872e-05,2.0099e-05,8.1872e-07,6.5131e-07,1.1399e-06,2.7467e-09,5.1117e-06,1,1.2189e-08,1.1983e-05,7.0586e-06,1.1093e-08,5.9163e-09,0.00075063,8.7195e-08,3.9217e-06,4.164e-07,3.9337e-07,1.3339e-08,4.1669e-07,1.4729e-08,7.0769e-07,6.0817e-09,3.6416e-07,7.9523e-06,9.0002e-08,8.54e-07,3.7051e-09,2.5371e-06,0.00028908,3.9217e-08,4.9472e-07,6.278e-05,5.0633e-07,6.6165e-09,1.0041e-07,3.7476e-09,5.484e-10,1.0437e-07,3.7766e-05,3.0231e-07,1.9999e-07,2.9667e-06,8.9187e-07,1.0172e-07,5.8722e-09,2.7912e-06
3.5354e-06,1.291e-06,0.00038841,3.0082e-08,1.1744e-06,4.1011e-06,6.8352e-07,2.916e-05,9.461e-05,6.2523e-06,1.4585e-05,8.5437e-07,1.5363e-05,7.0624e-06,0.00032531,1.1584e-06,2.7107e-05,0.00087872,1.1129e-06,1.2189e-08,1,2.1715e-05,2.5587e-05,0.29734,0.00095901,2.1627e-07,5.545e-07,6.348e-05,0.00043886,1.1758e-05,1.7606e-07,8.1776e-06,4.7912e-06,3.7282e-07,7.3938e-05,0.00010955,2.5721e-07,9.3612e-07,5.8617e-06,2.7101e-08,3.9494e-06,1.683e-07,2.3708e-07,8.5843e-05,1.2169e-06,3.0128e-07,8.8289e-08,2.6989e-06,8.0391e-06,1.3664e-05,1.4898e-06,4.7161e-06,1.1906e-07,2.2837e-08,5.9785e-07,5.0717e-06,4.3577e-08,5.0035e-07,9.8632e-06
0.00060313,0.00027155,0.0047329,3.4082e-06,1.496e-05,4.5452e-05,3.7322e-05,0.0007595,0.0015391,0.00033322,0.00030155,4.8732e-05,0.0017634,0.00080458,0.0019133,1.9686e-05,0.00071904,2.5185e-06,2.0657e-05,1.1983e-05,2.1715e-05,1,0.00084029,2.1142e-05,9.8879e-06,0.00014605,5.1583e-06,0.0030046,0.0019071,2.4194e-05,4.4783e-07,3.7267e-05,3.206e-06,2.2791e-06,2.6322e-06,0.00023483,4.1915e-06,4.9597e-06,4.0595e-05,4.9277e-07,9.029e-05,9.7813e-05,5.6937e-07,0.00035374,0.00012826,4.5328e-06,2.1304e-07,1.4409e-05,1.3739e-06,1.9965e-07,5.2734e-06,0.0012296,1.2239e-06,1.953e-06,5.4027e-05,0.00011201,6.9795e-07,4.6771e-07,0.00030724
0.00057195,0.0003182,0.0020839,6.3873e-06,0.00016031,0.00067537,0.00025319,0.00073649,0.00084842,0.0012275,0.00016562,0.0016582,0.0048496,0.0020247,0.00081609,4.0313e-05,0.00069867,4.3625e-06,0.00050807,7.0586e-06,2.5587e-05,0.00084029,1,2.1792e-05,3.3804e-05,0.00025496,8.6787e-05,0.004298,0.0014982,0.00063566,1.12e-05,0.0016161,9.5371e-05,9.8801e-05,6.8428e-05,0.0040047,0.00028679,0.00026378,0.0017404,1.2584e-07,0.0037058,4.5374e-05,4.5337e-05,0.002347,0.00031614,0.00011015,5.382e-06,0.00041713,2.028e-05,5.8255e-06,0.00030711,0.001109,8.6771e-05,1.7282e-05,0.00049297,0.0041236,1.054e-05,4.5159e-05,0.0010203
2.8248e-06,1.1871e-06,0.00038371,2.6766e-08,1.1807e-06,4.0601e-06,6.0876e-07,3.2124e-05,0.00010231,5.8784e-06,1.7172e-05,7.726e-07,1.5501e-05,6.0382e-06,0.00036106,1.1815e-06,2.7127e-05,0.0013901,1.032e-06,1.1093e-08,0.29734,2.1142e-05,2.1792e-05,1,0.0012899,1.8786e-07,4.9773e-07,6.6665e-05,0.00046061,1.1242e-05,1.6849e-07,7.0525e-06,5.0671e-06,3.7262e-07,7.4608e-05,0.00011048,2.2129e-07,9.0141e-07,5.7402e-06,3.4872e-08,3.6542e-06,1.4333e-07,2.2043e-07,8.2633e-05,1.2196e-06,2.9636e-07,8.9815e-08,2.24e-06,9.3104e-06,1.6227e-05,1.4138e-06,4.2489e-06,1.1406e-07,2.0766e-08,5.0894e-07,4.2226e-06,4.0211e-08,4.2845e-07,1.0323e-05
1.2561e-06,4.5729e-06,0.00033503,1.2749e-07,1.5413e-05,6.3525e-05,2.7117e-06,0.00022239,0.00041457,1.9793e-05,0.00017304,1.733e-06,3.6425e-05,3.6846e-06,0.00073399,1.3499e-05,0.00019299,0.0069337,7.8088e-06,5.9163e-09,0.00095901,9.8879e-06,3.3804e-05,0.0012899,1,1.0923e-07,9.2728e-06,0.00016518,0.001647,8.8964e-05,6.7017e-06,3.8833e-05,0.0001386,9.7955e-07,0.0014084,0.0005525,6.0891e-07,1.8966e-05,3.331e-05,3.8781e-08,1.7249e-05,7.9616e-08,7.236e-06,8.2439e-05,3.609e-06,2.507e-06,3.8572e-06,2.7611e-05,0.00030878,0.00047749,3.449e-05,2.4153e-06,1.3059e-06,2.9058e-07,1.0646e-06,4.5251e-05,7.1687e-07,1.048e-05,2.3581e-05
0.00016843,6.5126e-05,2.3058e-05,9.8278e-06,3.2327e-06,8.1269e-06,4.1757e-05,1.6954e-05,1.0011e-05,4.6146e-05,2.0789e-05,0.00049777,0.00011573,0.00041633,7.9874e-06,4.023e-06,7.5701e-06,3.0062e-08,2.9895e-05,0.00075063,2.1627e-07,0.00014605,0.00025496,1.8786e-07,1.0923e-07,1,9.2212e-07,4.9344e-05,6.569e-06,7.6918e-06,2.1311e-07,7.1573e-06,4.9629e-07,2.4742e-05,1.5528e-07,1.5515e-05,0.00026709,4.881e-06,4.5881e-05,3.907e-08,0.00017122,0.00051328,9.6408e-07,1.4305e-05,0.00018758,7.9619e-06,2.0478e-07,2.6807e-06,1.0161e-07,1.7084e-08,3.5926e-06,0.00098763,1.1311e-05,4.3103e-06,2.6142e-05,2.1982e-05,1.1879e-06,2.0362e-07,3.6454e-05
6.6948e-06,0.00030628,4.024e-05,0.00013979,0.0053036,0.0051612,0.001663,0.00053878,0.00028218,0.00086924,3.7644e-05,1.9705e-05,0.00011002,2.1407e-05,5.8695e-05,0.00035689,0.00058644,1.0638e-06,0.00065245,8.7195e-08,5.545e-07,5.1583e-06,8.6787e-05,4.9773e-07,9.2728e-06,9.2212e-07,1,0.00026977,7.3869e-05,0.00064194,0.0032385,0.00067634,0.00048779,6.5126e-06,6.1631e-05,0.00020149,9.3229e-06,0.00047638,2.3075e-05,6.131e-09,0.00043114,3.6229e-07,0.0011343,5.4606e-05,4.6473e-05,0.00058552,0.00025761,0.0019875,0.00016035,4.2357e-06,0.0024348,5.6519e-06,0.00011475,0.00057056,1.42e-05,0.00094855,0.0015686,0.00075563,9.9104e-05
0.00040117,0.0022781,0.02392,3.4134e-05,0.00093367,0.0018844,0.00061864,0.018993,0.022597,0.0047816,0.0014336,0.00024419,0.017492,0.0013513,0.01897,0.00033173,0.018149,4.0934e-05,0.00063206,3.9217e-06,6.348e-05,0.0030046,0.004298,6.6665e-05,0.00016518,4.9344e-05,0.00026977,1,0.016127,0.0010368,2.6721e-05,0.0011526,0.00017645,2.3115e-05,0.000132,0.0054994,1.8942e-05,0.00012276,0.00023676,2.7573e-07,0.0012832,2.0165e-05,2.5386e-05,0.0025366,0.0011312,0.00011211,7.5657e-06,0.00036493,6.8223e-05,5.2491e-06,0.00025108,0.0010264,2.1324e-05,1.7088e-05,0.00014813,0.0015534,1.9765e-05,1.7911e-05,0.0027957
6.5272e-05,0.00015073,0.049306,2.1573e-06,0.00013483,0.00047175,6.9431e-05,0.0043353,0.018392,0.00058557,0.0010012,5.1963e-05,0.0034429,0.00021237,0.041511,0.00010545,0.0068337,0.00019129,0.00011455,4.164e-07,0.00043886,0.0019071,0.0014982,0.00046061,0.001647,6.569e-06,7.3869e-05,0.016127,1,0.0003934,8.1637e-06,0.00024125,0.00010562,3.9733e-06,0.0002137,0.0033069,4.3477e-06,4.5343e-05,0.00017882,2.5334e-07,0.00016839,3.92e-06,8.1099e-06,0.0010191,0.00011115,1.5002e-05,2.9135e-06,0.00017129,9.7352e-05,2.6231e-05,9.1027e-05,0.00015324,3.7419e-06,2.8719e-06,2.8062e-05,0.00059829,3.147e-06,1.4131e-05,0.00075931
1.0633e-05,0.00022609,0.00019458,2.7343e-05,0.001681,0.0094819,0.00076149,0.0012239,0.00045371,0.00029204,0.00016185,7.3907e-05,0.00070699,0.00025543,0.00017115,0.0001548,0.00046668,9.5504e-06,0.00082783,3.9337e-07,1.1758e-05,2.4194e-05,0.00063566,1.1242e-05,8.8964e-05,7.6918e-06,0.00064194,0.0010368,0.0003934,1,0.0010548,0.00088978,0.0040194,3.2651e-05,0.00088742,0.0041326,0.00014663,0.0020396,0.00028372,6.5159e-09,0.0015239,1.824e-06,0.001642,0.00054317,0.00017518,0.0055259,0.00026402,0.0014707,0.0026359,7.0657e-05,0.010435,5.1911e-05,0.00037975,9.3839e-05,1.5105e-05,0.0011968,0.00059528,0.00029544,0.00031282
5.9807e-07,5.2658e-05,3.3521e-06,4.6785e-05,0.0015023,0.003254,0.00034736,0.00011095,2.7537e-05,7.0778e-05,1.9741e-05,2.3909e-06,1.1878e-05,3.9439e-06,5.4085e-06,0.00010093,5.7936e-05,6.6954e-07,9.3346e-05,1.3339e-08,1.7606e-07,4.4783e-07,1.12e-05,1.6849e-07,6.7017e-06,2.1311e-07,0.0032385,2.6721e-05,8.1637e-06,0.0010548,1,0.0001534,0.0013917,4.2604e-06,7.8517e-05,9.2165e-05,6.9103e-06,0.0019268,9.2911e-06,1.2353e-09,0.00018306,6.3418e-08,0.013436,1.5849e-05,1.3025e-05,0.0014104,0.0031275,0.00095034,0.00066483,8.7452e-06,0.0059731,1.2894e-06,0.00038186,0.00086679,1.8492e-06,0.00019618,0.011876,0.00074754,1.4042e-05
0.00023573,0.00047559,0.00026695,2.1659e-05,0.00051334,0.0017615,0.00045889,0.00057352,0.0004046,0.0014824,7.5105e-05,8.6468e-05,0.00085049,0.00024797,0.00022551,4.3212e-05,0.00090225,6.5627e-06,0.00040319,4.1669e-07,8.1776e-06,3.7267e-05,0.0016161,7.0525e-06,3.8833e-05,7.1573e-06,0.00067634,0.0011526,0.00024125,0.00088978,0.0001534,1,0.00049389,5.758e-05,0.0003991,0.0027967,3.4995e-05,0.00042676,0.00013538,7.0165e-08,0.0028736,4.6294e-06,0.00032534,0.00094066,0.00023709,0.00029927,5.7197e-05,0.0040328,9.189e-05,7.1983e-06,0.0011185,8.1185e-05,0.00015279,5.4266e-05,0.0009036,0.0038652,8.8189e-05,0.00021805,0.00094923
3.4987e-06,2.4114e-05,4.4522e-05,2.3398e-06,0.0011732,0.0028124,0.00015657,0.00033401,0.00012842,0.00010117,3.3972e-05,5.3567e-06,4.0421e-05,3.2344e-05,5.7762e-05,9.437e-05,0.00010158,1.7096e-05,5.0038e-05,1.4729e-08,4.7912e-06,3.206e-06,9.5371e-05,5.0671e-06,0.0001386,4.9629e-07,0.00048779,0.00017645,0.00010562,0.0040194,0.0013917,0.00049389,1,3.7143e-05,0.0035372,0.0026743,8.2324e-06,0.0029495,0.00018852,2.4866e-08,0.00060568,1.1867e-07,0.0017727,0.00025638,8.157e-06,0.00084763,0.00064861,0.0013604,0.012962,0.00055846,0.0094278,7.5938e-06,0.00016593,5.9408e-05,6.3114e-06,0.00047671,0.00016346,0.0013915,0.00014008
1.225e-05,9.6468e-06,8.5645e-06,1.3363e-06,3.8171e-05,4.3199e-05,2.6781e-05,1.6557e-05,1.095e-05,6.2843e-05,7.9178e-06,9.9676e-05,1.9666e-05,5.9164e-05,7.8794e-06,1.5436e-05,5.6095e-06,8.5529e-07,3.2928e-05,7.0769e-07,3.7282e-07,2.2791e-06,9.8801e-05,3.7262e-07,9.7955e-07,2.4742e-05,6.5126e-06,2.3115e-05,3.9733e-06,3.2651e-05,4.2604e-06,5.758e-05,3.7143e-05,1,7.4985e-06,7.5711e-05,0.0001216,0.00011622,0.00043129,2.9507e-08,0.00091795,6.6048e-07,4.0631e-05,1.8107e-05,8.1192e-06,3.8699e-05,9.9018e-06,9.5973e-06,2.8112e-06,1.5197e-06,5.3418e-05,2.0731e-05,0.00018995,9.5483e-06,1.5998e-05,3.0745e-05,5.1513e-06,1.0214e-05,1.7259e-05
1.7499e-06,6.7542e-06,6.3909e-05,3.9445e-07,0.00012706,0.0002363,1.6353e-05,0.00015622,0.00010575,3.0825e-05,2.082e-05,2.9563e-06,2.688e-05,1.0723e-05,8.635e-05,1.1934e-05,8.4474e-05,0.00014715,1.5739e-05,6.0817e-09,7.3938e-05,2.6322e-06,6.8428e-05,7.4608e-05,0.0014084,1.5528e-07,6.1631e-05,0.000132,0.0002137,0.00088742,7.8517e-05,0.0003991,0.0035372,7.4985e-06,1,0.0026677,2.2211e-06,0.00021235,8.2781e-05,1.6167e-08,0.00011474,5.7087e-08,0.00013668,0.00031707,3.5034e-06,4.2143e-05,5.0819e-05,0.00025662,0.0061028,0.0013065,0.00072862,3.9758e-06,1.3177e-05,2.4019e-06,6.6341e-06,0.00017005,6.8023e-06,0.00028911,4.9061e-05
0.00015166,0.00020357,0.002015,5.2047e-06,0.00074178,0.003026,0.00043812,0.004475,0.0019394,0.00082391,0.00050971,7.1961e-05,0.0011776,0.00055793,0.001517,0.00012362,0.0014466,7.0491e-05,0.00015468,3.6416e-07,0.00010955,0.00023483,0.0040047,0.00011048,0.0005525,1.5515e-05,0.00020149,0.0054994,0.0033069,0.0041326,9.2165e-05,0.0027967,0.0026743,7.5711e-05,0.0026677,1,4.0992e-05,0.0010087,0.0012967,3.1743e-07,0.0053418,5.9877e-06,0.00019529,0.0086374,0.00012473,0.00036994,5.6157e-05,0.0019489,0.0008708,0.00010568,0.0018829,0.00036363,0.00011163,3.3861e-05,0.00010136,0.0037601,3.4745e-05,0.00017828,0.0016378
7.6025e-06,2.6177e-05,6.1558e-06,1.0516e-05,1.4998e-05,5.4074e-05,5.3674e-05,1.442e-05,6.1692e-06,3.0041e-05,1.6518e-05,0.0012531,5.9984e-05,4.9294e-05,3.5519e-06,5.2522e-06,6.3006e-06,9.8428e-08,0.00038774,7.9523e-06,2.5721e-07,4.1915e-06,0.00028679,2.2129e-07,6.0891e-07,0.00026709,9.3229e-06,1.8942e-05,4.3477e-06,0.00014663,6.9103e-06,3.4995e-05,8.2324e-06,0.0001216,2.2211e-06,4.0992e-05,1,8.493e-05,0.00032544,1.9644e-09,0.0005898,1.0059e-05,0.00010772,1.1117e-05,4.2599e-05,0.00022748,1.1008e-05,1.3913e-05,1.9455e-06,5.6012e-07,0.00010129,1.7076e-05,0.00096834,1.9817e-05,6.0901e-06,9.0868e-05,2.5546e-05,5.6931e-06,1.2908e-05
5.5241e-06,8.4297e-05,1.8017e-05,1.0104e-05,0.0013318,0.0025895,0.00078528,0.00027291,9.5383e-05,0.00015042,0.00010349,3.9754e-05,6.9586e-05,4.4262e-05,1.8837e-05,6.6842e-05,0.00012126,1.5528e-06,0.0001693,9.0002e-08,9.3612e-07,4.9597e-06,0.00026378,9.0141e-07,1.8966e-05,4.881e-06,0.00047638,0.00012276,4.5343e-05,0.0020396,0.0019268,0.00042676,0.0029495,0.00011622,0.00021235,0.0010087,8.493e-05,1,0.00076087,1.9943e-08,0.0030176,3.1264e-07,0.0089571,0.00025745,2.4804e-05,0.0015018,0.0032054,0.0014343,0.00081252,3.7766e-05,0.024192,2.3945e-05,0.004165,0.00080923,2.17e-05,0.0012811,0.00063639,0.0023144,7.8805e-05
3.843e-05,3.2009e-05,0.00012048,1.3119e-06,8.424e-05,0.0001695,7.0173e-05,0.00020236,9.5318e-05,0.00011489,0.00017296,0.0005821,0.00025045,0.00014422,7.6471e-05,3.6893e-05,5.7653e-05,4.7655e-06,0.00014338,8.54e-07,5.8617e-06,4.0595e-05,0.0017404,5.7402e-06,3.331e-05,4.5881e-05,2.3075e-05,0.00023676,0.00017882,0.00028372,9.2911e-06,0.00013538,0.00018852,0.00043129,8.2781e-05,0.0012967,0.00032544,0.00076087,1,1.581e-07,0.0018893,1.9755e-06,0.00010581,0.00029238,1.649e-05,9.7848e-05,3.1274e-05,7.656e-05,5.2054e-05,4.9974e-05,0.00061912,6.8823e-05,0.0002644,1.8905e-05,4.4617e-05,0.0008416,6.3735e-06,9.5549e-05,0.00026999
1.4414e-06,3.0255e-08,4.7922e-07,1.0751e-09,2.5529e-08,2.2734e-08,6.7196e-08,2.3693e-07,1.6805e-07,1.4109e-07,3.2029e-07,1.7172e-08,1.3914e-07,1.5625e-07,2.8165e-07,2.4535e-08,1.4585e-07,3.1096e-08,6.7816e-09,3.7051e-09,2.7101e-08,4.9277e-07,1.2584e-07,3.4872e-08,3.8781e-08,3.907e-08,6.131e-09,2.7573e-07,2.5334e-07,6.5159e-09,1.2353e-09,7.0165e-08,2.4866e-08,2.9507e-08,1.6167e-08,3.1743e-07,1.9644e-09,1.9943e-08,1.581e-07,1,1.341e-07,3.357e-08,2.024e-09,3.328e-07,3.7447e-08,4.5305e-09,3.4442e-09,3.6408e-08,8.0436e-09,7.4521e-09,1.0796e-08,6.9539e-07,5.3563e-09,4.3715e-09,1.5339e-07,6.2594e-08,7.9546e-10,3.9133e-09,1.6491e-06
0.00033469,0.00076093,0.00022656,5.737e-05,0.0011906,0.0036891,0.0032515,0.0015381,0.00046717,0.003216,0.000343,0.00034712,0.0005903,0.0014726,0.0001566,0.00023159,0.00038424,2.6819e-06,0.00055002,2.5371e-06,3.9494e-06,9.029e-05,0.0037058,3.6542e-06,1.7249e-05,0.00017122,0.00043114,0.0012832,0.00016839,0.0015239,0.00018306,0.0028736,0.00060568,0.00091795,0.00011474,0.0053418,0.0005898,0.0030176,0.0018893,1.341e-07,1,1.8044e-05,0.00091998,0.0014883,0.00030665,0.0016149,0.00014708,0.0011348,7.4787e-05,6.6782e-06,0.0029389,0.00060285,0.0020181,0.00050089,0.00033122,0.0052722,0.00022931,0.00015459,0.00090424
0.00020588,2.5499e-05,1.6175e-05,3.1562e-06,4.9044e-07,3.3248e-06,8.0067e-06,8.8402e-06,4.8164e-06,1.6904e-05,5.7808e-06,9.8113e-06,3.2494e-05,0.00012678,5.4483e-06,1.696e-06,5.7665e-06,2.2919e-08,3.4263e-06,0.00028908,1.683e-07,9.7813e-05,4.5374e-05,1.4333e-07,7.9616e-08,0.00051328,3.6229e-07,2.0165e-05,3.92e-06,1.824e-06,6.3418e-08,4.6294e-06,1.1867e-07,6.6048e-07,5.7087e-08,5.9877e-06,1.0059e-05,3.1264e-07,1.9755e-06,3.357e-08,1.8044e-05,1,1.3746e-07,5.6738e-06,0.00018138,1.7124e-06,1.9641e-08,1.7666e-06,2.5861e-08,4.2607e-09,4.3535e-07,0.00043043,5.5506e-07,7.863e-07,1.2542e-05,1.1624e-05,3.3523e-07,3.1913e-08,1.9169e-05
1.386e-06,3.8681e-05,3.8737e-06,2.239e-05,0.00082694,0.0019803,0.00033913,6.7765e-05,1.9113e-05,7.0365e-05,2.3748e-05,1.8287e-05,2.0159e-05,9.2454e-06,4.6502e-06,5.5084e-05,3.0474e-05,6.3483e-07,0.00028637,3.9217e-08,2.3708e-07,5.6937e-07,4.5337e-05,2.2043e-07,7.236e-06,9.6408e-07,0.0011343,2.5386e-05,8.1099e-06,0.001642,0.013436,0.00032534,0.0017727,4.0631e-05,0.00013668,0.00019529,0.00010772,0.0089571,0.00010581,2.024e-09,0.00091998,1.3746e-07,1,2.6441e-05,1.4466e-05,0.0028279,0.0092832,0.00098923,0.00046891,2.4599e-05,0.028191,2.3963e-06,0.0061372,0.00079036,5.0977e-06,0.00057016,0.004642,0.0023231,2.1711e-05
0.00027428,0.00027029,0.00077878,3.3347e-06,0.00014237,0.00030714,0.00026985,0.0012135,0.00097119,0.00053913,0.00012078,2.9373e-05,0.00044693,0.00085747,0.00043791,1.8569e-05,0.00095203,1.1887e-05,4.1837e-05,4.9472e-07,8.5843e-05,0.00035374,0.002347,8.2633e-05,8.2439e-05,1.4305e-05,5.4606e-05,0.0025366,0.0010191,0.00054317,1.5849e-05,0.00094066,0.00025638,1.8107e-05,0.00031707,0.0086374,1.1117e-05,0.00025745,0.00029238,3.328e-07,0.0014883,5.6738e-06,2.6441e-05,1,5.4719e-05,7.5999e-05,7.7733e-06,0.00043925,0.00011944,9.0289e-06,0.00026396,0.00078459,3.1271e-05,1.4299e-05,0.00030213,0.0013168,7.8384e-06,3.1527e-05,0.0014311
9.9272e-05,0.0019689,0.00025291,0.00026976,6.1694e-05,0.00033912,0.00037076,0.00046998,0.00032518,0.00069132,0.0003771,0.00020351,0.0023891,0.00029527,0.00018044,9.0621e-05,0.00071069,8.3589e-07,0.00083879,6.278e-05,1.2169e-06,0.00012826,0.00031614,1.2196e-06,3.609e-06,0.00018758,4.6473e-05,0.0011312,0.00011115,0.00017518,1.3025e-05,0.00023709,8.157e-06,8.1192e-06,3.5034e-06,0.00012473,4.2599e-05,2.4804e-05,1.649e-05,3.7447e-08,0.00030665,0.00018138,1.4466e-05,5.4719e-05,1,5.3907e-05,2.4108e-06,9.2483e-05,2.669e-06,1.6458e-07,4.7345e-05,0.00056425,1.9129e-05,1.5636e-05,6.7372e-05,0.00020716,3.4853e-05,2.1181e-06,0.00043526
7.091e-06,0.00013723,1.0806e-05,9.8783e-05,0.0021694,0.0048174,0.001463,0.00026581,3.6092e-05,0.00020039,3.1947e-05,2.7544e-05,9.237e-05,7.9352e-05,1.0035e-05,0.00011037,5.6286e-05,3.7793e-07,0.00021216,5.0633e-07,3.0128e-07,4.5328e-06,0.00011015,2.9636e-07,2.507e-06,7.9619e-06,0.00058552,0.00011211,1.5002e-05,0.0055259,0.0014104,0.00029927,0.00084763,3.8699e-05,4.2143e-05,0.00036994,0.00022748,0.0015018,9.7848e-05,4.5305e-09,0.0016149,1.7124e-06,0.0028279,7.5999e-05,5.3907e-05,1,0.00052686,0.00042638,0.0002402,4.0906e-06,0.0051459,1.6887e-05,0.0015445,0.001096,9.4587e-06,0.00046224,0.0049861,0.00013446,6.9408e-05
3.9604e-07,1.1355e-05,1.1312e-06,5.6722e-06,0.00052566,0.00027309,0.00014631,2.8942e-05,7.186e-06,1.2762e-05,1.7788e-05,3.6679e-06,5.8212e-06,1.713e-06,1.4864e-06,1.4724e-05,1.2965e-05,4.0262e-07,4.6641e-05,6.6165e-09,8.8289e-08,2.1304e-07,5.382e-06,8.9815e-08,3.8572e-06,2.0478e-07,0.00025761,7.5657e-06,2.9135e-06,0.00026402,0.0031275,5.7197e-05,0.00064861,9.9018e-06,5.0819e-05,5.6157e-05,1.1008e-05,0.0032054,3.1274e-05,3.4442e-09,0.00014708,1.9641e-08,0.0092832,7.7733e-06,2.4108e-06,0.00052686,1,0.00016057,0.00045139,1.3631e-05,0.003389,6.5758e-07,0.0017039,0.00026714,1.1191e-06,5.6294e-05,0.0009185,0.00059597,6.8076e-06
4.9958e-05,0.00020411,9.3307e-05,1.9516e-05,0.00068314,0.0033466,0.0011206,0.00038128,0.00022729,0.00030331,4.9401e-05,1.8935e-05,0.00018842,9.4981e-05,7.0306e-05,8.5699e-05,0.000461,2.0486e-06,0.0002134,1.0041e-07,2.6989e-06,1.4409e-05,0.00041713,2.24e-06,2.7611e-05,2.6807e-06,0.0019875,0.00036493,0.00017129,0.0014707,0.00095034,0.0040328,0.0013604,9.5973e-06,0.00025662,0.0019489,1.3913e-05,0.0014343,7.656e-05,3.6408e-08,0.0011348,1.7666e-06,0.00098923,0.00043925,9.2483e-05,0.00042638,0.00016057,1,0.00027526,1.3648e-05,0.0051969,4.441e-05,0.00016229,0.00039289,7.6582e-05,0.0083482,0.00049766,0.0013512,0.00057376
5.4599e-07,6.9132e-06,1.9674e-05,7.761e-07,0.00037826,0.00065658,4.3277e-05,0.00018382,6.9855e-05,1.9934e-05,2.9326e-05,1.4639e-06,1.8352e-05,5.599e-06,2.821e-05,2.476e-05,6.06e-05,2.5119e-05,1.589e-05,3.7476e-09,8.0391e-06,1.3739e-06,2.028e-05,9.3104e-06,0.00030878,1.0161e-07,0.00016035,6.8223e-05,9.7352e-05,0.0026359,0.00066483,9.189e-05,0.012962,2.8112e-06,0.0061028,0.0008708,1.9455e-06,0.00081252,5.2054e-05,8.0436e-09,7.4787e-05,2.5861e-08,0.00046891,0.00011944,2.669e-06,0.0002402,0.00045139,0.00027526,1,0.0015998,0.0027822,1.8039e-06,3.1438e-05,1.2353e-05,1.3188e-06,9.6328e-05,4.98e-05,0.00060458,3.5297e-05
1.0927e-07,1.9984e-07,6.3143e-06,1.2829e-08,7.3224e-06,1.8925e-05,9.9894e-07,8.0623e-06,6.8962e-06,1.325e-06,4.0124e-06,5.1427e-07,2.2048e-06,7.26e-07,7.5975e-06,2.2791e-06,2.9068e-06,6.5174e-05,1.9122e-06,5.484e-10,1.3664e-05,1.9965e-07,5.8255e-06,1.6227e-05,0.00047749,1.7084e-08,4.2357e-06,5.2491e-06,2.6231e-05,7.0657e-05,8.7452e-06,7.1983e-06,0.00055846,1.5197e-06,0.0013065,0.00010568,5.6012e-07,3.7766e-05,4.9974e-05,7.4521e-09,6.6782e-06,4.2607e-09,2.4599e-05,9.0289e-06,1.6458e-07,4.0906e-06,1.3631e-05,1.3648e-05,0.0015998,1,8.0118e-05,1.9666e-07,2.6385e-06,2.6515e-07,1.5297e-07,1.0575e-05,6.5147e-07,8.7298e-05,4.5076e-06
7.5343e-06,0.00015917,3.4862e-05,3.126e-05,0.0028275,0.0071603,0.0011847,0.00047248,0.00012246,0.0002489,8.7113e-05,5.9775e-05,0.00014955,5.3861e-05,3.4447e-05,0.00014373,0.00018552,2.3699e-06,0.00065338,1.0437e-07,1.4898e-06,5.2734e-06,0.00030711,1.4138e-06,3.449e-05,3.5926e-06,0.0024348,0.00025108,9.1027e-05,0.010435,0.0059731,0.0011185,0.0094278,5.3418e-05,0.00072862,0.0018829,0.00010129,0.024192,0.00061912,1.0796e-08,0.0029389,4.3535e-07,0.028191,0.00026396,4.7345e-05,0.0051459,0.003389,0.0051969,0.0027822,8.0118e-05,1,1.6442e-05,0.0027035,0.00090864,2.5927e-05,0.0037875,0.0021582,0.0058686,0.00023817
0.001458,0.00024217,0.00048585,6.2472e-06,2.5676e-05,5.9482e-05,0.00032567,0.00031054,0.0002377,0.00033679,9.3507e-05,6.0206e-05,0.00045636,0.0087393,0.00014242,2.2379e-05,0.00018901,6.5177e-07,2.4612e-05,3.7766e-05,4.7161e-06,0.0012296,0.001109,4.2489e-06,2.4153e-06,0.00098763,5.6519e-06,0.0010264,0.00015324,5.1911e-05,1.2894e-06,8.1185e-05,7.5938e-06,2.0731e-05,3.9758e-06,0.00036363,1.7076e-05,2.3945e-05,6.8823e-05,6.9539e-07,0.00060285,0.00043043,2.3963e-06,0.00078459,0.00056425,1.6887e-05,6.5758e-07,4.441e-05,1.8039e-06,1.9666e-07,1.6442e-05,1,7.2059e-06,7.8123e-06,0.00026016,0.00017989,2.4013e-06,1.5044e-06,0.00079752
4.4292e-06,7.3572e-05,2.9956e-06,2.5375e-05,0.00024361,0.00031189,0.00032823,3.3999e-05,8.2884e-06,5.0761e-05,2.6158e-05,0.0001265,3.3493e-05,1.7028e-05,2.4973e-06,1.2307e-05,1.5152e-05,1.6606e-07,0.00038222,3.0231e-07,1.1906e-07,1.2239e-06,8.6771e-05,1.1406e-07,1.3059e-06,1.1311e-05,0.00011475,2.1324e-05,3.7419e-06,0.00037975,0.00038186,0.00015279,0.00016593,0.00018995,1.3177e-05,0.00011163,0.00096834,0.004165,0.0002644,5.3563e-09,0.0020181,5.5506e-07,0.0061372,3.1271e-05,1.9129e-05,0.0015445,0.0017039,0.00016229,3.1438e-05,2.6385e-06,0.0027035,7.2059e-06,1,0.00070889,1.0392e-05,0.00027294,0.00077408,0.00014531,2.5034e-05
5.0062e-06,0.00016498,1.922e-06,0.00018479,0.00044113,0.00057641,0.0015564,6.1403e-05,1.0714e-05,0.00010753,1.2734e-05,6.4621e-06,1.1851e-05,1.546e-05,1.866e-06,7.6612e-05,2.3785e-05,3.1609e-08,4.9644e-05,1.9999e-07,2.2837e-08,1.953e-06,1.7282e-05,2.0766e-08,2.9058e-07,4.3103e-06,0.00057056,1.7088e-05,2.8719e-06,9.3839e-05,0.00086679,5.4266e-05,5.9408e-05,9.5483e-06,2.4019e-06,3.3861e-05,1.9817e-05,0.00080923,1.8905e-05,4.3715e-09,0.00050089,7.863e-07,0.00079036,1.4299e-05,1.5636e-05,0.001096,0.00026714,0.00039289,1.2353e-05,2.6515e-07,0.00090864,7.8123e-06,0.00070889,1,9.908e-06,0.00035895,0.00532,9.0189e-05,2.4266e-05
0.00042272,0.00016777,3.999e-05,4.1639e-06,1.8556e-05,2.6527e-05,6.1197e-05,4.846e-05,3.4918e-05,0.00028379,8.4434e-06,6.3021e-05,0.00019849,0.00024341,2.2326e-05,2.7939e-06,8.6242e-05,1.8763e-07,3.0314e-05,2.9667e-06,5.9785e-07,5.4027e-05,0.00049297,5.0894e-07,1.0646e-06,2.6142e-05,1.42e-05,0.00014813,2.8062e-05,1.5105e-05,1.8492e-06,0.0009036,6.3114e-06,1.5998e-05,6.6341e-06,0.00010136,6.0901e-06,2.17e-05,4.4617e-05,1.5339e-07,0.00033122,1.2542e-05,5.0977e-06,0.00030213,6.7372e-05,9.4587e-06,1.1191e-06,7.6582e-05,1.3188e-06,1.5297e-07,2.5927e-05,0.00026016,1.0392e-05,9.908e-06,1,0.0004,2.273e-06,5.9094e-06,0.0003461
0.00022326,0.00084092,0.00034801,3.5548e-05,0.00053833,0.0031902,0.0011189,0.0013322,0.00058017,0.0014178,0.0001972,0.0001609,0.00088578,0.00034749,0.00022726,0.00017796,0.0011563,3.0044e-06,0.00061403,8.9187e-07,5.0717e-06,0.00011201,0.0041236,4.2226e-06,4.5251e-05,2.1982e-05,0.00094855,0.0015534,0.00059829,0.0011968,0.00019618,0.0038652,0.00047671,3.0745e-05,0.00017005,0.0037601,9.0868e-05,0.0012811,0.0008416,6.2594e-08,0.0052722,1.1624e-05,0.00057016,0.0013168,0.00020716,0.00046224,5.6294e-05,0.0083482,9.6328e-05,1.0575e-05,0.0037875,0.00017989,0.00027294,0.00035895,0.0004,1,0.00018273,0.00051566,0.0011616
1.3502e-06,0.00013026,2.0281e-06,0.00050516,0.00086189,0.0021091,0.0010062,6.5057e-05,1.2837e-05,7.9448e-05,1.2796e-05,5.2197e-06,1.6483e-05,8.022e-06,2.4063e-06,0.00010203,3.1401e-05,9.0788e-08,0.00016746,1.0172e-07,4.3577e-08,6.9795e-07,1.054e-05,4.0211e-08,7.1687e-07,1.1879e-06,0.0015686,1.9765e-05,3.147e-06,0.00059528,0.011876,8.8189e-05,0.00016346,5.1513e-06,6.8023e-06,3.4745e-05,2.5546e-05,0.00063639,6.3735e-06,7.9546e-10,0.00022931,3.3523e-07,0.004642,7.8384e-06,3.4853e-05,0.0049861,0.0009185,0.00049766,4.98e-05,6.5147e-07,0.0021582,2.4013e-06,0.00077408,0.00532,2.273e-06,0.00018273,1,0.00012644,1.2623e-05
1.3289e-06,6.6552e-06,4.7016e-06,1.3992e-06,0.00033722,0.00042468,9.6157e-05,2.9797e-05,1.5473e-05,2.4292e-05,4.3361e-06,6.1283e-06,9.8882e-06,4.6933e-06,4.7692e-06,1.9961e-05,1.9975e-05,8.0608e-07,3.9249e-05,5.8722e-09,5.0035e-07,4.6771e-07,4.5159e-05,4.2845e-07,1.048e-05,2.0362e-07,0.00075563,1.7911e-05,1.4131e-05,0.00029544,0.00074754,0.00021805,0.0013915,1.0214e-05,0.00028911,0.00017828,5.6931e-06,0.0023144,9.5549e-05,3.9133e-09,0.00015459,3.1913e-08,0.0023231,3.1527e-05,2.1181e-06,0.00013446,0.00059597,0.0013512,0.00060458,8.7298e-05,0.0058686,1.5044e-06,0.00014531,9.0189e-05,5.9094e-06,0.00051566,0.00012644,1,2.2395e-05
0.00095065,0.00059749,0.001194,1.4745e-05,0.00015429,0.00036463,0.00062345,0.0015388,0.00053331,0.0010477,0.00028188,0.00010755,0.0021265,0.0011409,0.00053019,8.4125e-05,0.00074183,4.267e-06,0.00024692,2.7912e-06,9.8632e-06,0.00030724,0.0010203,1.0323e-05,2.3581e-05,3.6454e-05,9.9104e-05,0.0027957,0.00075931,0.00031282,1.4042e-05,0.00094923,0.00014008,1.7259e-05,4.9061e-05,0.0016378,1.2908e-05,7.8805e-05,0.00026999,1.6491e-06,0.00090424,1.9169e-05,2.1711e-05,0.0014311,0.00043526,6.9408e-05,6.8076e-06,0.00057376,3.5297e-05,4.5076e-06,0.00023817,0.00079752,2.5034e-05,2.4266e-05,0.0003461,0.0011616,1.2623e-05,2.2395e-05,1
