1,0.00092173,0.0001459,0.0057627,0.0004285,0.0014264,0.002718,0.0020272,0.0001047,0.0013082,0.00022076,0.0002926,0.00065595,0.00033722,0.00068493,0.00010832,0.00079331,0.0018779,0.0040854,2.9207e-05,0.0029521,1.6716e-05,2.343e-07,4.6495e-05,0.00020751,7.5855e-06,1.2245e-06,0.0012331,4.7972e-07,0.00050036,1.1424e-06,2.2915e-06,0.00014051,6.4518e-05,1.601e-05,3.29e-07,1.9213e-06,3.4401e-05
0.00092173,1,8.016e-05,0.008205,0.00039615,0.00020947,0.0016518,0.00028347,0.00017214,0.00020278,0.00087207,0.00065406,0.0006407,0.00043749,0.00069372,0.00013981,0.00080371,0.013126,0.0028659,0.00025626,0.0023416,2.487e-06,1.0366e-06,8.6721e-05,0.0018443,1.0825e-05,3.5298e-06,0.00030781,2.4386e-06,0.00068816,1.2912e-06,4.0672e-05,0.002111,0.00017736,2.3563e-05,1.2773e-06,1.4001e-05,2.7425e-05
0.0001459,8.016e-05,1,2.9232e-05,0.0071985,0.00012815,0.0034068,0.0029354,0.013734,4.1885e-05,0.0007547,0.00042522,0.00065247,0.015221,0.0012831,0.0099529,0.0048698,0.00086882,0.0023076,0.00019464,0.00077197,8.1321e-07,1.5844e-05,1.5132e-05,1.4767e-05,8.0494e-05,0.00043159,0.0013926,0.00012444,0.0001162,3.9242e-09,1.5351e-07,4.0766e-05,0.0010133,0.00045106,8.4601e-06,2.3111e-05,5.5446e-06
0.0057627,0.008205,2.9232e-05,1,0.00012726,0.00025652,0.00092849,0.00036401,3.142e-05,0.00034164,0.00011255,0.00023894,0.00025396,0.00011814,0.00039226,3.7216e-05,0.00040482,0.0017642,0.0011732,4.8972e-05,0.00084108,4.7473e-06,2.1411e-07,5.7842e-05,0.0026439,3.7835e-06,6.1613e-07,0.00036284,5.9511e-07,0.00057061,1.2722e-05,2.4121e-05,0.0010641,4.374e-05,7.8354e-06,2.3815e-07,2.3556e-06,1.7918e-05
0.0004285,0.00039615,0.0071985,0.00012726,1,9.7548e-05,0.017448,0.00072569,0.017857,9.8885e-05,0.0018485,0.00027058,0.00078828,0.039484,0.00073708,0.071857,0.013659,0.0039458,0.0023335,6.8991e-05,0.0045253,5.4756e-07,2.6726e-06,1.0248e-05,3.3075e-05,1.2045e-05,5.5553e-05,0.0016193,3.1432e-05,0.00012444,7.8792e-09,3.5585e-07,4.4261e-05,0.0063504,0.0063379,4.1617e-06,1.4376e-05,9.6164e-06
0.0014264,0.00020947,0.00012815,0.00025652,9.7548e-05,1,0.0011414,0.00041305,3.5707e-05,0.0077999,7.7538e-05,0.00016847,0.00094514,0.00011467,0.00075195,2.6699e-05,0.00044292,0.00058701,0.010127,0.00040275,0.00094682,0.00040267,2.4811e-06,0.00021325,0.00010123,0.00012668,6.2483e-06,0.00021588,8.6303e-07,0.00097169,5.0768e-07,1.3157e-06,7.803e-05,7.0213e-05,2.4187e-06,4.2301e-07,1.8068e-05,0.00036258
0.002718,0.0016518,0.0034068,0.00092849,0.017448,0.0011414,1,0.0014723,0.0028354,0.0011712,0.0016522,0.00032267,0.00086747,0.012421,0.0014342,0.0063916,0.059552,0.005051,0.027033,0.00014817,0.014585,3.47e-06,1.9422e-06,6.3003e-05,0.00010276,4.2554e-05,2.6805e-05,0.0034054,7.3362e-06,0.00086189,5.4714e-08,6.4643e-07,0.00021094,0.0028768,0.00080024,1.4641e-06,9.1446e-06,2.0136e-05
0.0020272,0.00028347,0.0029354,0.00036401,0.00072569,0.00041305,0.0014723,1,0.00069453,0.00010569,0.0004991,0.0015131,0.0023333,0.002741,0.0013181,0.00044746,0.001201,0.001797,0.0030934,0.00015783,0.00080902,6.8849e-06,2.7315e-06,1.7344e-05,5.5743e-05,2.1291e-05,1.3948e-05,0.0038038,5.4841e-06,0.00024973,5.3431e-08,5.2309e-07,0.00019251,0.00010104,4.0565e-05,2.825e-06,6.4845e-06,1.5869e-05
0.0001047,0.00017214,0.013734,3.142e-05,0.017857,3.5707e-05,0.0028354,0.00069453,1,2.0409e-05,0.0048377,0.00071994,0.0005372,0.026493,0.00062087,0.020277,0.0035067,0.0014659,0.0010826,8.5196e-05,0.0012366,2.2203e-07,1.1447e-05,7.9709e-06,1.3462e-05,4.2022e-05,0.00053121,0.00070276,9.1173e-05,3.8952e-05,2.8373e-09,3.0328e-07,4.3094e-05,0.002117,0.00095967,1.4242e-05,2.0421e-05,3.2891e-06
0.0013082,0.00020278,4.1885e-05,0.00034164,9.8885e-05,0.0077999,0.0011712,0.00010569,2.0409e-05,1,5.9477e-05,2.2011e-05,0.00015365,6.5585e-05,8.2878e-05,2.2923e-05,0.00086669,0.00020936,0.0020894,3.5696e-05,0.00053462,2.4385e-05,2.7782e-07,2.9592e-05,3.3353e-05,1.4505e-05,1.1132e-06,0.00012249,1.6028e-07,0.00030196,4.9896e-07,5.4727e-07,7.0604e-05,3.5867e-05,4.3509e-06,7.893e-08,1.5914e-06,4.5062e-05
0.00022076,0.00087207,0.0007547,0.00011255,0.0018485,7.7538e-05,0.0016522,0.0004991,0.0048377,5.9477e-05,1,0.00033841,0.00073125,0.0040254,0.00055023,0.0013191,0.0018314,0.0031464,0.001538,0.00018332,0.0022396,7.306e-07,4.8297e-06,7.6928e-06,4.1915e-05,1.6682e-05,6.507e-05,0.00035811,1.1833e-05,7.1274e-05,2.3364e-08,1.0646e-06,0.00043904,0.00050739,0.00017599,1.0078e-05,1.8287e-05,8.4341e-06
0.0002926,0.00065406,0.00042522,0.00023894,0.00027058,0.00016847,0.00032267,0.0015131,0.00071994,2.2011e-05,0.00033841,1,0.0027377,0.00047584,0.0022283,0.00010245,0.00022129,0.0026464,0.0011715,0.00046282,0.00049971,3.7033e-06,1.079e-05,3.9827e-05,0.00014753,0.00023275,4.7352e-05,0.00039736,1.3777e-05,0.00011586,7.4704e-08,1.1677e-05,0.00014727,8.6571e-05,6.7118e-06,7.1108e-06,4.3913e-05,5.2346e-05
0.00065595,0.0006407,0.00065247,0.00025396,0.00078828,0.00094514,0.00086747,0.0023333,0.0005372,0.00015365,0.00073125,0.0027377,1,0.0022358,0.0069062,0.00025756,0.00058492,0.010033,0.004306,0.0012211,0.0019879,4.0191e-05,3.4256e-05,6.8263e-05,0.00024803,3.4542e-05,4.7266e-05,0.00027911,2.2318e-05,0.00034366,8.8477e-08,2.6216e-06,0.00034632,0.00029468,1.6477e-05,1.2954e-05,0.00018767,0.00018926
0.00033722,0.00043749,0.015221,0.00011814,0.039484,0.00011467,0.012421,0.002741,0.026493,6.5585e-05,0.0040254,0.00047584,0.0022358,1,0.0016765,0.041197,0.010858,0.005248,0.0038482,0.00018426,0.0040191,1.0782e-06,8.4394e-06,1.6164e-05,3.9531e-05,1.4385e-05,0.00011186,0.0018464,5.3972e-05,0.00016284,6.7531e-09,2.7189e-07,0.000105,0.0045355,0.0025725,9.7255e-06,2.1316e-05,8.4582e-06
0.00068493,0.00069372,0.0012831,0.00039226,0.00073708,0.00075195,0.0014342,0.0013181,0.00062087,8.2878e-05,0.00055023,0.0022283,0.0069062,0.0016765,1,0.00038959,0.0007396,0.0073166,0.0084421,0.0015101,0.002802,3.0085e-05,4.233e-05,0.00033772,0.00063151,0.00010769,7.3256e-05,0.00050395,8.3344e-05,0.0010048,1.9143e-07,4.4248e-06,0.00041257,0.00034821,1.9849e-05,2.2373e-05,0.00012989,0.00018215
0.00010832,0.00013981,0.0099529,3.7216e-05,0.071857,2.6699e-05,0.0063916,0.00044746,0.020277,2.2923e-05,0.0013191,0.00010245,0.00025756,0.041197,0.00038959,1,0.007265,0.0014109,0.00085518,4.2239e-05,0.0018783,2.2835e-07,3.4571e-06,6.5904e-06,1.3227e-05,7.8507e-06,7.6938e-05,0.00093737,6.6134e-05,7.2538e-05,2.6675e-09,1.3408e-07,2.8123e-05,0.0056137,0.015316,6.3088e-06,9.4376e-06,2.7733e-06
0.00079331,0.00080371,0.0048698,0.00040482,0.013659,0.00044292,0.059552,0.001201,0.0035067,0.00086669,0.0018314,0.00022129,0.00058492,0.010858,0.0007396,0.007265,1,0.002275,0.0097551,0.00014909,0.0047231,1.574e-06,2.4524e-06,2.2773e-05,5.5216e-05,4.2825e-05,3.4554e-05,0.0046755,9.9567e-06,0.00063519,2.9159e-08,4.6516e-07,0.00029015,0.0028095,0.0011234,1.3241e-06,7.9242e-06,1.1882e-05
0.0018779,0.013126,0.00086882,0.0017642,0.0039458,0.00058701,0.005051,0.001797,0.0014659,0.00020936,0.0031464,0.0026464,0.010033,0.005248,0.0073166,0.0014109,0.002275,1,0.010907,0.001028,0.014479,1.1246e-05,8.2269e-06,0.00013315,0.001136,2.2954e-05,2.1284e-05,0.0010454,2.2789e-05,0.0014358,2.5541e-07,1.2657e-05,0.00082888,0.0013904,0.00012538,1.4766e-05,8.5521e-05,0.00017864
0.0040854,0.0028659,0.0023076,0.0011732,0.0023335,0.010127,0.027033,0.0030934,0.0010826,0.0020894,0.001538,0.0011715,0.004306,0.0038482,0.0084421,0.00085518,0.0097551,0.010907,1,0.0012897,0.011314,3.5256e-05,7.5626e-06,0.0003041,0.00030287,0.00017439,4.7863e-05,0.0026082,9.5968e-06,0.0026976,1.8537e-07,2.2161e-06,0.00065369,0.0009981,5.9396e-05,2.9825e-06,4.031e-05,0.00012825
2.9207e-05,0.00025626,0.00019464,4.8972e-05,6.8991e-05,0.00040275,0.00014817,0.00015783,8.5196e-05,3.5696e-05,0.00018332,0.00046282,0.0012211,0.00018426,0.0015101,4.2239e-05,0.00014909,0.001028,0.0012897,1,0.00019175,2.233e-05,5.2234e-05,5.672e-05,0.00016356,0.00010676,5.8648e-05,6.8638e-05,3.1398e-05,0.00027314,1.1744e-07,4.4136e-06,0.00019483,0.00014897,3.4231e-06,1.3232e-05,0.00046849,0.00016902
0.0029521,0.0023416,0.00077197,0.00084108,0.0045253,0.00094682,0.014585,0.00080902,0.0012366,0.00053462,0.0022396,0.00049971,0.0019879,0.0040191,0.002802,0.0018783,0.0047231,0.014479,0.011314,0.00019175,1,1.3653e-05,4.0004e-06,0.00014416,0.00030015,3.4224e-05,1.8331e-05,0.0014399,6.4144e-06,0.0011091,1.202e-07,2.1373e-06,0.00015424,0.0019529,0.0001775,2.3283e-06,2.6688e-05,6.531e-05
1.6716e-05,2.487e-06,8.1321e-07,4.7473e-06,5.4756e-07,0.00040267,3.47e-06,6.8849e-06,2.2203e-07,2.4385e-05,7.306e-07,3.7033e-06,4.0191e-05,1.0782e-06,3.0085e-05,2.2835e-07,1.574e-06,1.1246e-05,3.5256e-05,2.233e-05,1.3653e-05,1,4.2367e-07,1.779e-05,4.6679e-06,1.6442e-06,9.6831e-08,2.8828e-06,3.8382e-08,4.5399e-05,2.5655e-07,1.4199e-07,2.1156e-06,7.7774e-07,2.5038e-08,1.0783e-07,1.2466e-06,0.00025929
2.343e-07,1.0366e-06,1.5844e-05,2.1411e-07,2.6726e-06,2.4811e-06,1.9422e-06,2.7315e-06,1.1447e-05,2.7782e-07,4.8297e-06,1.079e-05,3.4256e-05,8.4394e-06,4.233e-05,3.4571e-06,2.4524e-06,8.2269e-06,7.5626e-06,5.2234e-05,4.0004e-06,4.2367e-07,1,1.7076e-05,1.8881e-06,2.8105e-05,0.00039371,3.9579e-07,0.00051161,1.8994e-06,1.405e-09,7.7815e-08,3.7879e-06,6.17e-06,1.1938e-07,1.4048e-05,0.00050143,6.4507e-07
4.6495e-05,8.6721e-05,1.5132e-05,5.7842e-05,1.0248e-05,0.00021325,6.3003e-05,1.7344e-05,7.9709e-06,2.9592e-05,7.6928e-06,3.9827e-05,6.8263e-05,1.6164e-05,0.00033772,6.5904e-06,2.2773e-05,0.00013315,0.0003041,5.672e-05,0.00014416,1.779e-05,1.7076e-05,1,0.0003914,5.3675e-05,6.9157e-06,7.818e-06,5.8463e-06,0.00039269,4.9225e-07,5.9344e-06,3.1001e-05,4.2562e-05,3.0952e-07,2.9778e-07,3.6866e-05,1.5169e-05
0.00020751,0.0018443,1.4767e-05,0.0026439,3.3075e-05,0.00010123,0.00010276,5.5743e-05,1.3462e-05,3.3353e-05,4.1915e-05,0.00014753,0.00024803,3.9531e-05,0.00063151,1.3227e-05,5.5216e-05,0.001136,0.00030287,0.00016356,0.00030015,4.6679e-06,1.8881e-06,0.0003914,1,5.2545e-06,1.5939e-06,3.3588e-05,5.3554e-06,0.00065868,1.407e-05,0.00020461,0.00041014,6.2126e-05,1.5884e-06,3.5682e-07,5.8849e-05,3.0601e-05
7.5855e-06,1.0825e-05,8.0494e-05,3.7835e-06,1.2045e-05,0.00012668,4.2554e-05,2.1291e-05,4.2022e-05,1.4505e-05,1.6682e-05,0.00023275,3.4542e-05,1.4385e-05,0.00010769,7.8507e-06,4.2825e-05,2.2954e-05,0.00017439,0.00010676,3.4224e-05,1.6442e-06,2.8105e-05,5.3675e-05,5.2545e-06,1,0.00016538,1.488e-05,6.4904e-06,2.7917e-05,1.0923e-08,7.5343e-07,1.2039e-05,1.2482e-05,3.936e-07,5.4993e-07,1.9942e-05,6.8249e-06
1.2245e-06,3.5298e-06,0.00043159,6.1613e-07,5.5553e-05,6.2483e-06,2.6805e-05,1.3948e-05,0.00053121,1.1132e-06,6.507e-05,4.7352e-05,4.7266e-05,0.00011186,7.3256e-05,7.6938e-05,3.4554e-05,2.1284e-05,4.7863e-05,5.8648e-05,1.8331e-05,9.6831e-08,0.00039371,6.9157e-06,1.5939e-06,0.00016538,1,4.2811e-06,0.00047481,2.5241e-06,4.6992e-10,7.4271e-08,4.9483e-06,5.1596e-05,3.0952e-06,7.5133e-06,0.00012713,5.0301e-07
0.0012331,0.00030781,0.0013926,0.00036284,0.0016193,0.00021588,0.0034054,0.0038038,0.00070276,0.00012249,0.00035811,0.00039736,0.00027911,0.0018464,0.00050395,0.00093737,0.0046755,0.0010454,0.0026082,6.8638e-05,0.0014399,2.8828e-06,3.9579e-07,7.818e-06,3.3588e-05,1.488e-05,4.2811e-06,1,1.6784e-06,0.00055998,3.3901e-08,3.6134e-07,7.1185e-05,0.00041054,0.0002475,7.7735e-07,1.3941e-06,1.8922e-05
4.7972e-07,2.4386e-06,0.00012444,5.9511e-07,3.1432e-05,8.6303e-07,7.3362e-06,5.4841e-06,9.1173e-05,1.6028e-07,1.1833e-05,1.3777e-05,2.2318e-05,5.3972e-05,8.3344e-05,6.6134e-05,9.9567e-06,2.2789e-05,9.5968e-06,3.1398e-05,6.4144e-06,3.8382e-08,0.00051161,5.8463e-06,5.3554e-06,6.4904e-06,0.00047481,1.6784e-06,1,2.2797e-06,1.1412e-09,1.6863e-07,4.4465e-06,5.0009e-05,3.4876e-06,1.5911e-05,0.00028901,2.9117e-07
0.00050036,0.00068816,0.0001162,0.00057061,0.00012444,0.00097169,0.00086189,0.00024973,3.8952e-05,0.00030196,7.1274e-05,0.00011586,0.00034366,0.00016284,0.0010048,7.2538e-05,0.00063519,0.0014358,0.0026976,0.00027314,0.0011091,4.5399e-05,1.8994e-06,0.00039269,0.00065868,2.7917e-05,2.5241e-06,0.00055998,2.2797e-06,1,6.3421e-07,3.7714e-06,0.00025726,0.00019481,1.202e-05,6.5624e-07,9.318e-06,0.00014781
1.1424e-06,1.2912e-06,3.9242e-09,1.2722e-05,7.8792e-09,5.0768e-07,5.4714e-08,5.3431e-08,2.8373e-09,4.9896e-07,2.3364e-08,7.4704e-08,8.8477e-08,6.7531e-09,1.9143e-07,2.6675e-09,2.9159e-08,2.5541e-07,1.8537e-07,1.1744e-07,1.202e-07,2.5655e-07,1.405e-09,4.9225e-07,1.407e-05,1.0923e-08,4.6992e-10,3.3901e-08,1.1412e-09,6.3421e-07,1,7.4119e-06,1.5844e-06,7.2838e-09,5.3712e-10,1.052e-09,1.6617e-08,1.7395e-07
2.2915e-06,4.0672e-05,1.5351e-07,2.4121e-05,3.5585e-07,1.3157e-06,6.4643e-07,5.2309e-07,3.0328e-07,5.4727e-07,1.0646e-06,1.1677e-05,2.6216e-06,2.7189e-07,4.4248e-06,1.3408e-07,4.6516e-07,1.2657e-05,2.2161e-06,4.4136e-06,2.1373e-06,1.4199e-07,7.7815e-08,5.9344e-06,0.00020461,7.5343e-07,7.4271e-08,3.6134e-07,1.6863e-07,3.7714e-06,7.4119e-06,1,1.0458e-05,4.9086e-07,1.8591e-08,3.7468e-08,1.7248e-06,4.6642e-06
0.00014051,0.002111,4.0766e-05,0.0010641,4.4261e-05,7.803e-05,0.00021094,0.00019251,4.3094e-05,7.0604e-05,0.00043904,0.00014727,0.00034632,0.000105,0.00041257,2.8123e-05,0.00029015,0.00082888,0.00065369,0.00019483,0.00015424,2.1156e-06,3.7879e-06,3.1001e-05,0.00041014,1.2039e-05,4.9483e-06,7.1185e-05,4.4465e-06,0.00025726,1.5844e-06,1.0458e-05,1,2.1682e-05,3.6504e-06,1.803e-06,8.6861e-06,7.6153e-06
6.4518e-05,0.00017736,0.0010133,4.374e-05,0.0063504,7.0213e-05,0.0028768,0.00010104,0.002117,3.5867e-05,0.00050739,8.6571e-05,0.00029468,0.0045355,0.00034821,0.0056137,0.0028095,0.0013904,0.0009981,0.00014897,0.0019529,7.7774e-07,6.17e-06,4.2562e-05,6.2126e-05,1.2482e-05,5.1596e-05,0.00041054,5.0009e-05,0.00019481,7.2838e-09,4.9086e-07,2.1682e-05,1,0.00076546,2.3853e-06,5.2163e-05,1.2034e-05
1.601e-05,2.3563e-05,0.00045106,7.8354e-06,0.0063379,2.4187e-06,0.00080024,4.0565e-05,0.00095967,4.3509e-06,0.00017599,6.7118e-06,1.6477e-05,0.0025725,1.9849e-05,0.015316,0.0011234,0.00012538,5.9396e-05,3.4231e-06,0.0001775,2.5038e-08,1.1938e-07,3.0952e-07,1.5884e-06,3.936e-07,3.0952e-06,0.0002475,3.4876e-06,1.202e-05,5.3712e-10,1.8591e-08,3.6504e-06,0.00076546,1,7.7764e-07,4.8778e-07,4.4959e-07
3.29e-07,1.2773e-06,8.4601e-06,2.3815e-07,4.1617e-06,4.2301e-07,1.4641e-06,2.825e-06,1.4242e-05,7.893e-08,1.0078e-05,7.1108e-06,1.2954e-05,9.7255e-06,2.2373e-05,6.3088e-06,1.3241e-06,1.4766e-05,2.9825e-06,1.3232e-05,2.3283e-06,1.0783e-07,1.4048e-05,2.9778e-07,3.5682e-07,5.4993e-07,7.5133e-06,7.7735e-07,1.5911e-05,6.5624e-07,1.052e-09,3.7468e-08,1.803e-06,2.3853e-06,7.7764e-07,1,3.6446e-06,9.691e-07
1.9213e-06,1.4001e-05,2.3111e-05,2.3556e-06,1.4376e-05,1.8068e-05,9.1446e-06,6.4845e-06,2.0421e-05,1.5914e-06,1.8287e-05,4.3913e-05,0.00018767,2.1316e-05,0.00012989,9.4376e-06,7.9242e-06,8.5521e-05,4.031e-05,0.00046849,2.6688e-05,1.2466e-06,0.00050143,3.6866e-05,5.8849e-05,1.9942e-05,0.00012713,1.3941e-06,0.00028901,9.318e-06,1.6617e-08,1.7248e-06,8.6861e-06,5.2163e-05,4.8778e-07,3.6446e-06,1,6.3793e-06
3.4401e-05,2.7425e-05,5.5446e-06,1.7918e-05,9.6164e-06,0.00036258,2.0136e-05,1.5869e-05,3.2891e-06,4.5062e-05,8.4341e-06,5.2346e-05,0.00018926,8.4582e-06,0.00018215,2.7733e-06,1.1882e-05,0.00017864,0.00012825,0.00016902,6.531e-05,0.00025929,6.4507e-07,1.5169e-05,3.0601e-05,6.8249e-06,5.0301e-07,1.8922e-05,2.9117e-07,0.00014781,1.7395e-07,4.6642e-06,7.6153e-06,1.2034e-05,4.4959e-07,9.691e-07,6.3793e-06,1
