1,1.1632e-08,0.13364,6.9832e-12,2.3559e-09,0.0090998,1.0318e-10,3.684e-13,2.0016e-11,1.5156e-13,0.018992,0.0011061,3.7664e-06,0.01819,1.7249e-09,3.5341e-06,5.6254e-07,0.019279,3.9842e-09,0.004107,4.4001e-15,0.0012114,1.345e-06,1.1162e-05,3.849e-13,4.0152e-05,1.1387e-06,5.0809e-13,0.021531,7.125e-13,0.00069414,5.3886e-13,5.2645e-07,0.0062309,1.1457e-16,0.0050094,5.3679e-13,1.9108e-13,1.872e-12,0.092855,3.903e-13,2.4427e-06,0.00018436,5.8745e-11,3.6546e-08
1.1632e-08,1,6.3647e-09,9.8882e-20,0.057273,8.5204e-07,0.0056769,2.3949e-05,0.0013713,1.0284e-05,2.8553e-07,8.1606e-06,0.0022626,4.1171e-10,2.3888e-17,5.4935e-14,8.0147e-15,3.3265e-07,5.349e-17,2.1423e-06,3.037e-07,5.9775e-06,1.9751e-14,1.8816e-13,2.153e-05,6.0042e-13,1.6463e-14,3.3421e-05,7.2752e-10,3.5744e-05,1.3358e-11,3.1889e-05,0.0088546,1.2491e-06,7.8087e-09,9.5763e-11,3.4304e-05,1.0047e-05,9.8253e-05,1.9706e-08,2.5411e-05,3.6074e-14,5.0574e-06,8.2994e-19,0.037742
0.13364,6.3647e-09,1,1.406e-11,1.304e-09,0.0060641,5.5572e-11,1.901e-13,1.0812e-11,8.0515e-14,0.01378,0.00065351,1.9298e-06,0.046438,3.3405e-09,7.4076e-06,1.1003e-06,0.01274,7.6402e-09,0.0022319,2.3704e-15,0.00073525,2.7282e-06,2.1714e-05,2.0249e-13,8.135e-05,2.3264e-06,2.6878e-13,0.03835,3.731e-13,0.0014396,2.8818e-13,2.8318e-07,0.0037386,6.0216e-17,0.010335,2.8546e-13,9.9875e-14,9.8926e-13,0.093877,2.0682e-13,4.9565e-06,0.00011931,1.1521e-10,1.982e-08
6.9832e-12,9.8882e-20,1.406e-11,1,2.1174e-20,1.0681e-13,8.474e-22,2.8733e-24,1.6384e-22,1.2166e-24,2.9101e-13,1.0901e-14,3.061e-17,2.0224e-10,0.0028363,1.561e-06,1.0438e-05,2.5901e-13,0.0014281,3.9119e-14,3.6834e-26,1.3254e-14,4.3568e-06,3.6205e-07,3.23e-24,1.4723e-07,5.4749e-06,4.1105e-24,1.0283e-10,6.1347e-24,5.8373e-09,4.5172e-24,4.8154e-18,6.8878e-14,9.3359e-28,9.0336e-10,4.4243e-24,1.6391e-24,1.5812e-23,4.193e-12,3.1763e-24,2.4297e-06,5.0667e-15,0.042784,3.3904e-19
2.3559e-09,0.057273,1.304e-09,2.1174e-20,1,1.6438e-07,0.020234,0.00010536,0.0048191,4.516e-05,6.0674e-08,1.5328e-06,0.00044592,8.4158e-11,4.8354e-18,1.1778e-14,1.621e-15,6.5915e-08,1.0969e-17,4.3142e-07,1.6215e-06,1.2257e-06,4.1195e-15,4.0049e-14,9.9513e-05,1.2485e-13,3.4413e-15,0.00015454,1.5398e-10,0.00016346,2.8205e-12,0.00014413,0.0024015,2.6561e-07,3.7621e-08,2.0328e-11,0.00016104,4.6442e-05,0.00042413,4.1626e-09,0.00011774,7.5875e-15,1.2233e-06,1.743e-19,0.017199
0.0090998,8.5204e-07,0.0060641,1.0681e-13,1.6438e-07,1,7.2242e-09,2.4755e-11,1.4593e-09,1.0524e-11,0.11711,0.075552,0.0002368,0.00039511,2.575e-11,5.7912e-08,8.5813e-09,0.16135,5.7865e-11,0.13354,3.0886e-13,0.058591,2.1091e-08,1.847e-07,2.5945e-11,6.3973e-07,1.7804e-08,3.5143e-11,0.00061457,4.7582e-11,1.2927e-05,3.7018e-11,3.4075e-05,0.17704,7.885e-15,9.4696e-05,3.7181e-11,1.2777e-11,1.2708e-10,0.014457,2.6977e-11,3.8481e-08,0.0038977,8.8718e-13,2.4037e-06
1.0318e-10,0.0056769,5.5572e-11,8.474e-22,0.020234,7.2242e-09,1,0.0024942,0.088854,0.0010887,2.6284e-09,6.9175e-08,2.2307e-05,3.6349e-12,2.0275e-19,4.7729e-16,6.7912e-17,2.852e-09,4.5642e-19,1.8962e-08,3.4229e-05,5.3448e-08,1.6937e-16,1.6783e-15,0.0020651,5.189e-15,1.4182e-16,0.0035242,6.6127e-12,0.0031413,1.1707e-13,0.002875,0.00012556,1.1189e-08,9.1185e-07,8.4182e-13,0.0034668,0.00096033,0.0075868,1.7618e-10,0.0027348,3.1266e-16,5.8637e-08,7.208e-21,0.001252
3.684e-13,2.3949e-05,1.901e-13,2.8733e-24,0.00010536,2.4755e-11,0.0024942,1,0.012233,0.16944,8.8188e-12,2.3981e-10,8.4868e-08,1.2358e-14,6.923e-22,1.6176e-18,2.3298e-19,9.9538e-12,1.5747e-21,6.8069e-11,0.0082153,1.9116e-10,5.7986e-19,5.6273e-18,0.059102,1.7641e-17,4.7966e-19,0.16299,2.2174e-14,0.030418,4.0203e-16,0.078663,4.5761e-07,3.8589e-11,0.00022419,2.8614e-15,0.12213,0.029991,0.033613,5.9999e-13,0.13775,1.0545e-18,2.4095e-10,2.4172e-23,5.7312e-06
2.0016e-11,0.0013713,1.0812e-11,1.6384e-22,0.0048191,1.4593e-09,0.088854,0.012233,1,0.0054961,4.9919e-10,1.3973e-08,4.4721e-06,7.0208e-13,3.94e-20,9.2164e-17,1.3254e-17,5.692e-10,8.8661e-20,3.7348e-09,0.00017156,1.0716e-08,3.2919e-17,3.1982e-16,0.0077764,1.004e-15,2.7384e-17,0.016498,1.2563e-12,0.0097337,2.2703e-14,0.012251,2.4339e-05,2.1772e-09,4.4758e-06,1.624e-13,0.015559,0.0034361,0.024407,3.3982e-11,0.012103,6.0186e-17,1.2201e-08,1.3815e-21,0.00027432
1.5156e-13,1.0284e-05,8.0515e-14,1.2166e-24,4.516e-05,1.0524e-11,0.0010887,0.16944,0.0054961,1,3.7297e-12,1.0144e-10,3.4657e-08,5.2482e-15,2.9142e-22,6.857e-19,9.7907e-20,4.1969e-12,6.6124e-22,2.9236e-11,0.017485,8.0827e-11,2.4514e-19,2.3861e-18,0.049523,7.467e-18,2.0298e-19,0.11866,9.4143e-15,0.022448,1.701e-16,0.058748,1.9589e-07,1.6359e-11,0.00050346,1.212e-15,0.090531,0.030177,0.020506,2.5444e-13,0.10889,4.4641e-19,1.0311e-10,1.0239e-23,2.4738e-06
0.018992,2.8553e-07,0.01378,2.9101e-13,6.0674e-08,0.11711,2.6284e-09,8.8188e-12,4.9919e-10,3.7297e-12,1,0.021298,8.0307e-05,0.0010161,6.7786e-11,1.5799e-07,2.2253e-08,0.12117,1.5355e-10,0.054802,1.1223e-13,0.020532,5.6176e-08,5.1589e-07,9.6041e-12,1.698e-06,4.7862e-08,1.2666e-11,0.0016942,1.8061e-11,3.3294e-05,1.3329e-11,1.3143e-05,0.098083,2.8944e-15,0.00025099,1.3415e-11,4.8371e-12,4.617e-11,0.032285,9.8175e-12,1.0447e-07,0.0019951,2.4467e-12,8.8093e-07
0.0011061,8.1606e-06,0.00065351,1.0901e-14,1.5328e-06,0.075552,6.9175e-08,2.3981e-10,1.3973e-08,1.0144e-10,0.021298,1,0.0021539,4.2716e-05,2.6647e-12,5.9392e-09,8.8556e-10,0.029779,5.9508e-12,0.11097,2.9614e-12,0.13028,2.1684e-09,1.9623e-08,2.4957e-10,6.5912e-08,1.8234e-09,3.4008e-10,6.8638e-05,4.5517e-10,1.3623e-06,3.5364e-10,0.0003062,0.082604,7.6442e-14,1.0103e-05,3.5776e-10,1.2233e-10,1.2132e-09,0.0017886,2.6008e-10,3.964e-09,0.0074662,9.1579e-14,2.1773e-05
3.7664e-06,0.0022626,1.9298e-06,3.061e-17,0.00044592,0.0002368,2.2307e-05,8.4868e-08,4.4721e-06,3.4657e-08,8.0307e-05,0.0021539,1,1.2567e-07,7.4862e-15,1.6841e-11,2.5007e-12,9.6843e-05,1.6906e-14,0.00062128,1.0124e-09,0.0015765,6.1155e-12,5.7214e-11,8.1899e-08,1.8655e-10,5.1111e-12,1.1572e-07,2.1578e-07,1.4398e-07,4.023e-09,1.1774e-07,0.041615,0.00035721,2.6187e-11,2.9269e-08,1.2e-07,3.9078e-08,3.9078e-07,5.7891e-06,8.8342e-08,1.1164e-11,0.00066196,2.5791e-16,0.0046767
0.01819,4.1171e-10,0.046438,2.0224e-10,8.4158e-11,0.00039511,3.6349e-12,1.2358e-14,7.0208e-13,5.2482e-15,0.0010161,4.2716e-05,1.2567e-07,1,4.8195e-08,9.7405e-05,1.5172e-05,0.00089162,1.0925e-07,0.00014728,1.5367e-16,4.7901e-05,3.7127e-05,0.00029246,1.3504e-14,0.0010881,3.2453e-05,1.7643e-14,0.075379,2.5437e-14,0.013827,1.8798e-14,1.9328e-08,0.00025518,4.0029e-18,0.079131,1.8687e-14,6.816e-15,6.5566e-14,0.011215,1.3607e-14,6.8848e-05,1.0135e-05,1.7014e-09,1.3232e-09
1.7249e-09,2.3888e-17,3.3405e-09,0.0028363,4.8354e-18,2.575e-11,2.0275e-19,6.923e-22,3.94e-20,2.9142e-22,6.7786e-11,2.6647e-12,7.4862e-15,4.8195e-08,1,0.00031106,0.0025176,6.3158e-11,0.19004,9.394e-12,8.5433e-24,3.1402e-12,0.00092385,7.4159e-05,7.6527e-22,3.4234e-05,0.0011885,9.8142e-22,2.4001e-08,1.452e-21,1.2846e-06,1.0674e-21,1.1363e-15,1.6239e-11,2.2156e-25,2.0644e-07,1.045e-21,3.8836e-22,3.762e-21,9.7919e-10,7.5747e-22,0.00051959,1.1074e-12,0.017713,7.9057e-17
3.5341e-06,5.4935e-14,7.4076e-06,1.561e-06,1.1778e-14,5.7912e-08,4.7729e-16,1.6176e-18,9.2164e-17,6.857e-19,1.5799e-07,5.9392e-09,1.6841e-11,9.7405e-05,0.00031106,1,0.059588,1.3844e-07,0.00071896,2.1078e-08,2.0714e-20,7.1094e-09,0.11946,0.048616,1.8068e-18,0.051681,0.13963,2.3265e-18,4.9415e-05,3.4195e-18,0.0023448,2.5257e-18,2.6692e-12,3.7854e-08,5.2842e-22,0.00044711,2.4949e-18,9.1411e-19,8.8033e-18,2.1962e-06,1.7946e-18,0.17732,2.2769e-09,1.2021e-05,1.8534e-13
5.6254e-07,8.0147e-15,1.1003e-06,1.0438e-05,1.621e-15,8.5813e-09,6.7912e-17,2.3298e-19,1.3254e-17,9.7907e-20,2.2253e-08,8.8556e-10,2.5007e-12,1.5172e-05,0.0025176,0.059588,1,2.0874e-08,0.0055482,3.1253e-09,2.8785e-21,1.0435e-09,0.13658,0.012513,2.5387e-19,0.0096807,0.18525,3.2881e-19,7.2158e-06,4.762e-19,0.00036701,3.5767e-19,3.7249e-13,5.3587e-09,7.3871e-23,6.4394e-05,3.5036e-19,1.2744e-19,1.2491e-18,3.1382e-07,2.5349e-19,0.094522,3.3446e-10,7.8848e-05,2.6122e-14
0.019279,3.3265e-07,0.01274,2.5901e-13,6.5915e-08,0.16135,2.852e-09,9.9538e-12,5.692e-10,4.1969e-12,0.12117,0.029779,9.6843e-05,0.00089162,6.3158e-11,1.3844e-07,2.0874e-08,1,1.406e-10,0.066269,1.2366e-13,0.026306,5.0996e-08,4.3222e-07,1.0441e-11,1.5207e-06,4.2686e-08,1.4038e-11,0.001303,1.8988e-11,2.9746e-05,1.4847e-11,1.3486e-05,0.096329,3.1509e-15,0.00021733,1.4818e-11,5.0999e-12,5.1179e-11,0.026147,1.0739e-11,9.1687e-08,0.0021658,2.1414e-12,9.6207e-07
3.9842e-09,5.349e-17,7.6402e-09,0.0014281,1.0969e-17,5.7865e-11,4.5642e-19,1.5747e-21,8.8661e-20,6.6124e-22,1.5355e-10,5.9508e-12,1.6906e-14,1.0925e-07,0.19004,0.00071896,0.0055482,1.406e-10,1,2.1783e-11,1.9366e-23,7.1422e-12,0.0021738,0.00016076,1.7245e-21,7.8589e-05,0.0027945,2.214e-21,5.3325e-08,3.2453e-21,2.9461e-06,2.4152e-21,2.5516e-15,3.6862e-11,4.9805e-25,4.708e-07,2.3617e-21,8.6757e-22,8.4921e-21,2.2062e-09,1.7059e-21,0.0011925,2.4902e-12,0.0091607,1.7908e-16
0.004107,2.1423e-06,0.0022319,3.9119e-14,4.3142e-07,0.13354,1.8962e-08,6.8069e-11,3.7348e-09,2.9236e-11,0.054802,0.11097,0.00062128,0.00014728,9.394e-12,2.1078e-08,3.1253e-09,0.066269,2.1783e-11,1,8.2707e-13,0.095753,7.7881e-09,6.8704e-08,7.0317e-11,2.36e-07,6.5077e-09,9.4759e-11,0.00022974,1.2709e-10,4.7994e-06,9.9434e-11,8.8236e-05,0.16385,2.1179e-14,3.5336e-05,9.9704e-11,3.4147e-11,3.4e-10,0.0057225,7.227e-11,1.4088e-08,0.0054863,3.2676e-13,6.278e-06
4.4001e-15,3.037e-07,2.3704e-15,3.6834e-26,1.6215e-06,3.0886e-13,3.4229e-05,0.0082153,0.00017156,0.017485,1.1223e-13,2.9614e-12,1.0124e-09,1.5367e-16,8.5433e-24,2.0714e-20,2.8785e-21,1.2366e-13,1.9366e-23,8.2707e-13,1,2.3968e-12,7.2968e-21,7.1995e-20,0.0047442,2.2121e-19,6.049e-21,0.006156,2.8307e-16,0.0021215,5.1115e-18,0.0041589,6.1263e-09,4.8985e-13,0.012673,3.6319e-17,0.0054144,0.0058168,0.0011132,7.6273e-15,0.007333,1.336e-20,3.3265e-12,3.0614e-25,7.88e-08
0.0012114,5.9775e-06,0.00073525,1.3254e-14,1.2257e-06,0.058591,5.3448e-08,1.9116e-10,1.0716e-08,8.0827e-11,0.020532,0.13028,0.0015765,4.7901e-05,3.1402e-12,7.1094e-09,1.0435e-09,0.026306,7.1422e-12,0.095753,2.3968e-12,1,2.5964e-09,2.1861e-08,1.9456e-10,7.6671e-08,2.1513e-09,2.6692e-10,7.2007e-05,3.4089e-10,1.5936e-06,2.854e-10,0.0002119,0.065677,5.9609e-14,1.1373e-05,2.8382e-10,9.1992e-11,9.4702e-10,0.0017878,2.0248e-10,4.6163e-09,0.0066245,1.0724e-13,1.6482e-05
1.345e-06,1.9751e-14,2.7282e-06,4.3568e-06,4.1195e-15,2.1091e-08,1.6937e-16,5.7986e-19,3.2919e-17,2.4514e-19,5.6176e-08,2.1684e-09,6.1155e-12,3.7127e-05,0.00092385,0.11946,0.13658,5.0996e-08,0.0021738,7.7881e-09,7.2968e-21,2.5964e-09,1,0.030373,6.4177e-19,0.024532,0.28421,8.2778e-19,1.8682e-05,1.2213e-18,0.00092153,8.9769e-19,9.5865e-13,1.3806e-08,1.8794e-22,0.00016729,8.8169e-19,3.2652e-19,3.1515e-18,8.0254e-07,6.3752e-19,0.19713,8.3438e-10,3.4588e-05,6.5868e-14
1.1162e-05,1.8816e-13,2.1714e-05,3.6205e-07,4.0049e-14,1.847e-07,1.6783e-15,5.6273e-18,3.1982e-16,2.3861e-18,5.1589e-07,1.9623e-08,5.7214e-11,0.00029246,7.4159e-05,0.048616,0.012513,4.3222e-07,0.00016076,6.8704e-08,7.1995e-20,2.1861e-08,0.030373,1,6.8171e-18,0.1072,0.038704,8.4206e-18,0.00022841,1.4208e-17,0.0059008,8.7865e-18,1.0871e-11,1.4052e-07,2.0388e-21,0.001632,8.972e-18,3.7991e-18,3.2291e-17,8.9765e-06,6.673e-18,0.098871,7.4544e-09,3.9855e-06,6.7029e-13
3.849e-13,2.153e-05,2.0249e-13,3.23e-24,9.9513e-05,2.5945e-11,0.0020651,0.059102,0.0077764,0.049523,9.6041e-12,2.4957e-10,8.1899e-08,1.3504e-14,7.6527e-22,1.8068e-18,2.5387e-19,1.0441e-11,1.7245e-21,7.0317e-11,0.0047442,1.9456e-10,6.4177e-19,6.8171e-18,1,2.0015e-17,5.3944e-19,0.10079,2.6307e-14,0.064804,4.5396e-16,0.055708,5.6303e-07,4.3368e-11,0.00020849,3.2979e-15,0.10738,0.06216,0.024495,6.9679e-13,0.099949,1.2093e-18,2.6007e-10,2.8532e-23,6.3036e-06
4.0152e-05,6.0042e-13,8.135e-05,1.4723e-07,1.2485e-13,6.3973e-07,5.189e-15,1.7641e-17,1.004e-15,7.467e-18,1.698e-06,6.5912e-08,1.8655e-10,0.0010881,3.4234e-05,0.051681,0.0096807,1.5207e-06,7.8589e-05,2.36e-07,2.2121e-19,7.6671e-08,0.024532,0.1072,2.0015e-17,1,0.024128,2.5584e-17,0.00059761,3.8497e-17,0.020916,2.7462e-17,3.0246e-11,4.3062e-07,5.8335e-21,0.0051182,2.7094e-17,1.0296e-17,9.6793e-17,2.5609e-05,1.9798e-17,0.050109,2.2875e-08,1.301e-06,2.032e-12
1.1387e-06,1.6463e-14,2.3264e-06,5.4749e-06,3.4413e-15,1.7804e-08,1.4182e-16,4.7966e-19,2.7384e-17,2.0298e-19,4.7862e-08,1.8234e-09,5.1111e-12,3.2453e-05,0.0011885,0.13963,0.18525,4.2686e-08,0.0027945,6.5077e-09,6.049e-21,2.1513e-09,0.28421,0.038704,5.3944e-19,0.024128,1,6.904e-19,1.7316e-05,1.04e-18,0.00082978,7.44e-19,8.2006e-13,1.1749e-08,1.5769e-22,0.00014981,7.3705e-19,2.7783e-19,2.6424e-18,7.1045e-07,5.3633e-19,0.34704,7.0596e-10,4.6694e-05,5.5568e-14
5.0809e-13,3.3421e-05,2.6878e-13,4.1105e-24,0.00015454,3.5143e-11,0.0035242,0.16299,0.016498,0.11866,1.2666e-11,3.4008e-10,1.1572e-07,1.7643e-14,9.8142e-22,2.3265e-18,3.2881e-19,1.4038e-11,2.214e-21,9.4759e-11,0.006156,2.6692e-10,8.2778e-19,8.4206e-18,0.10079,2.5584e-17,6.904e-19,1,3.3092e-14,0.070686,5.7904e-16,0.107,7.2654e-07,5.6738e-11,0.00018995,4.1876e-15,0.19045,0.060124,0.050134,8.8986e-13,0.22743,1.5318e-18,3.4731e-10,3.5451e-23,8.7097e-06
0.021531,7.2752e-10,0.03835,1.0283e-10,1.5398e-10,0.00061457,6.6127e-12,2.2174e-14,1.2563e-12,9.4143e-15,0.0016942,6.8638e-05,2.1578e-07,0.075379,2.4001e-08,4.9415e-05,7.2158e-06,0.001303,5.3325e-08,0.00022974,2.8307e-16,7.2007e-05,1.8682e-05,0.00022841,2.6307e-14,0.00059761,1.7316e-05,3.3092e-14,1,5.4313e-14,0.007321,3.4075e-14,4.1554e-08,0.00050959,7.9393e-18,0.062371,3.4927e-14,1.4517e-14,1.2527e-13,0.027469,2.6309e-14,4.004e-05,1.7302e-05,9.9877e-10,2.4875e-09
7.125e-13,3.5744e-05,3.731e-13,6.1347e-24,0.00016346,4.7582e-11,0.0031413,0.030418,0.0097337,0.022448,1.8061e-11,4.5517e-10,1.4398e-07,2.5437e-14,1.452e-21,3.4195e-18,4.762e-19,1.8988e-11,3.2453e-21,1.2709e-10,0.0021215,3.4089e-10,1.2213e-18,1.4208e-17,0.064804,3.8497e-17,1.04e-18,0.070686,5.4313e-14,1,8.5262e-16,0.024574,1.2624e-06,8.5371e-11,0.00013074,6.4199e-15,0.058266,0.25592,0.034155,1.4126e-12,0.10065,2.3773e-18,4.7546e-10,5.7441e-23,1.1341e-05
0.00069414,1.3358e-11,0.0014396,5.8373e-09,2.8205e-12,1.2927e-05,1.1707e-13,4.0203e-16,2.2703e-14,1.701e-16,3.3294e-05,1.3623e-06,4.023e-09,0.013827,1.2846e-06,0.0023448,0.00036701,2.9746e-05,2.9461e-06,4.7994e-06,5.1115e-18,1.5936e-06,0.00092153,0.0059008,4.5396e-16,0.020916,0.00082978,5.7904e-16,0.007321,8.5262e-16,1,6.2848e-16,6.4921e-10,8.6707e-06,1.3297e-19,0.054901,6.2789e-16,2.284e-16,2.1924e-15,0.0004641,4.4715e-16,0.0017636,4.5567e-07,4.8658e-08,4.3683e-11
5.3886e-13,3.1889e-05,2.8818e-13,4.5172e-24,0.00014413,3.7018e-11,0.002875,0.078663,0.012251,0.058748,1.3329e-11,3.5364e-10,1.1774e-07,1.8798e-14,1.0674e-21,2.5257e-18,3.5767e-19,1.4847e-11,2.4152e-21,9.9434e-11,0.0041589,2.854e-10,8.9769e-19,8.7865e-18,0.055708,2.7462e-17,7.44e-19,0.107,3.4075e-14,0.024574,6.2848e-16,1,6.6994e-07,5.8441e-11,0.00012481,4.4734e-15,0.11308,0.020584,0.022841,9.1906e-13,0.073358,1.6398e-18,3.6678e-10,3.7992e-23,8.6403e-06
5.2645e-07,0.0088546,2.8318e-07,4.8154e-18,0.0024015,3.4075e-05,0.00012556,4.5761e-07,2.4339e-05,1.9589e-07,1.3143e-05,0.0003062,0.041615,1.9328e-08,1.1363e-15,2.6692e-12,3.7249e-13,1.3486e-05,2.5516e-15,8.8236e-05,6.1263e-09,0.0002119,9.5865e-13,1.0871e-11,5.6303e-07,3.0246e-11,8.2006e-13,7.2654e-07,4.1554e-08,1.2624e-06,6.4921e-10,6.6994e-07,1,6.6533e-05,1.8599e-10,5.0278e-09,7.5711e-07,3.3677e-07,2.4731e-06,1.1046e-06,5.9024e-07,1.8697e-12,0.00015378,4.4487e-17,0.022306
0.0062309,1.2491e-06,0.0037386,6.8878e-14,2.6561e-07,0.17704,1.1189e-08,3.8589e-11,2.1772e-09,1.6359e-11,0.098083,0.082604,0.00035721,0.00025518,1.6239e-11,3.7854e-08,5.3587e-09,0.096329,3.6862e-11,0.16385,4.8985e-13,0.065677,1.3806e-08,1.4052e-07,4.3368e-11,4.3062e-07,1.1749e-08,5.6738e-11,0.00050959,8.5371e-11,8.6707e-06,5.8441e-11,6.6533e-05,1,1.3185e-14,6.9713e-05,6.0011e-11,2.2813e-11,2.0763e-10,0.014049,4.4154e-11,2.6319e-08,0.0051491,6.0947e-13,4.0408e-06
1.1457e-16,7.8087e-09,6.0216e-17,9.3359e-28,3.7621e-08,7.885e-15,9.1185e-07,0.00022419,4.4758e-06,0.00050346,2.8944e-15,7.6442e-14,2.6187e-11,4.0029e-18,2.2156e-25,5.2842e-22,7.3871e-23,3.1509e-15,4.9805e-25,2.1179e-14,0.012673,5.9609e-14,1.8794e-22,2.0388e-21,0.00020849,5.8335e-21,1.5769e-22,0.00018995,7.9393e-18,0.00013074,1.3297e-19,0.00012481,1.8599e-10,1.3185e-14,1,9.7172e-19,0.00016771,0.00047146,3.9062e-05,2.1123e-16,0.00025853,3.553e-22,8.9603e-14,8.3484e-27,2.1925e-09
0.0050094,9.5763e-11,0.010335,9.0336e-10,2.0328e-11,9.4696e-05,8.4182e-13,2.8614e-15,1.624e-13,1.212e-15,0.00025099,1.0103e-05,2.9269e-08,0.079131,2.0644e-07,0.00044711,6.4394e-05,0.00021733,4.708e-07,3.5336e-05,3.6319e-17,1.1373e-05,0.00016729,0.001632,3.2979e-15,0.0051182,0.00014981,4.1876e-15,0.062371,6.4199e-15,0.054901,4.4734e-15,5.0278e-09,6.9713e-05,9.7172e-19,1,4.5022e-15,1.7153e-15,1.5756e-14,0.0040619,3.2575e-15,0.00034097,2.9369e-06,8.0829e-09,3.3011e-10
5.3679e-13,3.4304e-05,2.8546e-13,4.4243e-24,0.00016104,3.7181e-11,0.0034668,0.12213,0.015559,0.090531,1.3415e-11,3.5776e-10,1.2e-07,1.8687e-14,1.045e-21,2.4949e-18,3.5036e-19,1.4818e-11,2.3617e-21,9.9704e-11,0.0054144,2.8382e-10,8.8169e-19,8.972e-18,0.10738,2.7094e-17,7.3705e-19,0.19045,3.4927e-14,0.058266,6.2789e-16,0.11308,7.5711e-07,6.0011e-11,0.00016771,4.5022e-15,1,0.047829,0.041896,9.4888e-13,0.16011,1.6416e-18,3.7353e-10,3.7925e-23,9.1653e-06
1.9108e-13,1.0047e-05,9.9875e-14,1.6391e-24,4.6442e-05,1.2777e-11,0.00096033,0.029991,0.0034361,0.030177,4.8371e-12,1.2233e-10,3.9078e-08,6.816e-15,3.8836e-22,9.1411e-19,1.2744e-19,5.0999e-12,8.6757e-22,3.4147e-11,0.0058168,9.1992e-11,3.2652e-19,3.7991e-18,0.06216,1.0296e-17,2.7783e-19,0.060124,1.4517e-14,0.25592,2.284e-16,0.020584,3.3677e-07,2.2813e-11,0.00047146,1.7153e-15,0.047829,1,0.018492,3.7739e-13,0.096859,6.3496e-19,1.308e-10,1.5361e-23,3.1425e-06
1.872e-12,9.8253e-05,9.8926e-13,1.5812e-23,0.00042413,1.2708e-10,0.0075868,0.033613,0.024407,0.020506,4.617e-11,1.2132e-09,3.9078e-07,6.5566e-14,3.762e-21,8.8033e-18,1.2491e-18,5.1179e-11,8.4921e-21,3.4e-10,0.0011132,9.4702e-10,3.1515e-18,3.2291e-17,0.024495,9.6793e-17,2.6424e-18,0.050134,1.2527e-13,0.034155,2.1924e-15,0.022841,2.4731e-06,2.0763e-10,3.9062e-05,1.5756e-14,0.041896,0.018492,1,3.2889e-12,0.043963,5.8621e-18,1.2039e-09,1.3768e-22,2.5847e-05
0.092855,1.9706e-08,0.093877,4.193e-12,4.1626e-09,0.014457,1.7618e-10,5.9999e-13,3.3982e-11,2.5444e-13,0.032285,0.0017886,5.7891e-06,0.011215,9.7919e-10,2.1962e-06,3.1382e-07,0.026147,2.2062e-09,0.0057225,7.6273e-15,0.0017878,8.0254e-07,8.9765e-06,6.9679e-13,2.5609e-05,7.1045e-07,8.8986e-13,0.027469,1.4126e-12,0.0004641,9.1906e-13,1.1046e-06,0.014049,2.1123e-16,0.0040619,9.4888e-13,3.7739e-13,3.2889e-12,1,7.0431e-13,1.6375e-06,0.00031721,3.8616e-11,6.6478e-08
3.903e-13,2.5411e-05,2.0682e-13,3.1763e-24,0.00011774,2.6977e-11,0.0027348,0.13775,0.012103,0.10889,9.8175e-12,2.6008e-10,8.8342e-08,1.3607e-14,7.5747e-22,1.7946e-18,2.5349e-19,1.0739e-11,1.7059e-21,7.227e-11,0.007333,2.0248e-10,6.3752e-19,6.673e-18,0.099949,1.9798e-17,5.3633e-19,0.22743,2.6309e-14,0.10065,4.4715e-16,0.073358,5.9024e-07,4.4154e-11,0.00025853,3.2575e-15,0.16011,0.096859,0.043963,7.0431e-13,1,1.1973e-18,2.6891e-10,2.7818e-23,6.6987e-06
2.4427e-06,3.6074e-14,4.9565e-06,2.4297e-06,7.5875e-15,3.8481e-08,3.1266e-16,1.0545e-18,6.0186e-17,4.4641e-19,1.0447e-07,3.964e-09,1.1164e-11,6.8848e-05,0.00051959,0.17732,0.094522,9.1687e-08,0.0011925,1.4088e-08,1.336e-20,4.6163e-09,0.19713,0.098871,1.2093e-18,0.050109,0.34704,1.5318e-18,4.004e-05,2.3773e-18,0.0017636,1.6398e-18,1.8697e-12,2.6319e-08,3.553e-22,0.00034097,1.6416e-18,6.3496e-19,5.8621e-18,1.6375e-06,1.1973e-18,1,1.5325e-09,2.2351e-05,1.2377e-13
0.00018436,5.0574e-06,0.00011931,5.0667e-15,1.2233e-06,0.0038977,5.8637e-08,2.4095e-10,1.2201e-08,1.0311e-10,0.0019951,0.0074662,0.00066196,1.0135e-05,1.1074e-12,2.2769e-09,3.3446e-10,0.0021658,2.4902e-12,0.0054863,3.3265e-12,0.0066245,8.3438e-10,7.4544e-09,2.6007e-10,2.2875e-08,7.0596e-10,3.4731e-10,1.7302e-05,4.7546e-10,4.5567e-07,3.6678e-10,0.00015378,0.0051491,8.9603e-14,2.9369e-06,3.7353e-10,1.308e-10,1.2039e-09,0.00031721,2.6891e-10,1.5325e-09,1,4.1828e-14,1.3667e-05
5.8745e-11,8.2994e-19,1.1521e-10,0.042784,1.743e-19,8.8718e-13,7.208e-21,2.4172e-23,1.3815e-21,1.0239e-23,2.4467e-12,9.1579e-14,2.5791e-16,1.7014e-09,0.017713,1.2021e-05,7.8848e-05,2.1414e-12,0.0091607,3.2676e-13,3.0614e-25,1.0724e-13,3.4588e-05,3.9855e-06,2.8532e-23,1.301e-06,4.6694e-05,3.5451e-23,9.9877e-10,5.7441e-23,4.8658e-08,3.7992e-23,4.4487e-17,6.0947e-13,8.3484e-27,8.0829e-09,3.7925e-23,1.5361e-23,1.3768e-22,3.8616e-11,2.7818e-23,2.2351e-05,4.1828e-14,1,2.9225e-18
3.6546e-08,0.037742,1.982e-08,3.3904e-19,0.017199,2.4037e-06,0.001252,5.7312e-06,0.00027432,2.4738e-06,8.8093e-07,2.1773e-05,0.0046767,1.3232e-09,7.9057e-17,1.8534e-13,2.6122e-14,9.6207e-07,1.7908e-16,6.278e-06,7.88e-08,1.6482e-05,6.5868e-14,6.7029e-13,6.3036e-06,2.032e-12,5.5568e-14,8.7097e-06,2.4875e-09,1.1341e-05,4.3683e-11,8.6403e-06,0.022306,4.0408e-06,2.1925e-09,3.3011e-10,9.1653e-06,3.1425e-06,2.5847e-05,6.6478e-08,6.6987e-06,1.2377e-13,1.3667e-05,2.9225e-18,1
