1,0.0010489,6.8147e-06,3.2762e-07,2.5709e-07,3.0829e-05,0.00019605,0.0018,1.1524e-06,2.7509e-05,0.006815,2.1591e-05,9.506e-06,7.8581e-06,2.5037e-07,0.0022791,1.7048e-05,7.8588e-06,5.4948e-05,3.5468e-05,3.0966e-06,6.1074e-05,0.0012961,1.3436e-05,0.00010247,5.9959e-06,8.4144e-07,3.7562e-05,0.00026365,0.00057968,1.2454e-05,1.9359e-05,0.00025232,4.9429e-07,2.5521e-07,5.1866e-05,7.1364e-06,6.8694e-07
0.0010489,1,6.0573e-05,3.7394e-06,4.3359e-06,6.6e-05,0.0003836,0.00022481,5.9521e-06,1.3543e-05,0.00049624,8.3247e-05,4.8528e-05,0.0001301,4.3547e-08,0.021672,0.00015832,0.00010742,3.386e-05,0.0001088,6.9831e-06,0.00027012,0.00042335,1.9559e-05,0.00015242,9.6318e-06,9.6693e-06,5.1321e-05,1.3123e-05,0.0001654,1.7879e-05,1.1589e-05,0.00018311,1.8002e-06,5.7792e-06,1.7248e-05,0.00011443,2.1159e-06
6.8147e-06,6.0573e-05,1,1.5754e-05,2.1249e-05,0.0025855,8.6898e-05,2.2984e-07,5.9637e-05,0.00015009,3.1109e-06,9.8493e-05,0.0006174,0.00016211,5.6978e-07,0.00015767,6.1223e-05,0.00012803,1.8978e-05,8.4965e-06,0.0002217,0.00073936,1.8317e-05,1.4126e-05,1.2176e-05,7.4768e-06,1.1239e-05,2.7409e-05,3.9096e-07,9.7597e-05,2.9407e-06,1.176e-06,1.8399e-05,6.1333e-06,6.4091e-07,1.6789e-06,2.7646e-06,1.163e-06
3.2762e-07,3.7394e-06,1.5754e-05,1,0.02119,9.5884e-06,0.00034012,1.1004e-08,0.0070591,1.5968e-06,5.5197e-08,0.00057139,0.0001613,0.0017395,8.432e-10,2.0728e-05,0.001971,0.0077268,9.2899e-05,7.7623e-05,0.00016146,2.4674e-05,1.8077e-06,0.0010166,4.957e-06,0.00046877,0.0038739,9.8453e-05,1.167e-07,3.3364e-05,3.7343e-05,4.9784e-06,2.2566e-07,0.0035038,8.6162e-07,1.1084e-05,8.7736e-06,0.00057446
2.5709e-07,4.3359e-06,2.1249e-05,0.02119,1,6.5089e-06,0.00033098,1.3904e-08,0.00066944,4.9241e-07,5.4312e-08,0.0010685,0.00012914,0.00053108,3.6655e-10,2.7734e-05,0.0017568,0.007967,8.3659e-05,4.2747e-05,3.46e-05,2.808e-05,1.7839e-06,0.00026855,5.588e-06,0.0003273,0.0052142,1.8483e-05,1.0313e-07,2.0187e-05,8.0318e-05,1.7026e-06,1.5696e-07,0.00030701,1.6539e-06,2.1356e-06,1.1073e-05,0.00042461
3.0829e-05,6.6e-05,0.0025855,9.5884e-06,6.5089e-06,1,8.7703e-05,9.7374e-07,0.0001264,0.0037122,1.1803e-05,0.00011755,0.0025325,6.2707e-05,9.3453e-06,0.00020412,0.00010177,8.7769e-05,3.4417e-05,4.2613e-05,0.00075821,0.00020925,5.7829e-05,5.8815e-05,1.3776e-05,1.3162e-05,1.0418e-05,0.00019589,3.6297e-06,0.00072697,1.109e-05,2.2636e-05,7.5048e-05,7.0832e-06,8.9987e-07,1.1835e-05,4.8925e-06,3.8177e-06
0.00019605,0.0003836,8.6898e-05,0.00034012,0.00033098,8.7703e-05,1,4.9733e-06,0.00034615,2.8025e-05,1.8773e-05,0.0044438,0.0002667,0.001076,1.5962e-08,0.0030796,0.0047095,0.0039147,0.0022542,0.00079205,0.00017861,0.00048235,0.00027279,0.0023305,0.00012905,0.0014868,0.00035487,0.00053878,1.7737e-05,0.0056555,0.00036023,6.2025e-05,2.7298e-05,0.00023169,3.2745e-06,0.00017906,3.1013e-05,0.0001975
0.0018,0.00022481,2.2984e-07,1.1004e-08,1.3904e-08,9.7374e-07,4.9733e-06,1,2.732e-08,6.7774e-07,0.010647,8.4757e-07,2.7074e-07,2.2794e-07,1.872e-08,0.00011956,1.0713e-06,3.7724e-07,1.3759e-06,3.3433e-06,5.8805e-08,1.5072e-06,0.0001035,3.2808e-07,5.5007e-06,2.1785e-07,5.3173e-08,9.033e-07,1.951e-05,1.2268e-05,1.3231e-06,1.7505e-06,6.6765e-05,1.2281e-08,2.2956e-07,1.2446e-06,1.5344e-06,6.0139e-08
1.1524e-06,5.9521e-06,5.9637e-05,0.0070591,0.00066944,0.0001264,0.00034615,2.732e-08,1,6.591e-05,1.7606e-07,0.00037702,0.00090349,0.001934,2.7108e-08,2.8581e-05,0.0018399,0.0032535,9.8259e-05,0.00019704,0.00325,3.8279e-05,4.8169e-06,0.0042822,4.3939e-06,0.00030293,0.0010254,0.0024723,2.9119e-07,0.00015701,2.5771e-05,6.0741e-05,2.4529e-06,0.0052006,7.332e-07,5.4301e-05,5.4268e-06,0.0002251
2.7509e-05,1.3543e-05,0.00015009,1.5968e-06,4.9241e-07,0.0037122,2.8025e-05,6.7774e-07,6.591e-05,1,8.083e-06,1.0771e-05,0.00031896,2.0493e-05,5.8869e-05,3.1933e-05,2.0727e-05,1.1547e-05,1.2547e-05,1.2857e-05,0.00074331,3.4312e-05,1.8245e-05,4.6512e-05,3.1479e-06,4.9081e-06,2.0285e-06,0.00045476,2.479e-06,0.00021025,1.687e-06,7.0272e-05,0.0001339,4.8905e-06,1.0409e-07,2.4796e-05,5.9285e-07,9.1082e-07
0.006815,0.00049624,3.1109e-06,5.5197e-08,5.4312e-08,1.1803e-05,1.8773e-05,0.010647,1.7606e-07,8.083e-06,1,4.1542e-06,2.1471e-06,1.5547e-06,1.4507e-07,0.00057085,3.6537e-06,1.9121e-06,3.8448e-06,9.8729e-06,5.1105e-07,1.2264e-05,0.00052612,1.1052e-06,1.3682e-05,5.4525e-07,1.6725e-07,4.4068e-06,2.2248e-05,6.6899e-05,1.929e-06,3.639e-06,0.00035503,5.8591e-08,1.7909e-07,3.166e-06,1.7527e-06,1.1269e-07
2.1591e-05,8.3247e-05,9.8493e-05,0.00057139,0.0010685,0.00011755,0.0044438,8.4757e-07,0.00037702,1.0771e-05,4.1542e-06,1,0.00083075,0.0003983,9.635e-09,0.00089617,0.0025956,0.0062517,0.00053483,0.00084363,8.2077e-05,0.00016596,0.00019873,0.00073214,4.0908e-05,0.00040769,0.00039038,0.0001567,5.556e-06,0.0017687,0.00038784,2.0694e-05,5.9197e-06,6.0112e-05,2.4244e-06,1.4812e-05,2.6753e-05,0.00031673
9.506e-06,4.8528e-05,0.0006174,0.0001613,0.00012914,0.0025325,0.0002667,2.7074e-07,0.00090349,0.00031896,2.1471e-06,0.00083075,1,0.00049187,2.8115e-07,0.00027059,0.00060335,0.0011488,0.00012427,0.00012466,0.00045635,0.00010806,4.0509e-05,0.00027326,3.1121e-05,4.747e-05,0.00015952,0.00027932,2.4505e-06,0.00035616,3.8003e-05,5.2595e-05,1.7419e-05,2.3946e-05,1.418e-06,1.3019e-05,2.0603e-05,5.0608e-05
7.8581e-06,0.0001301,0.00016211,0.0017395,0.00053108,6.2707e-05,0.001076,2.2794e-07,0.001934,2.0493e-05,1.5547e-06,0.0003983,0.00049187,1,1.2604e-08,0.00040972,0.00080957,0.0060288,9.7225e-05,0.00011301,0.00030857,0.00045261,2.1524e-05,0.00038189,1.5022e-05,0.00013302,0.00022428,0.00041861,6.5633e-07,0.00010743,9.1221e-06,1.2802e-05,8.9841e-06,0.00070253,6.0348e-07,4.8003e-05,8.2484e-06,3.0227e-05
2.5037e-07,4.3547e-08,5.6978e-07,8.432e-10,3.6655e-10,9.3453e-06,1.5962e-08,1.872e-08,2.7108e-08,5.8869e-05,1.4507e-07,9.635e-09,2.8115e-07,1.2604e-08,1,4.9251e-08,8.1827e-09,4.419e-09,1.9299e-08,1.1791e-08,5.7228e-07,1.3037e-07,9.7764e-08,1.8735e-08,2.8654e-08,4.8111e-09,1.2171e-09,1.7064e-07,1.0511e-07,2.3993e-07,4.0883e-09,6.3519e-08,1.9346e-06,2.4191e-09,1.507e-09,6.2292e-08,4.1234e-09,6.5545e-10
0.0022791,0.021672,0.00015767,2.0728e-05,2.7734e-05,0.00020412,0.0030796,0.00011956,2.8581e-05,3.1933e-05,0.00057085,0.00089617,0.00027059,0.00040972,4.9251e-08,1,0.00086064,0.00073759,0.00026289,0.00040395,2.3327e-05,0.00085387,0.0012346,0.00014941,0.00041601,7.4226e-05,5.2746e-05,0.0001713,4.0196e-05,0.0011135,0.00015028,4.395e-05,0.00011788,8.2361e-06,3.5361e-06,5.0196e-05,0.00010742,1.2703e-05
1.7048e-05,0.00015832,6.1223e-05,0.001971,0.0017568,0.00010177,0.0047095,1.0713e-06,0.0018399,2.0727e-05,3.6537e-06,0.0025956,0.00060335,0.00080957,8.1827e-09,0.00086064,1,0.022119,0.00057723,0.0018433,0.00022022,9.2866e-05,3.976e-05,0.0077737,8.8195e-05,0.0012696,0.012913,0.001178,2.5964e-06,0.00057563,0.0016571,0.00020005,6.9989e-06,0.00035922,1.3243e-05,6.2155e-05,0.00017084,0.0011355
7.8588e-06,0.00010742,0.00012803,0.0077268,0.007967,8.7769e-05,0.0039147,3.7724e-07,0.0032535,1.1547e-05,1.9121e-06,0.0062517,0.0011488,0.0060288,4.419e-09,0.00073759,0.022119,1,0.00024098,0.0012036,0.00019718,0.00014369,3.6878e-05,0.0023994,2.2332e-05,0.00049455,0.0042804,0.00063056,1.2024e-06,0.00034706,0.00025233,5.0462e-05,5.4073e-06,0.00058786,4.1848e-06,2.7576e-05,3.2206e-05,0.00055652
5.4948e-05,3.386e-05,1.8978e-05,9.2899e-05,8.3659e-05,3.4417e-05,0.0022542,1.3759e-06,9.8259e-05,1.2547e-05,3.8448e-06,0.00053483,0.00012427,9.7225e-05,1.9299e-08,0.00026289,0.00057723,0.00024098,1,2.099e-05,0.00020114,0.00011577,3.574e-05,0.0010843,0.00042964,0.0073957,0.00012353,9.6879e-05,1.8759e-05,0.00097123,0.00025831,1.9008e-05,3.0184e-06,9.6672e-05,2.7662e-07,0.00026982,2.3843e-05,0.00019428
3.5468e-05,0.0001088,8.4965e-06,7.7623e-05,4.2747e-05,4.2613e-05,0.00079205,3.3433e-06,0.00019704,1.2857e-05,9.8729e-06,0.00084363,0.00012466,0.00011301,1.1791e-08,0.00040395,0.0018433,0.0012036,2.099e-05,1,1.238e-05,1.7116e-05,0.00018823,0.00057622,9.1269e-06,2.7079e-05,0.00022232,0.00080108,4.6199e-06,0.0006129,0.00030575,0.00042735,2.139e-05,1.9157e-05,2.2227e-05,1.4987e-05,4.5009e-05,0.00011714
3.0966e-06,6.9831e-06,0.0002217,0.00016146,3.46e-05,0.00075821,0.00017861,5.8805e-08,0.00325,0.00074331,5.1105e-07,8.2077e-05,0.00045635,0.00030857,5.7228e-07,2.3327e-05,0.00022022,0.00019718,0.00020114,1.238e-05,1,7.8206e-05,4.9563e-06,0.0006998,6.6725e-06,0.00027098,4.0936e-05,0.00078272,9.4231e-07,0.00026185,7.1964e-06,1.884e-05,7.0237e-06,0.00081075,1.6902e-07,0.00017566,1.3021e-06,1.8477e-05
6.1074e-05,0.00027012,0.00073936,2.4674e-05,2.808e-05,0.00020925,0.00048235,1.5072e-06,3.8279e-05,3.4312e-05,1.2264e-05,0.00016596,0.00010806,0.00045261,1.3037e-07,0.00085387,9.2866e-05,0.00014369,0.00011577,1.7116e-05,7.8206e-05,1,0.00013885,4.0791e-05,7.9555e-05,6.6398e-05,2.232e-05,2.2216e-05,6.2539e-06,0.00020422,1.0233e-05,1.5687e-06,2.0084e-05,2.1766e-05,9.6419e-07,1.5853e-05,1.2013e-05,2.1439e-06
0.0012961,0.00042335,1.8317e-05,1.8077e-06,1.7839e-06,5.7829e-05,0.00027279,0.0001035,4.8169e-06,1.8245e-05,0.00052612,0.00019873,4.0509e-05,2.1524e-05,9.7764e-08,0.0012346,3.976e-05,3.6878e-05,3.574e-05,0.00018823,4.9563e-06,0.00013885,1,1.2138e-05,3.1662e-05,6.7204e-06,2.5919e-06,2.966e-05,1.8629e-05,0.00148,1.4894e-05,6.9374e-06,0.00065579,7.9279e-07,9.691e-07,9.3126e-06,1.1114e-05,1.9923e-06
1.3436e-05,1.9559e-05,1.4126e-05,0.0010166,0.00026855,5.8815e-05,0.0023305,3.2808e-07,0.0042822,4.6512e-05,1.1052e-06,0.00073214,0.00027326,0.00038189,1.8735e-08,0.00014941,0.0077737,0.0023994,0.0010843,0.00057622,0.0006998,4.0791e-05,1.2138e-05,1,2.9234e-05,0.0052278,0.0019189,0.0057052,7.0713e-06,0.00055434,0.00093749,0.0010064,2.4745e-06,0.001962,1.0976e-06,0.00062976,1.3623e-05,0.0010655
0.00010247,0.00015242,1.2176e-05,4.957e-06,5.588e-06,1.3776e-05,0.00012905,5.5007e-06,4.3939e-06,3.1479e-06,1.3682e-05,4.0908e-05,3.1121e-05,1.5022e-05,2.8654e-08,0.00041601,8.8195e-05,2.2332e-05,0.00042964,9.1269e-06,6.6725e-06,7.9555e-05,3.1662e-05,2.9234e-05,1,4.12e-05,2.277e-05,8.5845e-06,2.0781e-05,5.7726e-05,0.00010575,3.5016e-06,3.6957e-06,1.8162e-06,9.8595e-07,2.8188e-05,0.00047039,2.6373e-06
5.9959e-06,9.6318e-06,7.4768e-06,0.00046877,0.0003273,1.3162e-05,0.0014868,2.1785e-07,0.00030293,4.9081e-06,5.4525e-07,0.00040769,4.747e-05,0.00013302,4.8111e-09,7.4226e-05,0.0012696,0.00049455,0.0073957,2.7079e-05,0.00027098,6.6398e-05,6.7204e-06,0.0052278,4.12e-05,1,0.00054843,0.00013099,4.9321e-06,0.00026606,0.00045244,2.6437e-05,6.2199e-07,0.00084587,4.3087e-07,0.00029024,8.0784e-06,0.00086098
8.4144e-07,9.6693e-06,1.1239e-05,0.0038739,0.0052142,1.0418e-05,0.00035487,5.3173e-08,0.0010254,2.0285e-06,1.6725e-07,0.00039038,0.00015952,0.00022428,1.2171e-09,5.2746e-05,0.012913,0.0042804,0.00012353,0.00022232,4.0936e-05,2.232e-05,2.5919e-06,0.0019189,2.277e-05,0.00054843,1,0.00012132,2.6332e-07,2.8012e-05,0.00062629,2.9602e-05,3.6545e-07,0.00022013,6.2004e-06,6.374e-06,0.00010415,0.00086854
3.7562e-05,5.1321e-05,2.7409e-05,9.8453e-05,1.8483e-05,0.00019589,0.00053878,9.033e-07,0.0024723,0.00045476,4.4068e-06,0.0001567,0.00027932,0.00041861,1.7064e-07,0.0001713,0.001178,0.00063056,9.6879e-05,0.00080108,0.00078272,2.2216e-05,2.966e-05,0.0057052,8.5845e-06,0.00013099,0.00012132,1,2.8846e-06,0.00067296,4.9379e-05,0.0020622,3.4509e-05,0.00023635,6.7768e-07,0.00040103,6.4953e-06,5.4081e-05
0.00026365,1.3123e-05,3.9096e-07,1.167e-07,1.0313e-07,3.6297e-06,1.7737e-05,1.951e-05,2.9119e-07,2.479e-06,2.2248e-05,5.556e-06,2.4505e-06,6.5633e-07,1.0511e-07,4.0196e-05,2.5964e-06,1.2024e-06,1.8759e-05,4.6199e-06,9.4231e-07,6.2539e-06,1.8629e-05,7.0713e-06,2.0781e-05,4.9321e-06,2.6332e-07,2.8846e-06,1,3.9566e-05,2.7655e-05,1.0597e-05,3.0991e-06,2.0686e-07,1.7022e-07,5.3877e-05,1.5706e-06,5.865e-07
0.00057968,0.0001654,9.7597e-05,3.3364e-05,2.0187e-05,0.00072697,0.0056555,1.2268e-05,0.00015701,0.00021025,6.6899e-05,0.0017687,0.00035616,0.00010743,2.3993e-07,0.0011135,0.00057563,0.00034706,0.00097123,0.0006129,0.00026185,0.00020422,0.00148,0.00055434,5.7726e-05,0.00026606,2.8012e-05,0.00067296,3.9566e-05,1,0.00011991,8.422e-05,0.00012379,3.6827e-05,1.7863e-06,0.0001512,1.2731e-05,6.0907e-05
1.2454e-05,1.7879e-05,2.9407e-06,3.7343e-05,8.0318e-05,1.109e-05,0.00036023,1.3231e-06,2.5771e-05,1.687e-06,1.929e-06,0.00038784,3.8003e-05,9.1221e-06,4.0883e-09,0.00015028,0.0016571,0.00025233,0.00025831,0.00030575,7.1964e-06,1.0233e-05,1.4894e-05,0.00093749,0.00010575,0.00045244,0.00062629,4.9379e-05,2.7655e-05,0.00011991,1,0.00011032,7.8031e-07,9.3434e-06,8.431e-06,2.1643e-05,8.795e-05,0.0002309
1.9359e-05,1.1589e-05,1.176e-06,4.9784e-06,1.7026e-06,2.2636e-05,6.2025e-05,1.7505e-06,6.0741e-05,7.0272e-05,3.639e-06,2.0694e-05,5.2595e-05,1.2802e-05,6.3519e-08,4.395e-05,0.00020005,5.0462e-05,1.9008e-05,0.00042735,1.884e-05,1.5687e-06,6.9374e-06,0.0010064,3.5016e-06,2.6437e-05,2.9602e-05,0.0020622,1.0597e-05,8.422e-05,0.00011032,1,7.6776e-06,8.3711e-06,5.3383e-07,9.6519e-05,3.1046e-06,4.1294e-05
0.00025232,0.00018311,1.8399e-05,2.2566e-07,1.5696e-07,7.5048e-05,2.7298e-05,6.6765e-05,2.4529e-06,0.0001339,0.00035503,5.9197e-06,1.7419e-05,8.9841e-06,1.9346e-06,0.00011788,6.9989e-06,5.4073e-06,3.0184e-06,2.139e-05,7.0237e-06,2.0084e-05,0.00065579,2.4745e-06,3.6957e-06,6.2199e-07,3.6545e-07,3.4509e-05,3.0991e-06,0.00012379,7.8031e-07,7.6776e-06,1,2.7433e-07,5.8611e-07,5.1419e-06,1.4792e-06,1.8117e-07
4.9429e-07,1.8002e-06,6.1333e-06,0.0035038,0.00030701,7.0832e-06,0.00023169,1.2281e-08,0.0052006,4.8905e-06,5.8591e-08,6.0112e-05,2.3946e-05,0.00070253,2.4191e-09,8.2361e-06,0.00035922,0.00058786,9.6672e-05,1.9157e-05,0.00081075,2.1766e-05,7.9279e-07,0.001962,1.8162e-06,0.00084587,0.00022013,0.00023635,2.0686e-07,3.6827e-05,9.3434e-06,8.3711e-06,2.7433e-07,1,1.27e-07,0.00012113,8.6178e-07,8.1169e-05
2.5521e-07,5.7792e-06,6.4091e-07,8.6162e-07,1.6539e-06,8.9987e-07,3.2745e-06,2.2956e-07,7.332e-07,1.0409e-07,1.7909e-07,2.4244e-06,1.418e-06,6.0348e-07,1.507e-09,3.5361e-06,1.3243e-05,4.1848e-06,2.7662e-07,2.2227e-05,1.6902e-07,9.6419e-07,9.691e-07,1.0976e-06,9.8595e-07,4.3087e-07,6.2004e-06,6.7768e-07,1.7022e-07,1.7863e-06,8.431e-06,5.3383e-07,5.8611e-07,1.27e-07,1,1.3255e-07,6.5321e-05,1.6459e-06
5.1866e-05,1.7248e-05,1.6789e-06,1.1084e-05,2.1356e-06,1.1835e-05,0.00017906,1.2446e-06,5.4301e-05,2.4796e-05,3.166e-06,1.4812e-05,1.3019e-05,4.8003e-05,6.2292e-08,5.0196e-05,6.2155e-05,2.7576e-05,0.00026982,1.4987e-05,0.00017566,1.5853e-05,9.3126e-06,0.00062976,2.8188e-05,0.00029024,6.374e-06,0.00040103,5.3877e-05,0.0001512,2.1643e-05,9.6519e-05,5.1419e-06,0.00012113,1.3255e-07,1,2.6409e-06,9.516e-06
7.1364e-06,0.00011443,2.7646e-06,8.7736e-06,1.1073e-05,4.8925e-06,3.1013e-05,1.5344e-06,5.4268e-06,5.9285e-07,1.7527e-06,2.6753e-05,2.0603e-05,8.2484e-06,4.1234e-09,0.00010742,0.00017084,3.2206e-05,2.3843e-05,4.5009e-05,1.3021e-06,1.2013e-05,1.1114e-05,1.3623e-05,0.00047039,8.0784e-06,0.00010415,6.4953e-06,1.5706e-06,1.2731e-05,8.795e-05,3.1046e-06,1.4792e-06,8.6178e-07,6.5321e-05,2.6409e-06,1,8.8026e-06
6.8694e-07,2.1159e-06,1.163e-06,0.00057446,0.00042461,3.8177e-06,0.0001975,6.0139e-08,0.0002251,9.1082e-07,1.1269e-07,0.00031673,5.0608e-05,3.0227e-05,6.5545e-10,1.2703e-05,0.0011355,0.00055652,0.00019428,0.00011714,1.8477e-05,2.1439e-06,1.9923e-06,0.0010655,2.6373e-06,0.00086098,0.00086854,5.4081e-05,5.865e-07,6.0907e-05,0.0002309,4.1294e-05,1.8117e-07,8.1169e-05,1.6459e-06,9.516e-06,8.8026e-06,1
