1,2.4905e-06,3.5743e-05,2.199e-09,3.4335e-15,1.5658e-29,2.0991e-19,1.1406e-23,0.523,0.00028839,0.083431,2.5601e-19,0.41694,0.02091,1.8494e-16,0.39841,5.4826e-13,1.7162e-14,0.088502,0.32592,6.2754e-06,1.486e-05,0.4611,0.3013,0.00011076,1.7515e-18,0.00087642,3.6193e-20,4.2982e-17,1.4204e-14,7.4356e-11,0.00014762,4.5662e-24,1.7067e-09,3.5999e-20,0.0032061,7.2846e-15,4.4046e-09,0.27541,6.5419e-25,7.9688e-19,3.1873e-15,8.1044e-12,2.6057e-07,0.031696,1.3051e-11,4.9113e-07,3.8661e-11,1.684e-20,8.3558e-23,0.044957
2.4905e-06,1,0.031605,7.164e-15,1.0004e-20,4.4296e-35,6.0776e-25,3.2918e-29,3.2709e-06,8.1892e-10,2.9628e-07,7.1685e-25,3.0348e-06,6.0559e-08,5.2456e-22,2.6556e-06,1.7131e-18,4.8128e-20,5.6438e-07,1.9716e-06,1.7986e-11,4.0117e-11,3.2846e-06,1.5154e-06,3.6077e-10,5.2232e-24,3.6254e-09,9.9856e-26,1.2786e-22,3.936e-20,2.306e-16,5.17e-10,1.2757e-29,5.8788e-15,1e-25,9.0243e-09,2.0455e-20,1.3116e-14,2.8366e-06,1.8948e-30,2.3196e-24,9.705e-21,2.5693e-17,7.9312e-13,9.2512e-06,4.1204e-17,1.4712e-12,1.1051e-16,4.7772e-26,2.4122e-28,1.4558e-06
3.5743e-05,0.031605,1,1.2435e-13,1.6858e-19,7.4679e-34,1.0307e-23,5.5783e-28,4.6149e-05,1.2812e-08,4.6558e-06,1.1938e-23,4.2906e-05,9.1358e-07,8.7317e-21,3.9933e-05,2.963e-17,7.9382e-19,8.8402e-06,2.8754e-05,2.8572e-10,6.3603e-10,4.5981e-05,2.3557e-05,5.8569e-09,8.9488e-23,6.3306e-08,1.652e-24,2.1861e-21,6.4667e-19,3.8103e-15,8.9838e-09,2.1411e-28,9.8886e-14,1.6739e-24,1.4222e-07,3.4072e-19,2.1254e-13,4.3641e-05,3.1916e-29,3.9241e-23,1.5787e-19,4.3768e-16,1.3217e-11,0.00014195,6.975e-16,2.3983e-11,1.8381e-15,7.9941e-25,4.0871e-27,2.3353e-05
2.199e-09,7.164e-15,1.2435e-13,1,1.1814e-06,5.606e-21,7.5721e-11,4.1932e-15,1.6669e-09,6.6224e-06,1.9948e-08,8.451e-11,1.8054e-09,8.9679e-08,6.0516e-08,2.2591e-09,0.00020893,5.05e-06,1.0595e-08,2.884e-09,0.00027267,0.00011592,1.6187e-09,4.1829e-09,1.4473e-05,6.3915e-10,1.8975e-06,1.1341e-11,1.6251e-08,3.8602e-06,0.007708,1.0934e-05,1.5631e-15,0.028539,1.1778e-11,5.8512e-07,2.2067e-06,0.078479,1.9335e-09,2.3786e-16,2.9058e-10,7.2722e-07,0.0020736,0.0065827,4.7583e-10,0.002605,0.0027979,0.0091279,5.8452e-12,3.0551e-14,3.5331e-09
3.4335e-15,1.0004e-20,1.6858e-19,1.1814e-06,1,4.2076e-15,5.1289e-05,3.1443e-09,2.609e-15,1.1117e-11,3.0132e-14,6.1786e-05,2.809e-15,1.4458e-13,0.034584,3.387e-15,0.0038533,0.10221,1.5478e-14,4.4112e-15,5.0783e-10,2.2189e-10,2.553e-15,6.1237e-15,2.3538e-11,0.00034969,2.5176e-12,8.3512e-06,0.0090669,0.087423,2.3706e-05,1.6132e-11,1.1797e-09,8.5205e-07,8.6346e-06,9.5746e-13,0.14092,6.491e-07,2.9158e-15,1.7304e-10,0.00019767,0.014624,0.00022364,1.1568e-08,6.9321e-16,0.00012425,5.8673e-09,7.9615e-05,4.3257e-06,2.2085e-08,4.9939e-15
1.5658e-29,4.4296e-35,7.4679e-34,5.606e-21,4.2076e-15,1,6.7674e-11,1.2343e-06,1.1906e-29,5.1028e-26,1.3599e-28,6.0416e-11,1.2802e-29,6.6251e-28,8.1981e-14,1.5242e-29,2.3175e-17,8.9753e-16,6.9813e-29,2.0034e-29,2.3422e-24,1.0364e-24,1.1688e-29,2.7393e-29,1.0888e-25,7.0161e-12,1.1193e-26,4.2153e-10,3.2305e-13,1.0696e-15,1.5072e-19,7.4173e-26,3.3763e-06,5.3308e-21,4.2704e-10,4.4173e-27,2.0786e-15,3.154e-21,1.3238e-29,1.9743e-05,1.7986e-11,2.9927e-15,1.4176e-18,5.3224e-23,3.201e-30,8.5398e-19,2.7689e-23,3.9085e-19,9.1416e-10,1.6893e-07,2.2842e-29
2.0991e-19,6.0776e-25,1.0307e-23,7.5721e-11,5.1289e-05,6.7674e-11,1,4.5593e-05,1.5941e-19,6.818e-16,1.8393e-18,0.16267,1.7156e-19,8.8543e-18,0.00093372,2.0625e-19,2.9679e-07,1.0902e-05,9.476e-19,2.6935e-19,3.1153e-14,1.3702e-14,1.5633e-19,3.7256e-19,1.455e-15,0.032495,1.5447e-16,0.058592,0.0034522,1.2415e-05,1.7628e-09,1.0052e-15,1.7932e-05,6.4122e-11,0.071875,5.9046e-17,2.4766e-05,4.1136e-11,1.7922e-19,2.5895e-06,0.10458,2.114e-05,1.7353e-08,7.1703e-13,4.2929e-20,1.0031e-08,3.6657e-13,5.1175e-09,0.048852,0.00031703,3.0963e-19
1.1406e-23,3.2918e-29,5.5783e-28,4.1932e-15,3.1443e-09,1.2343e-06,4.5593e-05,1,8.6655e-24,3.7225e-20,9.9996e-23,3.9883e-05,9.3439e-24,4.8271e-22,5.7858e-08,1.1196e-23,1.7215e-11,6.3709e-10,5.1557e-23,1.4647e-23,1.7125e-18,7.4935e-19,8.4972e-24,2.0211e-23,7.9976e-20,4.5912e-06,8.4065e-21,0.00024804,2.3303e-07,7.4186e-10,1.0649e-13,5.4822e-20,0.14223,3.7682e-15,0.00026324,3.207e-21,1.4606e-09,2.301e-15,9.6883e-24,0.032862,1.2598e-05,1.849e-09,1.0289e-12,3.9316e-17,2.3575e-24,6.0288e-13,2.0249e-17,2.8389e-13,0.00060223,0.073758,1.6977e-23
0.523,3.2709e-06,4.6149e-05,1.6669e-09,2.609e-15,1.1906e-29,1.5941e-19,8.6655e-24,1,0.00022071,0.065099,1.9484e-19,0.44033,0.016205,1.4069e-16,0.38771,4.1595e-13,1.3067e-14,0.074568,0.30192,4.799e-06,1.1322e-05,0.51774,0.25616,8.4442e-05,1.3295e-18,0.00066684,2.7551e-20,3.2664e-17,1.0812e-14,5.6742e-11,0.00011171,3.4717e-24,1.3048e-09,2.7376e-20,0.0024419,5.5331e-15,3.3554e-09,0.2648,4.9753e-25,6.0588e-19,2.4376e-15,6.1484e-12,1.9781e-07,0.035476,9.9317e-12,3.7489e-07,2.9433e-11,1.2811e-20,6.3511e-23,0.041832
0.00028839,8.1892e-10,1.2812e-08,6.6224e-06,1.1117e-11,5.1028e-26,6.818e-16,3.7225e-20,0.00022071,1,0.0023211,8.3132e-16,0.00023517,0.011358,6.0266e-13,0.0002799,1.7445e-09,5.5843e-11,0.0010847,0.00035783,0.018566,0.042352,0.00021394,0.00049663,0.11712,5.6169e-15,0.067471,1.1683e-16,1.3961e-13,4.5657e-11,2.2073e-07,0.091429,1.4805e-20,4.4254e-06,1.1634e-16,0.06015,2.338e-11,1.3724e-05,0.00022806,2.1393e-21,2.5957e-15,9.7411e-12,2.4657e-08,0.00078017,4.252e-05,3.8764e-08,0.0014145,1.2434e-07,5.49e-17,2.7266e-19,0.0002773
0.083431,2.9628e-07,4.6558e-06,1.9948e-08,3.0132e-14,1.3599e-28,1.8393e-18,9.9996e-23,0.065099,0.0023211,1,2.2103e-18,0.067169,0.12445,1.6037e-15,0.085833,4.9322e-12,1.478e-13,0.15401,0.097426,5.2657e-05,0.00012145,0.061133,0.14403,0.00090185,1.5428e-17,0.007743,3.097e-19,3.8032e-16,1.2132e-13,6.3927e-10,0.0012683,3.946e-23,1.4765e-08,3.1015e-19,0.023903,6.2809e-14,3.7837e-08,0.067017,5.716e-24,7.0004e-18,2.7157e-14,7.1818e-11,2.2755e-06,0.0089627,1.1435e-10,4.1903e-06,3.3516e-10,1.4628e-19,7.3138e-22,0.036791
2.5601e-19,7.1685e-25,1.1938e-23,8.451e-11,6.1786e-05,6.0416e-11,0.16267,3.9883e-05,1.9484e-19,8.3132e-16,2.2103e-18,1,2.0904e-19,1.0809e-17,0.0012541,2.4858e-19,3.2294e-07,1.4437e-05,1.1238e-18,3.2623e-19,3.8013e-14,1.6927e-14,1.9106e-19,4.459e-19,1.7367e-15,0.03048,1.7653e-16,0.11849,0.0037939,1.6967e-05,2.142e-09,1.1683e-15,1.7465e-05,7.3273e-11,0.11966,7.1783e-17,3.2468e-05,4.9881e-11,2.149e-19,2.2794e-06,0.12407,2.7904e-05,1.953e-08,8.4736e-13,5.0284e-20,1.1709e-08,4.4151e-13,6.2742e-09,0.058686,0.00028117,3.5796e-19
0.41694,3.0348e-06,4.2906e-05,1.8054e-09,2.809e-15,1.2802e-29,1.7156e-19,9.3439e-24,0.44033,0.00023517,0.067169,2.0904e-19,1,0.016706,1.5122e-16,0.34462,4.4972e-13,1.4039e-14,0.076168,0.28261,5.1304e-06,1.1989e-05,0.39456,0.24695,8.9805e-05,1.432e-18,0.00072268,2.9525e-20,3.5213e-17,1.1578e-14,6.1241e-11,0.00011864,3.7264e-24,1.4042e-09,2.9353e-20,0.002527,5.9266e-15,3.618e-09,0.23311,5.3686e-25,6.523e-19,2.6222e-15,6.6322e-12,2.1324e-07,0.033725,1.0695e-11,4.0163e-07,3.1567e-11,1.3768e-20,6.8384e-23,0.043667
0.02091,6.0559e-08,9.1358e-07,8.9679e-08,1.4458e-13,6.6251e-28,8.8543e-18,4.8271e-22,0.016205,0.011358,0.12445,1.0809e-17,0.016706,1,7.8099e-15,0.019644,2.2834e-11,7.2501e-13,0.051913,0.024157,0.00025752,0.00060394,0.01553,0.033382,0.0039584,7.3509e-17,0.023456,1.5245e-18,1.8121e-15,5.9716e-13,3.0308e-09,0.0047882,1.9269e-22,6.6121e-08,1.516e-18,0.098741,3.0553e-13,1.8251e-07,0.015143,2.7738e-23,3.368e-17,1.3134e-13,3.3283e-10,1.0643e-05,0.0022176,5.318e-10,1.9978e-05,1.6223e-09,7.1186e-19,3.5375e-21,0.011207
1.8494e-16,5.2456e-22,8.7317e-21,6.0516e-08,0.034584,8.1981e-14,0.00093372,5.7858e-08,1.4069e-16,6.0266e-13,1.6037e-15,0.0012541,1.5122e-16,7.8099e-15,1,1.8051e-16,0.00021153,0.0096379,8.1657e-16,2.3591e-16,2.7579e-11,1.2138e-11,1.3779e-16,3.2453e-16,1.2528e-12,0.0048282,1.2923e-13,0.00017216,0.0852,0.010538,1.4236e-06,8.424e-13,2.3353e-08,4.856e-08,0.00017345,5.1477e-14,0.019169,3.5835e-08,1.5591e-16,3.2991e-09,0.0034743,0.0064426,1.2636e-05,6.1621e-10,3.6446e-17,7.3854e-06,3.1787e-10,4.4241e-06,8.5337e-05,4.1636e-07,2.6043e-16
0.39841,2.6556e-06,3.9933e-05,2.2591e-09,3.387e-15,1.5242e-29,2.0625e-19,1.1196e-23,0.38771,0.0002799,0.085833,2.4858e-19,0.34462,0.019644,1.8051e-16,1,5.5438e-13,1.6681e-14,0.1011,0.31033,6.1399e-06,1.4169e-05,0.34787,0.35523,0.00011135,1.7333e-18,0.00098382,3.49e-20,4.2744e-17,1.3713e-14,7.3597e-11,0.00015432,4.4281e-24,1.7305e-09,3.4866e-20,0.0030544,7.0771e-15,4.3391e-09,0.26502,6.422e-25,7.849e-19,3.1179e-15,8.135e-12,2.6139e-07,0.039082,1.3047e-11,4.8589e-07,3.7986e-11,1.6411e-20,8.2071e-23,0.059205
5.4826e-13,1.7131e-18,2.963e-17,0.00020893,0.0038533,2.3175e-17,2.9679e-07,1.7215e-11,4.1595e-13,1.7445e-09,4.9322e-12,3.2294e-07,4.4972e-13,2.2834e-11,0.00021153,5.5438e-13,1,0.011907,2.5937e-12,7.1369e-13,7.7822e-08,3.3275e-08,4.0559e-13,1.0168e-12,3.802e-09,2.3914e-06,4.4934e-10,4.2985e-08,6.3069e-05,0.0081373,0.0022336,2.7496e-09,6.3154e-12,0.0001133,4.5457e-08,1.5108e-10,0.0058338,9.0058e-05,4.7604e-13,9.7661e-13,1.1433e-06,0.0010784,0.01971,1.8937e-06,1.1815e-13,0.010694,8.9258e-07,0.0090901,2.3235e-08,1.2423e-10,8.6156e-13
1.7162e-14,4.8128e-20,7.9382e-19,5.05e-06,0.10221,8.9753e-16,1.0902e-05,6.3709e-10,1.3067e-14,5.5843e-11,1.478e-13,1.4437e-05,1.4039e-14,7.2501e-13,0.0096379,1.6681e-14,0.011907,1,7.4748e-14,2.1832e-14,2.5466e-09,1.13e-09,1.2802e-14,2.9919e-14,1.1407e-10,7.2718e-05,1.1567e-11,2.0151e-06,0.0018846,0.31457,0.00010811,7.5495e-11,2.5929e-10,3.6937e-06,2.0035e-06,4.7603e-12,0.21043,3.2069e-06,1.4307e-14,3.6414e-11,4.1586e-05,0.014151,0.00086227,5.5462e-08,3.2904e-15,0.00050508,2.8825e-08,0.00040267,9.5522e-07,4.6241e-09,2.3389e-14
0.088502,5.6438e-07,8.8402e-06,1.0595e-08,1.5478e-14,6.9813e-29,9.476e-19,5.1557e-23,0.074568,0.0010847,0.15401,1.1238e-18,0.076168,0.051913,8.1657e-16,0.1011,2.5937e-12,7.4748e-14,1,0.10557,2.5812e-05,5.7131e-05,0.068296,0.16786,0.00045983,8.0507e-18,0.0044364,1.5633e-19,1.9918e-16,6.0734e-14,3.2966e-10,0.0006434,2.0098e-23,7.8383e-09,1.5719e-19,0.010116,3.1722e-14,1.9376e-08,0.069457,2.956e-24,3.6206e-18,1.3956e-14,3.7842e-11,1.1618e-06,0.014316,5.9027e-11,2.1177e-06,1.7186e-10,7.4945e-20,3.769e-22,0.05111
0.32592,1.9716e-06,2.8754e-05,2.884e-09,4.4112e-15,2.0034e-29,2.6935e-19,1.4647e-23,0.30192,0.00035783,0.097426,3.2623e-19,0.28261,0.024157,2.3591e-16,0.31033,7.1369e-13,2.1832e-14,0.10557,1,7.9022e-06,1.8426e-05,0.27357,0.29935,0.00013929,2.2593e-18,0.0011745,4.5917e-20,5.5678e-17,1.7994e-14,9.483e-11,0.00018869,5.822e-24,2.2168e-09,4.5823e-20,0.0038775,9.2904e-15,5.6517e-09,0.20203,8.4019e-25,1.0257e-18,4.0648e-15,1.0477e-11,3.3734e-07,0.029671,1.6806e-11,6.2598e-07,4.9561e-11,2.1542e-20,1.0736e-22,0.051889
6.2754e-06,1.7986e-11,2.8572e-10,0.00027267,5.0783e-10,2.3422e-24,3.1153e-14,1.7125e-18,4.799e-06,0.018566,5.2657e-05,3.8013e-14,5.1304e-06,0.00025752,2.7579e-11,6.1399e-06,7.7822e-08,2.5466e-09,2.5812e-05,7.9022e-06,1,0.23859,4.6736e-06,1.0972e-05,0.026464,2.5491e-13,0.0031583,5.3265e-15,6.3602e-12,2.0718e-09,9.1283e-06,0.015555,6.7726e-19,0.0001597,5.3024e-15,0.0015618,1.0591e-09,0.00059121,5.0999e-06,9.8232e-20,1.193e-13,4.2574e-10,1.0568e-06,0.029287,1.0423e-06,1.6347e-06,0.04552,5.6053e-06,2.5153e-15,1.2503e-17,7.2153e-06
1.486e-05,4.0117e-11,6.3603e-10,0.00011592,2.2189e-10,1.0364e-24,1.3702e-14,7.4935e-19,1.1322e-05,0.042352,0.00012145,1.6927e-14,1.1989e-05,0.00060394,1.2138e-11,1.4169e-05,3.3275e-08,1.13e-09,5.7131e-05,1.8426e-05,0.23859,1,1.1038e-05,2.5069e-05,0.048137,1.115e-13,0.0059797,2.3942e-15,2.7756e-12,9.3303e-10,4.0153e-06,0.02936,3.024e-19,7.115e-05,2.3817e-15,0.0038969,4.7793e-10,0.00025701,1.1923e-05,4.2941e-20,5.2004e-14,1.8648e-10,4.5776e-07,0.013057,2.259e-06,7.2447e-07,0.022571,2.5053e-06,1.1126e-15,5.4846e-18,1.5131e-05
0.4611,3.2846e-06,4.5981e-05,1.6187e-09,2.553e-15,1.1688e-29,1.5633e-19,8.4972e-24,0.51774,0.00021394,0.061133,1.9106e-19,0.39456,0.01553,1.3779e-16,0.34787,4.0559e-13,1.2802e-14,0.068296,0.27357,4.6736e-06,1.1038e-05,1,0.23318,8.1586e-05,1.3028e-18,0.0006389,2.705e-20,3.1965e-17,1.0602e-14,5.5346e-11,0.00010804,3.4088e-24,1.2759e-09,2.6873e-20,0.0023742,5.4278e-15,3.2715e-09,0.25031,4.8798e-25,5.9316e-19,2.3942e-15,5.9952e-12,1.9243e-07,0.033661,9.6972e-12,3.6478e-07,2.8788e-11,1.2559e-20,6.2244e-23,0.040129
0.3013,1.5154e-06,2.3557e-05,4.1829e-09,6.1237e-15,2.7393e-29,3.7256e-19,2.0211e-23,0.25616,0.00049663,0.14403,4.459e-19,0.24695,0.033382,3.2453e-16,0.35523,1.0168e-12,2.9919e-14,0.16786,0.29935,1.0972e-05,2.5069e-05,0.23318,1,0.00020137,3.1493e-18,0.0018961,6.233e-20,7.7837e-17,2.4504e-14,1.3267e-10,0.00028544,7.9438e-24,3.1428e-09,6.2474e-20,0.0052988,1.2705e-14,7.8276e-09,0.22069,1.1569e-24,1.4203e-18,5.5743e-15,1.49e-11,4.7738e-07,0.031636,2.3721e-11,8.751e-07,6.8612e-11,2.955e-20,1.4797e-22,0.073685
0.00011076,3.6077e-10,5.8569e-09,1.4473e-05,2.3538e-11,1.0888e-25,1.455e-15,7.9976e-20,8.4442e-05,0.11712,0.00090185,1.7367e-15,8.9805e-05,0.0039584,1.2528e-12,0.00011135,3.802e-09,1.1407e-10,0.00045983,0.00013929,0.026464,0.048137,8.1586e-05,0.00020137,1,1.206e-14,0.042006,2.4165e-16,3.0053e-13,9.23e-11,4.479e-07,0.076298,3.1215e-20,9.1175e-06,2.4265e-16,0.019817,4.8115e-11,2.6937e-05,9.2384e-05,4.5893e-21,5.5722e-15,1.984e-11,5.2479e-08,0.0014944,1.9178e-05,8.1289e-08,0.0025133,2.5065e-07,1.158e-16,5.8439e-19,0.00013302
1.7515e-18,5.2232e-24,8.9488e-23,6.3915e-10,0.00034969,7.0161e-12,0.032495,4.5912e-06,1.3295e-18,5.6169e-15,1.5428e-17,0.03048,1.432e-18,7.3509e-17,0.0048282,1.7333e-18,2.3914e-06,7.2718e-05,8.0507e-18,2.2593e-18,2.5491e-13,1.115e-13,1.3028e-18,3.1493e-18,1.206e-14,1,1.3314e-15,0.0059745,0.01884,7.9556e-05,1.3814e-08,8.5338e-15,1.7217e-06,5.2385e-10,0.0070116,4.8962e-16,0.00016329,3.3013e-10,1.5034e-18,2.631e-07,0.064168,0.00012201,1.3978e-07,5.9591e-12,3.6998e-19,8.0278e-08,3.0041e-12,4.024e-08,0.004451,3.1674e-05,2.6602e-18
0.00087642,3.6254e-09,6.3306e-08,1.8975e-06,2.5176e-12,1.1193e-26,1.5447e-16,8.4065e-21,0.00066684,0.067471,0.007743,1.7653e-16,0.00072268,0.023456,1.2923e-13,0.00098382,4.4934e-10,1.1567e-11,0.0044364,0.0011745,0.0031583,0.0059797,0.0006389,0.0018961,0.042006,1.3314e-15,1,2.4107e-17,3.3098e-14,9.2347e-12,4.9018e-08,0.07672,3.182e-21,1.1875e-06,2.463e-17,0.075926,4.9707e-12,2.9045e-06,0.00080612,4.7876e-22,5.9104e-16,2.0865e-12,6.2227e-09,0.00018629,0.00019183,9.5251e-09,0.00029798,2.6789e-08,1.1951e-17,6.1456e-20,0.0014143
3.6193e-20,9.9856e-26,1.652e-24,1.1341e-11,8.3512e-06,4.2153e-10,0.058592,0.00024804,2.7551e-20,1.1683e-16,3.097e-19,0.11849,2.9525e-20,1.5245e-18,0.00017216,3.49e-20,4.2985e-08,2.0151e-06,1.5633e-19,4.5917e-20,5.3265e-15,2.3942e-15,2.705e-20,6.233e-20,2.4165e-16,0.0059745,2.4107e-17,1,0.0005095,2.4283e-06,2.9795e-10,1.6171e-16,0.0001229,1.0144e-11,0.47252,1.0142e-17,4.5616e-06,6.9172e-12,3.0239e-20,1.466e-05,0.022005,4.2192e-06,2.648e-09,1.1674e-13,6.9353e-21,1.6082e-09,6.1371e-14,8.6979e-10,0.24511,0.0016668,4.913e-20
4.2982e-17,1.2786e-22,2.1861e-21,1.6251e-08,0.0090669,3.2305e-13,0.0034522,2.3303e-07,3.2664e-17,1.3961e-13,3.8032e-16,0.0037939,3.5213e-17,1.8121e-15,0.0852,4.2744e-17,6.3069e-05,0.0018846,1.9918e-16,5.5678e-17,6.3602e-12,2.7756e-12,3.1965e-17,7.7837e-17,3.0053e-13,0.01884,3.3098e-14,0.0005095,1,0.0019128,3.3416e-07,2.101e-13,8.699e-08,1.2521e-08,0.00056949,1.2057e-14,0.0040245,8.2638e-09,3.633e-17,1.3149e-08,0.013175,0.0017967,3.4355e-06,1.4915e-10,9.002e-18,1.9617e-06,7.5118e-11,1.0702e-06,0.00030519,1.676e-06,6.5175e-17
1.4204e-14,3.936e-20,6.4667e-19,3.8602e-06,0.087423,1.0696e-15,1.2415e-05,7.4186e-10,1.0812e-14,4.5657e-11,1.2132e-13,1.6967e-05,1.1578e-14,5.9716e-13,0.010538,1.3713e-14,0.0081373,0.31457,6.0734e-14,1.7994e-14,2.0718e-09,9.3303e-10,1.0602e-14,2.4504e-14,9.23e-11,7.9556e-05,9.2347e-12,2.4283e-06,0.0019128,1,8.3422e-05,6.1254e-11,3.1038e-10,2.9056e-06,2.3964e-06,3.9495e-12,0.20954,2.5386e-06,1.1866e-14,4.2441e-11,4.6092e-05,0.012524,0.00062811,4.4466e-08,2.6464e-15,0.00038364,2.3268e-08,0.00031487,1.1121e-06,5.3756e-09,1.8764e-14
7.4356e-11,2.306e-16,3.8103e-15,0.007708,2.3706e-05,1.5072e-19,1.7628e-09,1.0649e-13,5.6742e-11,2.2073e-07,6.3927e-10,2.142e-09,6.1241e-11,3.0308e-09,1.4236e-06,7.3597e-11,0.0022336,0.00010811,3.2966e-10,9.483e-11,9.1283e-06,4.0153e-06,5.5346e-11,1.3267e-10,4.479e-07,1.3814e-08,4.9018e-08,2.9795e-10,3.3416e-07,8.3422e-05,1,2.9858e-07,4.1199e-14,0.0033205,2.9858e-10,1.8916e-08,4.3663e-05,0.0058069,6.2508e-11,6.1755e-15,6.7649e-09,1.6569e-05,0.012141,0.00017069,1.5518e-11,0.011719,9.0909e-05,0.037248,1.4582e-10,7.5518e-13,1.0622e-10
0.00014762,5.17e-10,8.9838e-09,1.0934e-05,1.6132e-11,7.4173e-26,1.0052e-15,5.4822e-20,0.00011171,0.091429,0.0012683,1.1683e-15,0.00011864,0.0047882,8.424e-13,0.00015432,2.7496e-09,7.5495e-11,0.0006434,0.00018869,0.015555,0.02936,0.00010804,0.00028544,0.076298,8.5338e-15,0.07672,1.6171e-16,2.101e-13,6.1254e-11,2.9858e-07,1,2.1229e-20,6.8593e-06,1.6484e-16,0.026717,3.2808e-11,1.7308e-05,0.00013464,3.1121e-21,3.809e-15,1.2914e-11,3.7222e-08,0.0010393,2.6747e-05,5.786e-08,0.001604,1.7076e-07,7.8452e-17,3.9862e-19,0.00018243
4.5662e-24,1.2757e-29,2.1411e-28,1.5631e-15,1.1797e-09,3.3763e-06,1.7932e-05,0.14223,3.4717e-24,1.4805e-20,3.946e-23,1.7465e-05,3.7264e-24,1.9269e-22,2.3353e-08,4.4281e-24,6.3154e-12,2.5929e-10,2.0098e-23,5.822e-24,6.7726e-19,3.024e-19,3.4088e-24,7.9438e-24,3.1215e-20,1.7217e-06,3.182e-21,0.0001229,8.699e-08,3.1038e-10,4.1199e-14,2.1229e-20,1,1.4444e-15,0.00012458,1.2886e-21,6.0173e-10,8.9946e-16,3.8495e-24,0.059715,4.81e-06,7.4091e-10,3.8439e-13,1.5233e-17,9.0947e-25,2.3237e-13,7.9375e-18,1.1283e-13,0.00025803,0.032822,6.473e-24
1.7067e-09,5.8788e-15,9.8886e-14,0.028539,8.5205e-07,5.3308e-21,6.4122e-11,3.7682e-15,1.3048e-09,4.4254e-06,1.4765e-08,7.3273e-11,1.4042e-09,6.6121e-08,4.856e-08,1.7305e-09,0.0001133,3.6937e-06,7.8383e-09,2.2168e-09,0.0001597,7.115e-05,1.2759e-09,3.1428e-09,9.1175e-06,5.2385e-10,1.1875e-06,1.0144e-11,1.2521e-08,2.9056e-06,0.0033205,6.8593e-06,1.4444e-15,1,1.0443e-11,4.204e-07,1.6619e-06,0.018728,1.4836e-09,2.1724e-16,2.4263e-10,5.7341e-07,0.00098644,0.0026023,3.727e-10,0.0013546,0.0013045,0.0038063,5.1127e-12,2.7089e-14,2.5888e-09
3.5999e-20,1e-25,1.6739e-24,1.1778e-11,8.6346e-06,4.2704e-10,0.071875,0.00026324,2.7376e-20,1.1634e-16,3.1015e-19,0.11966,2.9353e-20,1.516e-18,0.00017345,3.4866e-20,4.5457e-08,2.0035e-06,1.5719e-19,4.5823e-20,5.3024e-15,2.3817e-15,2.6873e-20,6.2474e-20,2.4265e-16,0.0070116,2.463e-17,0.47252,0.00056949,2.3964e-06,2.9858e-10,1.6484e-16,0.00012458,1.0443e-11,1,1.0149e-17,4.6148e-06,6.9292e-12,3.0275e-20,1.5154e-05,0.025009,4.2266e-06,2.7533e-09,1.1822e-13,7.0197e-21,1.6651e-09,6.1601e-14,8.7954e-10,0.27732,0.0017963,4.9864e-20
0.0032061,9.0243e-09,1.4222e-07,5.8512e-07,9.5746e-13,4.4173e-27,5.9046e-17,3.207e-21,0.0024419,0.06015,0.023903,7.1783e-17,0.002527,0.098741,5.1477e-14,0.0030544,1.5108e-10,4.7603e-12,0.010116,0.0038775,0.0015618,0.0038969,0.0023742,0.0052988,0.019817,4.8962e-16,0.075926,1.0142e-17,1.2057e-14,3.9495e-12,1.8916e-08,0.026717,1.2886e-21,4.204e-07,1.0149e-17,1,2.0485e-12,1.1569e-06,0.0025619,1.8306e-22,2.2301e-16,8.3491e-13,2.1596e-09,6.7728e-05,0.00039523,3.4825e-09,0.00012434,1.0792e-08,4.7273e-18,2.3433e-20,0.0023113
7.2846e-15,2.0455e-20,3.4072e-19,2.2067e-06,0.14092,2.0786e-15,2.4766e-05,1.4606e-09,5.5331e-15,2.338e-11,6.2809e-14,3.2468e-05,5.9266e-15,3.0553e-13,0.019169,7.0771e-15,0.0058338,0.21043,3.1722e-14,9.2904e-15,1.0591e-09,4.7793e-10,5.4278e-15,1.2705e-14,4.8115e-11,0.00016329,4.9707e-12,4.5616e-06,0.0040245,0.20954,4.3663e-05,3.2808e-11,6.0173e-10,1.6619e-06,4.6148e-06,2.0485e-12,1,1.3259e-06,6.1372e-15,8.2573e-11,9.2361e-05,0.014487,0.00038633,2.3682e-08,1.4076e-15,0.00023777,1.2061e-08,0.00016838,2.1743e-06,1.0609e-08,1.0007e-14
4.4046e-09,1.3116e-14,2.1254e-13,0.078479,6.491e-07,3.154e-21,4.1136e-11,2.301e-15,3.3554e-09,1.3724e-05,3.7837e-08,4.9881e-11,3.618e-09,1.8251e-07,3.5835e-08,4.3391e-09,9.0058e-05,3.2069e-06,1.9376e-08,5.6517e-09,0.00059121,0.00025701,3.2715e-09,7.8276e-09,2.6937e-05,3.3013e-10,2.9045e-06,6.9172e-12,8.2638e-09,2.5386e-06,0.0058069,1.7308e-05,8.9946e-16,0.018728,6.9292e-12,1.1569e-06,1.3259e-06,1,3.6616e-09,1.3242e-16,1.5771e-10,4.6518e-07,0.00098282,0.011283,8.2819e-10,0.001319,0.0055435,0.0060557,3.3503e-12,1.6763e-14,5.8967e-09
0.27541,2.8366e-06,4.3641e-05,1.9335e-09,2.9158e-15,1.3238e-29,1.7922e-19,9.6883e-24,0.2648,0.00022806,0.067017,2.149e-19,0.23311,0.015143,1.5591e-16,0.26502,4.7604e-13,1.4307e-14,0.069457,0.20203,5.0999e-06,1.1923e-05,0.25031,0.22069,9.2384e-05,1.5034e-18,0.00080612,3.0239e-20,3.633e-17,1.1866e-14,6.2508e-11,0.00013464,3.8495e-24,1.4836e-09,3.0275e-20,0.0025619,6.1372e-15,3.6616e-09,1,5.5419e-25,6.7593e-19,2.6679e-15,6.9957e-12,2.2109e-07,0.033449,1.1212e-11,4.072e-07,3.2062e-11,1.4194e-20,7.0941e-23,0.045729
6.5419e-25,1.8948e-30,3.1916e-29,2.3786e-16,1.7304e-10,1.9743e-05,2.5895e-06,0.032862,4.9753e-25,2.1393e-21,5.716e-24,2.2794e-06,5.3686e-25,2.7738e-23,3.2991e-09,6.422e-25,9.7661e-13,3.6414e-11,2.956e-24,8.4019e-25,9.8232e-20,4.2941e-20,4.8798e-25,1.1569e-24,4.5893e-21,2.631e-07,4.7876e-22,1.466e-05,1.3149e-08,4.2441e-11,6.1755e-15,3.1121e-21,0.059715,2.1724e-16,1.5154e-05,1.8306e-22,8.2573e-11,1.3242e-16,5.5419e-25,1,7.1444e-07,1.1166e-10,5.8416e-14,2.2459e-18,1.3642e-25,3.4804e-14,1.1599e-18,1.6175e-14,3.4189e-05,0.0052649,9.7573e-25
7.9688e-19,2.3196e-24,3.9241e-23,2.9058e-10,0.00019767,1.7986e-11,0.10458,1.2598e-05,6.0588e-19,2.5957e-15,7.0004e-18,0.12407,6.523e-19,3.368e-17,0.0034743,7.849e-19,1.1433e-06,4.1586e-05,3.6206e-18,1.0257e-18,1.193e-13,5.2004e-14,5.9316e-19,1.4203e-18,5.5722e-15,0.064168,5.9104e-16,0.022005,0.013175,4.6092e-05,6.7649e-09,3.809e-15,4.81e-06,2.4263e-10,0.025009,2.2301e-16,9.2361e-05,1.5771e-10,6.7593e-19,7.1444e-07,1,7.6069e-05,6.5365e-08,2.7398e-12,1.6402e-19,3.7936e-08,1.3989e-12,1.9554e-08,0.015515,8.8441e-05,1.1799e-18
3.1873e-15,9.705e-21,1.5787e-19,7.2722e-07,0.014624,2.9927e-15,2.114e-05,1.849e-09,2.4376e-15,9.7411e-12,2.7157e-14,2.7904e-05,2.6222e-15,1.3134e-13,0.0064426,3.1179e-15,0.0010784,0.014151,1.3956e-14,4.0648e-15,4.2574e-10,1.8648e-10,2.3942e-15,5.5743e-15,1.984e-11,0.00012201,2.0865e-12,4.2192e-06,0.0017967,0.012524,1.6569e-05,1.2914e-11,7.4091e-10,5.7341e-07,4.2266e-06,8.3491e-13,0.014487,4.6518e-07,2.6679e-15,1.1166e-10,7.6069e-05,1,0.00011051,8.8059e-09,6.8828e-16,6.7378e-05,4.6495e-09,4.2153e-05,2.1627e-06,1.2675e-08,4.7018e-15
8.1044e-12,2.5693e-17,4.3768e-16,0.0020736,0.00022364,1.4176e-18,1.7353e-08,1.0289e-12,6.1484e-12,2.4657e-08,7.1818e-11,1.953e-08,6.6322e-12,3.3283e-10,1.2636e-05,8.135e-12,0.01971,0.00086227,3.7842e-11,1.0477e-11,1.0568e-06,4.5776e-07,5.9952e-12,1.49e-11,5.2479e-08,1.3978e-07,6.2227e-09,2.648e-09,3.4355e-06,0.00062811,0.012141,3.7222e-08,3.8439e-13,0.00098644,2.7533e-09,2.1596e-09,0.00038633,0.00098282,6.9957e-12,5.8416e-14,6.5365e-08,0.00011051,1,2.374e-05,1.8081e-12,0.025059,1.1734e-05,0.040667,1.3856e-09,7.3869e-12,1.2864e-11
2.6057e-07,7.9312e-13,1.3217e-11,0.0065827,1.1568e-08,5.3224e-23,7.1703e-13,3.9316e-17,1.9781e-07,0.00078017,2.2755e-06,8.4736e-13,2.1324e-07,1.0643e-05,6.1621e-10,2.6139e-07,1.8937e-06,5.5462e-08,1.1618e-06,3.3734e-07,0.029287,0.013057,1.9243e-07,4.7738e-07,0.0014944,5.9591e-12,0.00018629,1.1674e-13,1.4915e-10,4.4466e-08,0.00017069,0.0010393,1.5233e-17,0.0026023,1.1822e-13,6.7728e-05,2.3682e-08,0.011283,2.2109e-07,2.2459e-18,2.7398e-12,8.8059e-09,2.374e-05,1,4.9768e-08,3.5693e-05,0.13521,0.00012236,5.6904e-14,2.8748e-16,3.597e-07
0.031696,9.2512e-06,0.00014195,4.7583e-10,6.9321e-16,3.201e-30,4.2929e-20,2.3575e-24,0.035476,4.252e-05,0.0089627,5.0284e-20,0.033725,0.0022176,3.6446e-17,0.039082,1.1815e-13,3.2904e-15,0.014316,0.029671,1.0423e-06,2.259e-06,0.033661,0.031636,1.9178e-05,3.6998e-19,0.00019183,6.9353e-21,9.002e-18,2.6464e-15,1.5518e-11,2.6747e-05,9.0947e-25,3.727e-10,7.0197e-21,0.00039523,1.4076e-15,8.2819e-10,0.033449,1.3642e-25,1.6402e-19,6.8828e-16,1.8081e-12,4.9768e-08,1,2.8303e-12,9.0568e-08,7.3465e-12,3.3717e-21,1.7212e-23,0.04081
1.3051e-11,4.1204e-17,6.975e-16,0.002605,0.00012425,8.5398e-19,1.0031e-08,6.0288e-13,9.9317e-12,3.8764e-08,1.1435e-10,1.1709e-08,1.0695e-11,5.318e-10,7.3854e-06,1.3047e-11,0.010694,0.00050508,5.9027e-11,1.6806e-11,1.6347e-06,7.2447e-07,9.6972e-12,2.3721e-11,8.1289e-08,8.0278e-08,9.5251e-09,1.6082e-09,1.9617e-06,0.00038364,0.011719,5.786e-08,2.3237e-13,0.0013546,1.6651e-09,3.4825e-09,0.00023777,0.001319,1.1212e-11,3.4804e-14,3.7936e-08,6.7378e-05,0.025059,3.5693e-05,2.8303e-12,1,1.7381e-05,0.039501,8.2013e-10,4.3762e-12,1.9809e-11
4.9113e-07,1.4712e-12,2.3983e-11,0.0027979,5.8673e-09,2.7689e-23,3.6657e-13,2.0249e-17,3.7489e-07,0.0014145,4.1903e-06,4.4151e-13,4.0163e-07,1.9978e-05,3.1787e-10,4.8589e-07,8.9258e-07,2.8825e-08,2.1177e-06,6.2598e-07,0.04552,0.022571,3.6478e-07,8.751e-07,0.0025133,3.0041e-12,0.00029798,6.1371e-14,7.5118e-11,2.3268e-08,9.0909e-05,0.001604,7.9375e-18,0.0013045,6.1601e-14,0.00012434,1.2061e-08,0.0055435,4.072e-07,1.1599e-18,1.3989e-12,4.6495e-09,1.1734e-05,0.13521,9.0568e-08,1.7381e-05,1,6.1559e-05,2.9409e-14,1.4792e-16,6.3811e-07
3.8661e-11,1.1051e-16,1.8381e-15,0.0091279,7.9615e-05,3.9085e-19,5.1175e-09,2.8389e-13,2.9433e-11,1.2434e-07,3.3516e-10,6.2742e-09,3.1567e-11,1.6223e-09,4.4241e-06,3.7986e-11,0.0090901,0.00040267,1.7186e-10,4.9561e-11,5.6053e-06,2.5053e-06,2.8788e-11,6.8612e-11,2.5065e-07,4.024e-08,2.6789e-08,8.6979e-10,1.0702e-06,0.00031487,0.037248,1.7076e-07,1.1283e-13,0.0038063,8.7954e-10,1.0792e-08,0.00016838,0.0060557,3.2062e-11,1.6175e-14,1.9554e-08,4.2153e-05,0.040667,0.00012236,7.3465e-12,0.039501,6.1559e-05,1,4.1832e-10,2.0773e-12,5.2474e-11
1.684e-20,4.7772e-26,7.9941e-25,5.8452e-12,4.3257e-06,9.1416e-10,0.048852,0.00060223,1.2811e-20,5.49e-17,1.4628e-19,0.058686,1.3768e-20,7.1186e-19,8.5337e-05,1.6411e-20,2.3235e-08,9.5522e-07,7.4945e-20,2.1542e-20,2.5153e-15,1.1126e-15,1.2559e-20,2.955e-20,1.158e-16,0.004451,1.1951e-17,0.24511,0.00030519,1.1121e-06,1.4582e-10,7.8452e-17,0.00025803,5.1127e-12,0.27732,4.7273e-18,2.1743e-06,3.3503e-12,1.4194e-20,3.4189e-05,0.015515,2.1627e-06,1.3856e-09,5.6904e-14,3.3717e-21,8.2013e-10,2.9409e-14,4.1832e-10,1,0.0041392,2.4108e-20
8.3558e-23,2.4122e-28,4.0871e-27,3.0551e-14,2.2085e-08,1.6893e-07,0.00031703,0.073758,6.3511e-23,2.7266e-19,7.3138e-22,0.00028117,6.8384e-23,3.5375e-21,4.1636e-07,8.2071e-23,1.2423e-10,4.6241e-09,3.769e-22,1.0736e-22,1.2503e-17,5.4846e-18,6.2244e-23,1.4797e-22,5.8439e-19,3.1674e-05,6.1456e-20,0.0016668,1.676e-06,5.3756e-09,7.5518e-13,3.9862e-19,0.032822,2.7089e-14,0.0017963,2.3433e-20,1.0609e-08,1.6763e-14,7.0941e-23,0.0052649,8.8441e-05,1.2675e-08,7.3869e-12,2.8748e-16,1.7212e-23,4.3762e-12,1.4792e-16,2.0773e-12,0.0041392,1,1.2435e-22
0.044957,1.4558e-06,2.3353e-05,3.5331e-09,4.9939e-15,2.2842e-29,3.0963e-19,1.6977e-23,0.041832,0.0002773,0.036791,3.5796e-19,0.043667,0.011207,2.6043e-16,0.059205,8.6156e-13,2.3389e-14,0.05111,0.051889,7.2153e-06,1.5131e-05,0.040129,0.073685,0.00013302,2.6602e-18,0.0014143,4.913e-20,6.5175e-17,1.8764e-14,1.0622e-10,0.00018243,6.473e-24,2.5888e-09,4.9864e-20,0.0023113,1.0007e-14,5.8967e-09,0.045729,9.7573e-25,1.1799e-18,4.7018e-15,1.2864e-11,3.597e-07,0.04081,1.9809e-11,6.3811e-07,5.2474e-11,2.4108e-20,1.2435e-22,1
