1,0.00034757,0.00041216,1.6818e-05,5.1756e-05,3.202e-06,9.9123e-05,2.073e-06,1.1583e-05,1.7853e-05,1.0858e-05,0.00026161,8.1265e-05,1.7344e-05,8.3694e-07,4.0349e-07,4.7814e-07,9.2647e-06,0.00030704,7.3919e-05,0.00061731,0.00026035,6.8424e-06,3.1302e-05,3.7129e-05,3.3799e-05,0.00075482,7.5541e-06,8.1704e-07,5.332e-05,2.1102e-05,1.7975e-05,6.5825e-05,0.00054515,1.5264e-05,4.2049e-05,5.9451e-05,0.00029049,0.00012147,0.00030393,7.9216e-06,4.7496e-06,1.3931e-06,4.6339e-06,4.9451e-05,8.3047e-05,8.1637e-05,7.7285e-05,7.8669e-05,2.6928e-06,0.0005746,1.1134e-06,6.6675e-05,0.00032586,8.5017e-06,0.00061454,0.00072558,1.3295e-05,2.8174e-05,3.6227e-05,2.9469e-05,4.9972e-07,0.00016724,7.9242e-06,2.8634e-05,3.5961e-07,0.0003853,2.498e-05,0.00043719,2.4553e-05,4.2817e-07,3.8919e-06,1.2129e-05,4.7343e-06,4.7111e-10,2.1517e-05,1.5921e-05,4.9622e-06,1.2153e-06,2.7751e-05,4.1822e-05,7.3654e-05,2.6891e-05,1.1512e-05,9.2401e-05,3.597e-05,0.00010688,1.0501e-09,7.3299e-07,2.0765e-05,3.8132e-06,1.4063e-06,0.00017615,9.9069e-07,0.00010144,4.1196e-05,1.2838e-06,0.00020184,6.6723e-05,2.9749e-06,3.4093e-06,6.6816e-06,1.0301e-05,2.6145e-06,1.2931e-07,6.8777e-06,4.3764e-06,8.3203e-07,0.0003225,4.4876e-07,3.224e-06,3.0059e-06,0.00021735,3.9593e-06,1.3115e-06,1.6586e-05,1.1225e-05,1.3854e-06,1.8555e-05,1.1855e-07,1.9877e-06,0.00062607,4.7028e-07,2.9997e-08,7.4343e-05,1.1345e-07,9.8513e-05,1.315e-06,5.9563e-05,4.0203e-06,2.7962e-07,0.00035877,8.3318e-06,2.7662e-08,1.2762e-05,5.2077e-05,6.576e-07,1.5054e-05,1.5525e-05,0.00025529,5.1893e-06,1.8496e-05,6.263e-07
0.00034757,1,0.0033804,5.5746e-05,0.00032553,0.00027841,0.00042832,0.00022301,0.00057437,0.0011155,0.00051195,0.0066005,0.00021473,0.00016599,5.1392e-05,6.01e-05,9.9223e-05,0.00081686,0.0060284,0.00062826,0.0018987,0.006284,0.0012931,0.0020908,0.00019123,0.0036492,0.0034049,0.0008123,9.3074e-05,0.0042622,0.0029762,0.0010023,0.0069748,0.012741,0.0012431,0.00046839,0.0064061,0.00223,0.0047499,0.0029912,0.00056715,9.7991e-06,9.5122e-05,0.00058072,0.00014446,0.00031339,0.00038116,0.0095054,0.0015301,0.00030454,0.0020158,1.6481e-05,0.0042396,0.003517,0.00055873,0.0014906,0.0006259,0.00065137,0.0037658,0.00066527,0.0015764,8.4603e-05,0.0025045,0.00056287,0.0014329,1.9851e-05,0.0091001,0.00042629,0.0015115,0.0028133,1.1282e-05,1.2543e-06,0.00051109,0.00023641,4.1862e-09,0.00021552,6.107e-06,1.3639e-06,2.4052e-05,8.1105e-05,0.0003728,0.00015005,0.0012418,0.00028614,0.0010319,0.00050989,0.0010835,2.2257e-09,5.6755e-05,0.0003697,0.00025501,2.3139e-05,0.00048621,0.00010087,0.010504,0.00052902,7.823e-05,1.0789e-05,0.00042943,3.111e-06,3.0324e-05,5.2367e-05,0.0006722,9.0062e-05,6.5235e-06,8.2946e-05,2.913e-06,4.8115e-05,0.0044831,1.7455e-05,0.00028938,0.00044654,0.0002156,0.00018477,0.00017025,0.00017155,0.00025995,6.8496e-05,0.00035151,2.5182e-06,9.3883e-05,0.00090662,6.028e-08,8.3422e-07,0.00017682,1.0075e-05,4.8993e-05,8.2055e-05,0.00026303,0.00010537,3.6562e-05,0.0029917,2.8749e-05,3.2632e-06,0.00083463,3.1823e-05,3.282e-05,7.68e-05,6.4741e-06,0.0015249,7.906e-05,0.00096494,4.7615e-05
0.00041216,0.0033804,1,6.4455e-06,1.8561e-05,2.1693e-05,3.5133e-05,4.319e-06,1.1699e-05,4.1874e-05,1.7682e-05,0.00057413,1.3531e-05,6.0579e-06,2.3872e-06,1.3746e-06,2.4374e-06,2.9612e-05,0.0002556,2.4e-05,0.0012935,0.00018606,2.3597e-05,9.9346e-05,8.374e-06,4.7697e-05,0.00049099,2.0315e-05,1.9371e-06,0.00038935,7.2028e-05,1.6761e-05,0.00029396,0.035263,5.4443e-05,0.00015482,0.00024116,8.7102e-05,0.00031287,0.00051712,1.6635e-05,4.4404e-06,2.8291e-06,1.8547e-05,7.5886e-06,2.4305e-05,0.00020156,0.00021153,9.2425e-05,6.6846e-06,0.0009657,6.6747e-07,0.00021061,0.00020647,2.8064e-05,0.00048324,0.0044702,2.4318e-05,0.00014455,2.9716e-05,4.125e-05,2.1826e-06,0.00034451,1.1547e-05,0.00011441,1.1435e-06,0.004809,0.00036572,0.0076655,7.9941e-05,7.1971e-07,5.1104e-06,9.0914e-05,7.3922e-06,1.2205e-09,1.1148e-05,1.3382e-05,1.6027e-06,1.4479e-06,4.0074e-05,5.8559e-05,5.7727e-05,0.00022432,8.0203e-05,3.9755e-05,5.3453e-05,0.0002969,1.5759e-09,1.4524e-06,2.9176e-05,1.3979e-05,3.431e-06,7.4011e-05,2.9025e-06,0.00042523,7.3614e-05,1.4988e-06,7.4842e-06,4.7829e-05,4.2275e-06,1.1289e-05,4.4407e-05,3.2329e-05,4.7337e-06,1.7147e-06,2.4804e-05,4.8711e-06,1.5827e-06,0.00016288,6.7163e-07,9.5403e-06,9.3881e-06,0.00033614,3.1037e-06,6.2394e-06,0.00015526,0.00017285,6.7252e-06,4.9428e-05,2.5168e-07,1.2121e-05,0.00015949,8.1904e-08,6.8043e-08,3.3495e-05,1.8111e-07,5.7887e-05,2.2397e-06,0.0001074,6.0886e-06,9.3858e-07,0.00078561,1.0376e-05,6.9779e-08,7e-05,3.5215e-06,1.5554e-06,9.7972e-06,3.4391e-06,0.00016777,5.9313e-06,2.4577e-05,1.0308e-06
1.6818e-05,5.5746e-05,6.4455e-06,1,0.008798,1.7134e-05,0.0043008,8.3351e-05,0.00022232,0.00037128,0.00015107,1.5327e-05,0.0035948,0.0026986,0.00017236,3.2711e-05,3.3199e-05,0.00014525,0.0008448,0.0010653,2.4981e-05,0.00014872,0.00010523,0.00059809,0.0048438,0.00011469,0.00015269,0.00035507,8.0978e-05,0.0001979,0.00011454,0.0001812,0.00010867,1.5837e-05,0.00019609,2.6023e-05,7.4446e-05,0.00022347,7.7408e-05,7.571e-05,9.8853e-05,4.2987e-06,0.00017358,0.00014503,0.0040973,0.0023281,1.3324e-05,0.00028922,0.00027205,0.00013645,0.00019612,0.00072825,0.00016766,0.0010541,0.00034493,0.0001682,1.2244e-05,0.0005777,0.00024671,0.00010321,7.9984e-05,2.139e-05,9.812e-05,0.00024434,0.00053462,4.5316e-05,2.9652e-05,3.886e-06,1.0794e-05,0.00012208,5.0849e-05,5.4801e-07,0.00049168,0.0011453,1.6478e-07,0.0055258,2.5468e-06,0.00015515,0.00064417,9.5867e-05,0.00052336,0.00020761,3.8937e-05,0.00038727,4.4384e-05,6.324e-05,0.00092147,1.07e-07,6.0969e-06,0.0021076,4.5732e-05,0.0010346,0.0059656,0.00013643,0.00067891,0.00037276,0.00010507,6.6382e-05,1.4558e-05,1.6648e-06,6.5823e-05,6.0582e-06,0.00013157,0.00023935,3.0924e-06,0.00051463,5.031e-07,0.0001226,0.0012365,6.242e-05,9.1887e-05,3.2634e-05,1.1911e-06,4.025e-06,0.00011256,1.738e-05,2.419e-05,4.1148e-05,8.3246e-05,0.00020294,9.2175e-05,0.00043128,1.462e-06,7.2241e-06,4.6275e-06,7.406e-06,4.4348e-05,0.00012758,8.359e-05,7.2387e-05,2.2017e-05,0.00022881,1.7954e-06,6.9138e-07,0.00018826,9.9043e-05,0.00014763,7.5739e-05,0.0001488,0.00026361,0.0033759,0.00015749,4.6022e-06
5.1756e-05,0.00032553,1.8561e-05,0.008798,1,0.00026444,0.016315,0.00071693,0.00096835,0.0021232,0.0017124,6.3391e-05,0.018475,0.01657,0.00061469,0.00026547,0.0001942,0.001899,0.0065882,0.0081662,0.00013584,0.0019845,0.00099012,0.0028363,0.031548,0.002397,0.0019287,0.0034623,0.00082801,0.0018642,0.0009048,0.0043781,0.0005188,6.2106e-05,0.0014096,0.00020813,0.00079335,0.0030432,0.00099775,0.00057687,0.0010578,1.9773e-05,0.0011627,0.0011314,0.022789,0.0066251,6.8195e-05,0.0022139,0.0028959,0.0012392,0.00080143,0.0056336,0.0012788,0.0053824,0.0027355,0.00062477,3.2211e-05,0.0058316,0.003339,0.0007314,0.00089142,0.00019336,0.000388,0.0027279,0.0033196,0.00018368,0.00010051,1.0994e-05,3.2155e-05,0.00067212,0.00015198,8.931e-07,0.0014385,0.0083376,1.3434e-07,0.031733,4.2587e-06,3.4412e-05,0.0015977,0.0002099,0.0011609,0.00032081,0.00022064,0.0012437,0.0006026,0.00027532,0.0025556,4.0761e-08,4.293e-05,0.015043,0.00084681,0.0012327,0.011018,0.00047214,0.0036399,0.00089593,0.00083473,0.00015149,3.5857e-05,2.1926e-06,0.00012043,3.3032e-05,0.0012419,0.0015867,8.7082e-06,0.00096825,7.4451e-07,0.00067578,0.013856,0.0001675,0.00032889,0.00029087,5.7755e-06,4.2832e-05,0.0012041,6.3726e-05,9.0955e-05,0.00012239,0.0011665,0.00021742,0.00019992,0.0027468,9.6535e-07,1.205e-05,2.6486e-05,3.5834e-05,0.00012809,0.00084578,0.00070636,0.00073086,0.00019072,0.00040439,4.8169e-06,4.9977e-06,0.00092655,0.00044492,0.00067395,0.00045581,0.00018005,0.00063583,0.0072123,0.0014318,3.9208e-05
3.202e-06,0.00027841,2.1693e-05,1.7134e-05,0.00026444,1,7.2953e-05,0.0032945,0.00048598,0.0020735,0.0010306,6.5732e-05,6.9615e-05,0.00013631,0.00097732,0.0020625,0.00068135,0.014067,0.00029424,0.00038469,0.00014435,0.0013153,0.0037143,0.000471,8.7154e-05,0.0026872,0.00020617,0.0045209,0.0022277,0.00098919,0.003217,0.0022102,0.0019946,5.7584e-05,0.0008613,3.3267e-05,0.0012524,0.00016511,0.0034876,0.00068687,0.0052147,9.2594e-06,0.00071971,0.014943,3.9202e-05,5.351e-05,4.1772e-05,0.0012027,0.0010454,0.0053649,3.8083e-05,8.3864e-05,0.0016186,8.5342e-05,0.0016989,0.00013586,1.1174e-05,0.00075141,0.005204,0.00036896,0.0038442,0.0011438,0.00012423,0.0012666,0.00038489,0.00026866,8.8892e-05,5.2087e-06,3.5725e-05,0.0013818,4.7738e-05,1.9598e-07,0.0001199,0.0018664,2.6808e-08,0.00037803,5.7226e-07,1.6926e-07,4.1547e-05,7.6616e-05,0.00030482,3.3228e-05,6.2513e-05,0.00042201,0.00032213,0.00025019,0.00011063,2.6773e-09,0.00036517,0.00058932,0.0033898,0.00011781,8.0443e-05,0.00068564,0.00075678,0.00016642,0.00022117,9.574e-07,2.3001e-05,1.0348e-06,1.3675e-05,1.1869e-05,0.00074324,0.0001304,6.1286e-05,0.00013665,3.2847e-07,0.0011753,0.00042608,0.0005487,0.00037976,0.0023687,2.4836e-06,0.00024529,0.001281,5.4046e-06,8.189e-05,0.00033959,0.0057125,1.9685e-05,0.00017772,0.00018053,3.3489e-09,2.9081e-06,3.4198e-05,4.8386e-05,1.6802e-06,0.0010291,0.00020493,0.00070291,0.0041606,5.8023e-05,4.6633e-06,1.517e-05,0.00043838,4.7087e-06,0.0010942,8.5674e-06,4.4828e-07,0.00012221,0.00016019,0.0015388,0.00024717
9.9123e-05,0.00042832,3.5133e-05,0.0043008,0.016315,7.2953e-05,1,0.00020721,0.00053289,0.000669,0.00029729,9.4145e-05,0.049573,0.014262,5.6155e-05,6.0253e-05,5.8309e-05,0.0003261,0.0055926,0.014898,0.00012159,0.0006757,0.00029814,0.00069456,0.025104,0.0012079,0.0012611,0.00062776,0.00014315,0.00058782,0.00039175,0.00071236,0.00034333,0.00011525,0.00027207,6.2832e-05,0.00037229,0.00113,0.00041996,0.00036782,0.00021588,5.7757e-06,0.00010186,0.00025528,0.022627,0.023322,4.7983e-05,0.00087086,0.00073413,0.00029902,0.00071237,0.00041634,0.00064368,0.0038337,0.00025282,0.00019929,3.197e-05,0.0007843,0.00068702,0.00021355,0.00021996,4.0974e-05,0.00015027,0.00059901,0.00044279,3.8119e-05,0.00021007,2.7666e-05,5.901e-05,0.000489,1.7115e-05,4.8744e-07,0.0003271,0.001353,1.756e-08,0.0024035,4.7917e-06,4.6929e-05,0.00080605,6.9492e-05,0.00030918,0.00019616,0.00022102,0.00030659,0.00013338,0.00020863,0.0013551,6.9341e-09,2.4345e-05,0.0021496,0.00019232,0.00012108,0.013534,7.4235e-05,0.0026528,0.00036741,0.00018206,0.00039647,5.014e-05,1.3374e-06,1.9469e-05,1.5253e-05,0.00022947,0.00014538,2.2427e-06,0.00016025,9.8777e-07,0.00019948,0.010334,2.8233e-05,0.00011672,0.0001246,5.8498e-06,2.9193e-05,0.00016814,8.8658e-05,5.3327e-05,4.7509e-05,0.00015017,1.8123e-05,6.0788e-05,0.001665,5.2807e-06,1.1796e-06,4.2658e-05,1.4865e-05,6.8344e-05,0.00015276,0.00015379,0.00011599,3.4232e-05,0.00037152,2.005e-06,1.8984e-06,0.00030595,0.0009351,5.3917e-05,0.00011339,0.00019544,0.00029402,0.00071774,0.00025892,2.0357e-05
2.073e-06,0.00022301,4.319e-06,8.3351e-05,0.00071693,0.0032945,0.00020721,1,0.0063229,0.0014455,0.00065334,5.4927e-05,0.00038185,0.0018298,0.00092198,0.063687,0.007148,0.023743,0.00047407,0.0012583,1.9903e-05,0.00071251,0.024154,0.00045743,0.00074078,0.0056017,7.9788e-05,0.068856,0.012736,0.00048605,0.018617,0.0065315,0.0026807,1.6294e-05,0.001867,1.7295e-05,0.0010884,0.00017762,0.00089974,0.00012392,0.0095763,8.6693e-07,0.0019571,0.030329,0.00019137,0.00023198,1.5796e-05,0.0018275,0.0014925,0.11942,3.2658e-05,0.00044372,0.000694,0.00012233,0.001564,3.7831e-05,1.6214e-06,0.0014205,0.0035462,0.00023537,0.005171,0.010123,5.9627e-05,0.0096801,0.0003731,0.0028352,3.2041e-05,4.0252e-06,9.0122e-06,0.0035013,5.0106e-05,1.5524e-08,0.00014079,0.020441,1.5438e-08,0.0012287,2.1435e-07,3.2236e-07,0.00097136,9.14e-06,0.00010501,1.7513e-05,4.3443e-05,0.0001793,0.00046805,0.00028969,7.9676e-05,1.1008e-09,0.0065674,0.001363,0.0079724,7.9183e-05,0.00012674,0.021407,0.0020381,0.00018017,0.0074464,5.6998e-07,5.9244e-05,1.6193e-07,7.1448e-06,2.8725e-06,0.00089675,0.00036506,4.6969e-05,8.393e-05,6.9941e-08,0.020055,0.00093493,0.0012005,0.0089074,0.022822,4.0053e-07,0.0027969,0.0040454,4.7266e-06,3.462e-05,0.0015146,0.00039303,3.3324e-05,0.00012543,0.00015133,5.0639e-09,1.8317e-05,5.8326e-05,0.0018723,8.2457e-07,0.0084704,2.6016e-05,0.00027958,0.015243,3.8272e-05,4.4097e-06,0.00012255,0.00055569,2.1234e-05,0.0014654,9.3742e-06,9.0603e-07,0.00017406,0.00024391,0.003209,0.0030383
1.1583e-05,0.00057437,1.1699e-05,0.00022232,0.00096835,0.00048598,0.00053289,0.0063229,1,0.0041629,0.00040145,0.00013159,0.00083893,0.0011177,0.00059228,0.0012731,0.00040381,0.0035724,0.0013618,0.0026084,5.7499e-05,0.0012098,0.0053646,0.00080171,0.0011003,0.0060767,0.0002147,0.005295,0.0012154,0.0007533,0.0066382,0.0041127,0.0020157,3.8702e-05,0.0012896,3.611e-05,0.00093641,0.00077435,0.00054479,0.00021953,0.0018331,1.863e-06,0.00051561,0.0028454,0.00036543,0.00050252,5.7774e-05,0.0039941,0.00079264,0.0069227,0.0001221,0.00029083,0.0027186,0.00053986,0.00088382,0.00012985,8.6811e-06,0.00064056,0.0019107,0.00023674,0.0011132,0.00057229,0.00016092,0.0029743,0.00048731,0.00022375,0.00013736,9.9252e-06,3.0803e-05,0.0027316,4.8617e-05,8.4161e-08,0.00014206,0.0059244,1.5572e-08,0.00094347,1.249e-06,9.3505e-07,0.00047121,3.4918e-05,0.00038498,9.2603e-05,0.00021105,0.00036284,0.0011534,0.00045994,0.00014861,3.7086e-09,0.001016,0.0015078,0.0010251,0.00010341,0.00029872,0.0021497,0.002899,0.00011499,0.0016408,2.6381e-06,0.00017929,7.8409e-07,5.0929e-06,3.653e-06,0.00055881,0.00016876,2.8462e-06,0.00020731,2.9318e-07,0.0036522,0.0023487,0.00019708,0.0019429,0.0022265,1.835e-06,0.0009638,0.00097014,1.0791e-05,1.7776e-05,0.00010244,0.00027631,2.9304e-05,2.8064e-05,0.00023203,1.9501e-08,1.2522e-05,4.0892e-05,0.00038611,2.8287e-06,0.0053821,6.4259e-05,0.00022756,0.00084551,0.00023646,3.4202e-06,4.6526e-05,0.00025568,0.00012391,0.00055711,3.2014e-05,3.0101e-06,0.00021019,0.00059497,0.0024301,0.00049032
1.7853e-05,0.0011155,4.1874e-05,0.00037128,0.0021232,0.0020735,0.000669,0.0014455,0.0041629,1,0.0056034,0.00043725,0.0006636,0.00071711,0.0070462,0.00064398,0.00052071,0.007804,0.0029602,0.0016166,0.00017053,0.0075213,0.0089458,0.0064299,0.00074495,0.0042257,0.0020443,0.0043189,0.001266,0.012932,0.0043294,0.0053024,0.0023077,0.00015149,0.0031001,0.00038347,0.0084324,0.0050059,0.0053909,0.003272,0.0097611,8.9414e-05,0.00325,0.0066048,0.00037424,0.00039392,4.3339e-05,0.011855,0.0020087,0.003685,0.00019499,0.00044644,0.021429,0.0017407,0.011621,0.0006701,6.132e-05,0.0013569,0.012671,0.0058241,0.0046067,0.00062655,0.0014224,0.0051169,0.0032874,0.00017864,0.0007709,5.6379e-06,5.7417e-05,0.0055361,0.00065988,1.4863e-06,0.00075001,0.0033887,2.0665e-07,0.0037837,1.3334e-06,9.0646e-07,8.3644e-05,0.00033315,0.001311,0.0001715,0.00038693,0.0010689,0.0020553,0.00023182,0.00036437,4.6241e-08,8.63e-05,0.0012349,0.00063714,0.00076245,0.00066352,0.00060775,0.0023658,0.00086082,0.00039119,5.3038e-06,2.6284e-05,1.6524e-06,0.00010882,4.2724e-05,0.0034901,0.00039014,1.4371e-05,0.00042974,3.1405e-07,0.000622,0.0051861,0.00041088,0.00036197,0.0014519,1.1953e-05,0.00021222,0.0019641,1.6061e-05,8.7023e-05,0.00013959,0.0030056,0.00015778,0.00039294,0.00070516,1.6329e-08,1.0392e-05,1.6558e-05,7.9773e-05,9.258e-06,0.0010732,0.0017773,0.0039822,0.0010804,0.000514,7.1199e-06,3.6431e-05,0.0013304,2.4245e-05,0.0010005,0.00010629,4.8595e-06,0.0007106,0.0043055,0.0073068,0.0001108
1.0858e-05,0.00051195,1.7682e-05,0.00015107,0.0017124,0.0010306,0.00029729,0.00065334,0.00040145,0.0056034,1,0.00010274,0.00031243,0.00081755,0.0039681,0.00043289,0.0014375,0.0028368,0.0043453,0.00039671,4.2044e-05,0.0050568,0.0053219,0.028542,0.00069196,0.005042,0.002195,0.0026067,0.0030565,0.0057139,0.00081848,0.014158,0.00044816,6.6264e-05,0.011644,0.00066204,0.0080858,0.0023943,0.007038,0.0038802,0.0035102,0.00039252,0.019327,0.0022472,0.00068942,0.0002278,6.4674e-06,0.0091661,0.0010459,0.0012335,8.0241e-05,0.00074557,0.0028726,0.0019234,0.020062,0.00086535,3.0762e-05,0.0063167,0.011193,0.0078706,0.0056751,0.0010676,0.0028658,0.0046535,0.0090249,0.00027055,0.00019015,2.2604e-06,1.0559e-05,0.0039038,0.0031845,1.7019e-06,0.0019269,0.00093548,4.3516e-07,0.0025179,3.0136e-07,5.434e-07,6.2498e-05,0.00010372,0.00026376,3.4047e-05,0.00010419,0.00017442,0.00078443,2.699e-05,0.00030906,5.4425e-08,2.1841e-05,0.00051986,0.00042322,0.00031547,0.00019319,0.00033017,0.00076654,0.00031931,0.00072056,3.0293e-06,4.7958e-06,3.2433e-07,0.00041376,0.00014904,0.0020653,0.00198,4.2266e-05,8.9248e-05,1.0036e-07,0.00012687,0.0010004,0.00046401,0.00012646,0.0005127,1.4887e-05,5.5844e-05,0.001044,1.0542e-05,0.00020559,0.00013845,0.0016838,0.00019238,0.0014656,0.00083535,1.1527e-08,4.1425e-06,1.3042e-05,5.2948e-05,1.3288e-05,0.00019114,0.002122,0.004744,0.00044278,6.9972e-05,1.6898e-05,3.1761e-05,0.0095932,8.6032e-06,0.00047306,0.00017888,4.5858e-06,0.00047496,0.0010082,0.012482,9.1433e-05
0.00026161,0.0066005,0.00057413,1.5327e-05,6.3391e-05,6.5732e-05,9.4145e-05,5.4927e-05,0.00013159,0.00043725,0.00010274,1,9.3881e-05,4.4338e-05,1.833e-05,1.4346e-05,2.0637e-05,0.00027056,0.00064762,0.00020315,0.00039062,0.0028059,0.00035835,0.00017569,5.3457e-05,0.00035428,0.0010817,0.0001729,1.2589e-05,0.00096568,0.00082975,0.00013483,0.0010606,0.0018984,0.00013544,0.00010687,0.0021558,0.0012572,0.0014908,0.0017549,0.00032218,9.0077e-06,2.8264e-05,0.00016489,2.9037e-05,8.251e-05,8.4764e-05,0.00088823,0.00034946,7.6014e-05,0.00020291,2.6811e-06,0.00074876,0.00037969,0.00011238,0.0002472,0.00016203,5.5752e-05,0.00036056,0.0011622,0.00071952,2.2848e-05,0.00052177,9.0458e-05,0.00011287,5.6011e-06,0.0016211,1.2264e-05,0.00029533,0.00076051,3.2676e-06,6.7513e-07,5.2927e-05,4.5176e-05,1.5147e-09,7.9773e-05,1.6406e-06,3.1014e-07,2.4363e-06,2.9748e-05,6.969e-05,4.3318e-05,0.00025226,2.9538e-05,0.00097863,0.00018294,7.5782e-05,7.1176e-10,2.0072e-05,4.4624e-05,5.6283e-05,4.8073e-06,0.00021306,2.2526e-05,0.00087818,0.00067337,1.2578e-05,4.0434e-06,8.2812e-05,9.3708e-07,6.8551e-06,1.0575e-05,0.0005257,9.8105e-06,2.7744e-06,1.7277e-05,4.5913e-07,1.3099e-05,0.0012977,1.4191e-05,0.00010524,0.00012993,5.0922e-05,0.00016123,4.2172e-05,1.4852e-05,3.1741e-05,5.7288e-05,7.0884e-05,6.7362e-07,2.5536e-05,0.00027012,1.5044e-08,1.9913e-07,9.8299e-05,3.3492e-06,5.8648e-06,1.3443e-05,9.6575e-05,6.7267e-05,1.0096e-05,0.0010992,3.4252e-05,1.259e-06,0.00014288,5.5031e-06,6.746e-06,1.0042e-05,3.1961e-06,0.0021492,2.0522e-05,0.00026008,2.9109e-05
8.1265e-05,0.00021473,1.3531e-05,0.0035948,0.018475,6.9615e-05,0.049573,0.00038185,0.00083893,0.0006636,0.00031243,9.3881e-05,1,0.039261,7.8354e-05,8.4053e-05,6.0253e-05,0.00053447,0.0050287,0.015424,5.8088e-05,0.00071159,0.00047046,0.00049548,0.094139,0.00089449,0.00063629,0.00090253,0.00014845,0.00045504,0.00057429,0.00097091,0.00029821,3.9474e-05,0.00030311,4.022e-05,0.00041062,0.0015014,0.00038379,0.00029922,0.00032032,4.6944e-06,0.00013935,0.00028424,0.030535,0.036458,3.0823e-05,0.00060675,0.00078696,0.00055366,0.00034004,0.00060624,0.00049884,0.0016709,0.00028719,0.00014559,1.4666e-05,0.00043771,0.00051172,0.00028445,0.00034571,6.3519e-05,0.00012857,0.00067395,0.00032326,5.548e-05,8.7837e-05,7.2477e-06,2.8787e-05,0.00066487,2.2737e-05,2.268e-07,0.00017951,0.0013855,1.4345e-08,0.0033412,3.4179e-06,2.4196e-05,0.0010993,3.916e-05,0.00020509,0.00014418,7.7631e-05,0.00015511,0.0002156,0.00016298,0.00044161,4.7942e-09,4.1656e-05,0.0013651,0.00021131,9.4089e-05,0.0066563,0.0001213,0.0013264,0.00028946,0.00024486,0.00017082,4.4377e-05,6.9877e-07,1.061e-05,6.0662e-06,0.00021174,0.00010536,1.7877e-06,0.00012348,4.2867e-07,0.00031819,0.010487,5.4205e-05,0.00015552,0.00019056,2.3525e-06,6.4374e-05,0.00018203,2.4185e-05,1.969e-05,6.8478e-05,0.00012086,2.1729e-05,2.9793e-05,0.0018104,1.5823e-06,1.5133e-06,6.8549e-05,3.0536e-05,1.8721e-05,0.00022532,9.0552e-05,0.00011719,4.3872e-05,0.00015006,2.4368e-06,3.4747e-06,0.00021942,0.0012202,5.7478e-05,6.5355e-05,0.00014365,0.00036227,0.00062592,0.00040189,3.2727e-05
1.7344e-05,0.00016599,6.0579e-06,0.0026986,0.01657,0.00013631,0.014262,0.0018298,0.0011177,0.00071711,0.00081755,4.4338e-05,0.039261,1,0.00016682,0.00056929,0.00060985,0.0014858,0.0046041,0.0099651,2.6658e-05,0.00075287,0.0016425,0.00086723,0.16242,0.0018053,0.00038925,0.0037672,0.00098416,0.00045036,0.0013334,0.0025637,0.00046362,1.9172e-05,0.00087136,3.2886e-05,0.00049179,0.00070598,0.00047755,0.00022343,0.00099465,3.0949e-06,0.00078084,0.0010253,0.033294,0.024978,1.5161e-05,0.0010638,0.0013586,0.0020418,0.00017239,0.0015469,0.00035141,0.0012292,0.00056659,7.4939e-05,4.7431e-06,0.0021213,0.00093963,0.00039349,0.00086389,0.00036213,0.00011036,0.0034489,0.00051348,0.00049781,4.5003e-05,4.5598e-06,1.12e-05,0.0012945,4.2554e-05,7.1411e-08,0.00029776,0.004771,1.813e-08,0.0059485,1.0925e-06,1.4584e-05,0.0035056,1.8475e-05,0.00012284,6.8319e-05,4.1514e-05,0.00012008,0.00020916,0.00015369,0.00037622,3.1609e-09,0.00014607,0.0020028,0.00061853,0.0001034,0.0026005,0.00059436,0.001609,0.00034933,0.0017149,3.1212e-05,3.6788e-05,2.8126e-07,1.5149e-05,4.2912e-06,0.00040604,0.00030884,9.2802e-06,8.4147e-05,1.7019e-07,0.0012307,0.0056582,0.00013961,0.000569,0.00066627,8.7536e-07,0.00012475,0.00045819,1.6366e-05,3.2923e-05,0.0003183,0.00013108,3.9749e-05,0.00011512,0.00094333,4.104e-07,3.2504e-06,7.4184e-05,0.00010497,8.4286e-06,0.00055102,5.5231e-05,0.00013277,0.00019178,6.6663e-05,2.3483e-06,7.5129e-06,0.00069255,0.00027011,0.00014063,4.5745e-05,5.236e-05,0.00036668,0.00054602,0.00081399,0.00017887
8.3694e-07,5.1392e-05,2.3872e-06,0.00017236,0.00061469,0.00097732,5.6155e-05,0.00092198,0.00059228,0.0070462,0.0039681,1.833e-05,7.8354e-05,0.00016682,1,0.0010954,0.00085134,0.0029444,0.00024589,0.00014161,9.4692e-06,0.00047055,0.0026608,0.0030703,0.00014394,0.00055974,0.00011067,0.0025361,0.0032708,0.00136,0.00057367,0.0019628,0.00017304,8.1526e-06,0.0023539,8.1212e-05,0.00086321,0.00029645,0.0004363,0.00023541,0.0024679,5.3836e-05,0.011603,0.0030769,7.5004e-05,3.4923e-05,3.3018e-06,0.0013363,0.00021921,0.0022997,1.3233e-05,0.0011626,0.0012091,0.00018082,0.020419,0.00017103,5.3435e-06,0.00088162,0.00317,0.00089915,0.00076186,0.0012472,0.00029391,0.0015764,0.0022798,0.00048891,2.3364e-05,4.8012e-07,2.8479e-06,0.00088782,0.0067301,6.2376e-07,0.00067335,0.002095,4.2052e-06,0.0019664,1.4165e-07,2.7324e-07,6.8638e-05,0.00010576,0.00040745,2.7927e-05,4.073e-05,0.0004606,0.0002336,2.0954e-05,6.7813e-05,3.509e-07,2.2734e-05,0.00059025,0.00035073,0.0039663,7.2015e-05,0.001159,0.00026796,0.0001094,0.00038289,4.3566e-07,1.8521e-06,3.4545e-07,0.00010242,2.0309e-05,0.0014289,0.00083238,2.8668e-05,0.00044594,4.1386e-08,0.00049576,0.00022139,0.0023608,0.00015686,0.00038021,1.1186e-06,2.4576e-05,0.0033436,1.8257e-06,3.4221e-05,0.00011755,0.0016825,0.0036459,0.0003749,8.9872e-05,2.2915e-09,5.799e-05,1.5836e-06,7.6463e-05,2.0179e-06,0.0010381,0.00047961,0.0064759,0.0024316,3.5935e-05,2.9362e-06,4.1697e-05,0.00060901,2.8182e-06,0.0069162,3.9612e-05,1.0386e-06,8.8674e-05,0.0064479,0.0036799,4.4169e-05
4.0349e-07,6.01e-05,1.3746e-06,3.2711e-05,0.00026547,0.0020625,6.0253e-05,0.063687,0.0012731,0.00064398,0.00043289,1.4346e-05,8.4053e-05,0.00056929,0.0010954,1,0.015624,0.009307,0.00011929,0.00030891,5.5248e-06,0.00022414,0.0088041,0.00024689,0.00019954,0.0016929,2.6068e-05,0.021329,0.032229,0.00020078,0.0047885,0.0034326,0.00062149,5.6505e-06,0.00096127,1.0498e-05,0.00039929,5.2024e-05,0.00026914,3.6267e-05,0.0064155,5.2136e-07,0.0024707,0.012359,6.1677e-05,5.7869e-05,5.6966e-06,0.00072108,0.00045721,0.048411,1.1236e-05,0.00047763,0.00020978,4.5443e-05,0.0010575,1.2123e-05,5.4891e-07,0.0010867,0.0019165,0.00012047,0.0016522,0.031436,2.0271e-05,0.0070354,0.00021621,0.0057557,8.5569e-06,1.4979e-06,2.5142e-06,0.0011934,5.244e-05,7.6214e-09,0.00012851,0.010589,3.0426e-08,0.00057757,7.3703e-08,1.5432e-07,0.00059848,4.3607e-06,4.3102e-05,6.5933e-06,2.1135e-05,0.00011983,0.00015584,8.2695e-05,2.8238e-05,1.2428e-09,0.0025701,0.00075823,0.006503,8.4733e-05,3.3237e-05,0.020282,0.00060588,6.6828e-05,0.0069185,1.8167e-07,1.2265e-05,7.89e-08,5.6045e-06,1.9828e-06,0.00055652,0.00037819,7.7427e-05,4.7824e-05,2.441e-08,0.014247,0.00021764,0.0014009,0.0033013,0.011198,1.4426e-07,0.00072453,0.0079103,1.8817e-06,2.1855e-05,0.0009221,0.00023345,5.8727e-05,0.0001288,3.9907e-05,1.7631e-09,3.6062e-05,1.3415e-05,0.0020764,4.3624e-07,0.0070163,1.5086e-05,0.00024598,0.034572,1.1372e-05,1.0631e-06,0.00011982,0.00042186,5.0442e-06,0.0024063,6.0658e-06,4.2208e-07,4.2566e-05,0.0001652,0.0011411,0.0025881
4.7814e-07,9.9223e-05,2.4374e-06,3.3199e-05,0.0001942,0.00068135,5.8309e-05,0.007148,0.00040381,0.00052071,0.0014375,2.0637e-05,6.0253e-05,0.00060985,0.00085134,0.015624,1,0.0040515,0.00025194,0.00012703,4.5809e-06,0.00031551,0.012744,0.00077152,0.00021275,0.0013286,5.5051e-05,0.010005,0.010462,0.00039406,0.0021604,0.0024637,0.00041115,9.5979e-06,0.003541,2.6388e-05,0.00079937,6.7585e-05,0.00044077,9.973e-05,0.0046488,1.9874e-06,0.0087441,0.0062376,8.3974e-05,6.4005e-05,2.1876e-06,0.0013583,0.0003345,0.00571,1.255e-05,0.00025087,0.00016615,0.00011654,0.0013614,1.6131e-05,9.6436e-07,0.0030999,0.0017285,0.0003768,0.0018974,0.014144,7.7729e-05,0.0069427,0.00048538,0.011594,1.6113e-05,1.2362e-06,1.8487e-06,0.0018677,9.2189e-05,1.7043e-08,0.0002678,0.0021991,4.233e-08,0.00044304,3.8101e-08,1.7205e-07,0.00017588,3.1263e-06,2.0266e-05,3.9377e-06,2.0694e-05,4.0675e-05,0.00013655,3.1179e-05,3.4281e-05,1.8465e-09,0.00035326,0.00024655,0.0017811,4.4499e-05,3.7956e-05,0.0060989,0.00056277,9.8963e-05,0.0046207,1.5087e-07,5.2969e-06,3.4535e-08,1.2534e-05,4.4e-06,0.0013523,0.00036643,0.0004738,2.2624e-05,1.3624e-08,0.0014673,0.00018409,0.00044369,0.0017858,0.0034243,3.2231e-07,0.00020465,0.0020281,3.3751e-06,9.7406e-05,0.0027811,0.00015615,4.7113e-05,0.0010332,4.5165e-05,1.9669e-09,8.6744e-06,1.1495e-05,0.00044824,5.3694e-07,0.00046115,2.7289e-05,0.00021198,0.0046755,9.5935e-06,2.9539e-06,7.0181e-05,0.0019685,1.4415e-06,0.00038956,6.7495e-06,5.7458e-07,0.00011214,0.00010637,0.0013557,0.0025438
9.2647e-06,0.00081686,2.9612e-05,0.00014525,0.001899,0.014067,0.0003261,0.023743,0.0035724,0.007804,0.0028368,0.00027056,0.00053447,0.0014858,0.0029444,0.009307,0.0040515,1,0.0017617,0.0019889,0.00017462,0.0056583,0.050527,0.0019107,0.00092359,0.0078047,0.00058736,0.085846,0.0057507,0.005214,0.043495,0.010655,0.0087163,8.4656e-05,0.0050524,0.00011772,0.0060006,0.00091778,0.0076445,0.0012743,0.057014,9.5839e-06,0.0049822,0.097709,0.00024404,0.00042504,9.3478e-05,0.0070309,0.0082072,0.042312,0.00019648,0.00037097,0.0030643,0.00043096,0.0086328,0.00026523,1.8115e-05,0.0039694,0.016582,0.0022521,0.020772,0.0048581,0.00043335,0.013091,0.0017096,0.002595,0.00018092,6.3734e-06,5.3796e-05,0.010403,0.00012273,1.7805e-07,0.00054422,0.013466,3.3598e-08,0.0033451,1.1843e-06,9.6793e-07,0.00025745,8.0046e-05,0.00048843,0.00011477,0.00013177,0.00075858,0.001978,0.00091209,0.00028627,4.1521e-09,0.0016776,0.0026877,0.017212,0.00024545,0.0004893,0.0074133,0.0050015,0.0010507,0.0019309,2.1665e-06,8.7186e-05,8.7497e-07,3.3704e-05,1.1315e-05,0.0060867,0.00045069,0.00011575,0.00036034,2.4548e-07,0.0070546,0.0035851,0.0012043,0.0060878,0.01523,2.592e-06,0.0013816,0.0051449,1.4198e-05,0.00011181,0.0033447,0.0045308,6.3951e-05,0.00037856,0.00060775,9.7717e-09,1.3581e-05,0.00012474,0.00021131,4.009e-06,0.0038479,0.00027555,0.00095885,0.0060478,0.00020665,8.6698e-06,3.3779e-05,0.0023932,1.7767e-05,0.001883,2.5557e-05,2.8753e-06,0.0009452,0.0006805,0.0078429,0.0011748
0.00030704,0.0060284,0.0002556,0.0008448,0.0065882,0.00029424,0.0055926,0.00047407,0.0013618,0.0029602,0.0043453,0.00064762,0.0050287,0.0046041,0.00024589,0.00011929,0.00025194,0.0017617,1,0.0061328,0.00068142,0.010226,0.0026425,0.017247,0.0070731,0.0064839,0.0082251,0.002026,0.00041117,0.0078812,0.0026837,0.0046676,0.002436,0.00051802,0.0052291,0.00082892,0.0067431,0.011326,0.0055821,0.0069562,0.001005,4.9631e-05,0.00061804,0.00096331,0.0065515,0.0097666,0.00014026,0.01407,0.0024327,0.00081171,0.0019848,0.00027548,0.0054597,0.014808,0.0021327,0.0028199,0.00034149,0.0036546,0.0053575,0.0025384,0.0025804,0.00015563,0.0048939,0.0032001,0.0055883,8.5973e-05,0.0022809,3.2817e-05,0.00029318,0.0094209,0.00011766,2.5988e-06,0.0015171,0.0009028,2.2383e-08,0.0021276,1.1591e-05,1.0498e-05,0.00021126,0.00024084,0.0010032,0.00049656,0.00029314,0.00054876,0.00076518,0.00037674,0.0022425,1.1428e-08,4.695e-05,0.001789,0.00034219,0.00014403,0.002925,0.00017995,0.0061357,0.00072789,0.000346,8.1397e-05,0.00013642,3.5222e-06,8.4473e-05,4.7948e-05,0.00078351,0.00035849,6.0061e-06,0.00026065,2.1424e-06,0.00015109,0.012708,6.5778e-05,0.00022412,0.00046891,4.8258e-05,0.00010302,0.00024968,9.0109e-05,0.00013865,0.00011123,0.00073205,2.4238e-05,0.00017515,0.0052633,2.7496e-07,1.6123e-06,0.00025943,1.962e-05,0.00010287,0.00025016,0.00073493,0.00028463,6.1113e-05,0.0011374,1.6541e-05,4.6817e-06,0.0023273,0.00016608,0.00011108,0.00018719,3.8047e-05,0.0017263,0.0006596,0.0033988,5.4235e-05
7.3919e-05,0.00062826,2.4e-05,0.0010653,0.0081662,0.00038469,0.014898,0.0012583,0.0026084,0.0016166,0.00039671,0.00020315,0.015424,0.0099651,0.00014161,0.00030891,0.00012703,0.0019889,0.0061328,1,0.00041181,0.002011,0.0010422,0.00063939,0.012784,0.0038246,0.00071275,0.0021469,0.00052936,0.0006928,0.0028494,0.0020815,0.0013152,6.5193e-05,0.00035529,4.5687e-05,0.0005674,0.0017073,0.00088743,0.00056452,0.0010861,4.3687e-06,0.00017493,0.001256,0.0050116,0.0172,0.00018054,0.001416,0.0019768,0.0018072,0.00042086,0.00033857,0.0010739,0.0010986,0.00036673,0.00022615,2.4953e-05,0.0009092,0.0010555,0.00053006,0.0009969,0.00015707,0.00011851,0.0023695,0.00028092,8.9242e-05,0.00016459,1.1819e-05,8.4733e-05,0.0018573,1.9886e-05,2.3668e-07,0.00016363,0.0031364,7.0453e-09,0.0020781,9.9567e-06,1.0904e-05,0.00055597,0.00010919,0.00064033,0.0005487,8.8955e-05,0.00038054,0.00044684,0.0019426,0.00042193,2.4226e-09,0.00024397,0.0037251,0.00075687,0.00011751,0.0040945,0.00023654,0.0028781,0.0005296,0.00033207,0.00011503,0.00021779,3.7312e-06,7.4064e-06,3.3425e-06,0.00030787,0.00010943,2.1404e-06,0.00021679,1.489e-06,0.0011128,0.012039,0.00013109,0.00037329,0.00060071,2.4411e-06,0.0003031,0.00032388,1.3705e-05,1.7089e-05,0.00010493,0.00041354,1.4104e-05,3.3859e-05,0.00081342,4.1154e-07,1.5499e-06,0.00038739,3.1111e-05,1.7063e-05,0.0011593,9.3355e-05,0.00014711,0.0001495,0.00059164,1.598e-06,3.4778e-06,0.00027417,0.00042407,0.00019854,2.3641e-05,3.4417e-05,0.00043096,0.00055567,0.00084451,9.2274e-05
0.00061731,0.0018987,0.0012935,2.4981e-05,0.00013584,0.00014435,0.00012159,1.9903e-05,5.7499e-05,0.00017053,4.2044e-05,0.00039062,5.8088e-05,2.6658e-05,9.4692e-06,5.5248e-06,4.5809e-06,0.00017462,0.00068142,0.00041181,1,0.0011151,6.0947e-05,0.00013891,4.4002e-05,0.00018922,0.00075067,7.6094e-05,9.9408e-06,0.00041045,0.00027601,7.7338e-05,0.0010183,0.00099517,6.3621e-05,7.512e-05,0.00017756,0.0003842,0.00068623,0.00097852,8.7879e-05,8.0099e-06,9.7221e-06,0.00011087,3.6119e-05,0.00013939,0.0041238,0.0003316,0.00073515,3.4591e-05,0.0014852,3.6106e-06,0.00047917,0.00026857,6.0282e-05,0.0011146,0.001663,0.00011187,0.00023742,0.0001334,0.00020957,4.8004e-06,0.00025379,6.0224e-05,0.00010817,2.745e-06,0.00092448,7.5272e-05,0.0030882,0.00015164,1.6673e-06,6.2266e-06,4.4554e-05,4.4911e-05,1.2099e-09,6.0512e-05,0.00022664,4.1233e-06,3.3671e-06,0.00052264,0.00090845,0.001459,5.5652e-05,0.00028947,0.00014188,0.0026765,0.00050976,1.7398e-09,1.1429e-05,0.00021582,5.2738e-05,1.6564e-05,0.00040615,9.9207e-06,0.0005687,0.00028767,4.9236e-06,7.7891e-05,0.00060051,0.00016022,7.7746e-06,4.4928e-06,6.1266e-05,8.1991e-06,1.1134e-06,9.9763e-05,7.2986e-05,1.4162e-05,0.00094264,4.0509e-06,2.428e-05,3.2736e-05,5.8908e-05,1.8811e-05,1.2737e-05,2.4532e-05,2.6041e-05,1.2078e-05,0.00054226,6.2251e-07,1.1669e-05,0.0002911,1.1015e-07,1.3064e-07,0.00020678,3.8476e-07,7.7507e-05,2.6574e-05,0.0001626,1.3183e-05,5.9991e-06,0.0027065,3.5751e-06,1.0475e-07,4.9739e-05,1.2747e-05,1.433e-05,6.9411e-06,4.9883e-06,0.00037354,2.8454e-05,8.5245e-05,3.3433e-06
0.00026035,0.006284,0.00018606,0.00014872,0.0019845,0.0013153,0.0006757,0.00071251,0.0012098,0.0075213,0.0050568,0.0028059,0.00071159,0.00075287,0.00047055,0.00022414,0.00031551,0.0056583,0.010226,0.002011,0.0011151,1,0.0046809,0.0050638,0.00093337,0.0093948,0.010325,0.0030981,0.00047143,0.0076808,0.0058491,0.0086368,0.0057367,0.00075539,0.003982,0.00068978,0.013944,0.015511,0.023714,0.01482,0.006077,8.3422e-05,0.001197,0.0030244,0.00069595,0.0006919,0.0001791,0.019153,0.0035309,0.0012515,0.00089626,0.00013104,0.007286,0.0050121,0.002904,0.002797,0.00022042,0.0031256,0.010241,0.012454,0.017201,0.00023902,0.0047822,0.0029157,0.0026008,8.51e-05,0.001341,1.5391e-05,0.00024572,0.0053828,7.1334e-05,1.9759e-06,0.00043017,0.00103,2.0411e-08,0.002543,3.2588e-06,1.4064e-06,2.7928e-05,0.00022848,0.00094124,0.00020684,0.00034911,0.00035933,0.011373,0.00050618,0.00069599,6.7268e-09,0.00010305,0.0010468,0.00063733,9.7018e-05,0.0010604,0.00025366,0.004481,0.0016142,0.00022146,2.2129e-05,0.00013866,2.7221e-06,6.6352e-05,5.7459e-05,0.0038753,0.00025404,1.5081e-05,0.00014425,1.1447e-06,0.00016221,0.0095938,0.00017536,0.0004265,0.001141,7.4032e-05,0.00040941,0.00042308,2.4162e-05,0.0001866,0.00018264,0.0025087,1.1613e-05,0.00029403,0.0045149,3.6362e-08,2.3678e-06,0.00017361,1.9556e-05,4.5648e-05,0.00024845,0.0020603,0.0013252,0.00019317,0.0013801,5.1298e-05,7.052e-06,0.0016014,3.0156e-05,0.00021521,0.00014698,6.5647e-06,0.0065187,0.00040951,0.0034115,0.00020488
6.8424e-06,0.0012931,2.3597e-05,0.00010523,0.00099012,0.0037143,0.00029814,0.024154,0.0053646,0.0089458,0.0053219,0.00035835,0.00047046,0.0016425,0.0026608,0.0088041,0.012744,0.050527,0.0026425,0.0010422,6.0947e-05,0.0046809,1,0.0040135,0.00092392,0.0095542,0.00057564,0.053136,0.0068989,0.0056832,0.036055,0.015405,0.0062176,8.4598e-05,0.014204,0.00019167,0.017285,0.0013841,0.0057913,0.0011477,0.034678,9.8394e-06,0.0085232,0.032896,0.00028943,0.0003632,2.599e-05,0.016828,0.0034904,0.036907,0.00011897,0.00034419,0.0042623,0.0006584,0.0098909,0.00018967,1.3641e-05,0.0036363,0.016034,0.003069,0.022838,0.0086578,0.00082949,0.02687,0.0025726,0.0017263,0.00027874,6.0879e-06,2.7399e-05,0.032969,0.00025204,1.3813e-07,0.00070542,0.0058224,3.3479e-08,0.001744,4.3424e-07,3.4469e-07,0.00024179,2.804e-05,0.00019942,4.5154e-05,0.00013562,0.00027153,0.001618,0.00027891,0.00017481,3.6952e-09,0.0013515,0.00088679,0.0041562,0.00010826,0.00021537,0.0076983,0.0047375,0.00049062,0.0044939,1.0437e-06,5.8707e-05,2.6038e-07,3.3184e-05,1.5133e-05,0.0043782,0.0004203,8.3498e-05,0.00011484,1.0295e-07,0.002874,0.0029559,0.00072953,0.0051024,0.028899,3.3661e-06,0.0019241,0.0038233,1.357e-05,0.00012359,0.0020879,0.001287,5.6859e-05,0.00044768,0.000519,5.9643e-09,8.8511e-06,7.3514e-05,0.00075698,2.4724e-06,0.0018677,0.00020134,0.00083304,0.0049427,0.0001104,1.2844e-05,0.00015514,0.0033121,1.5332e-05,0.00071748,3.1959e-05,1.913e-06,0.00070709,0.00044836,0.01507,0.0020549
3.1302e-05,0.0020908,9.9346e-05,0.00059809,0.0028363,0.000471,0.00069456,0.00045743,0.00080171,0.0064299,0.028542,0.00017569,0.00049548,0.00086723,0.0030703,0.00024689,0.00077152,0.0019107,0.017247,0.00063939,0.00013891,0.0050638,0.0040135,1,0.00103,0.0041806,0.0032126,0.0024961,0.0015063,0.013892,0.0014376,0.0073684,0.0010213,0.00029589,0.02968,0.0018781,0.0094766,0.0039832,0.0038532,0.0037649,0.001364,0.00018056,0.0046325,0.0014663,0.0011593,0.00050151,2.5932e-05,0.029573,0.0010082,0.00098182,0.00038318,0.0006963,0.007877,0.010351,0.023027,0.0044753,0.00018906,0.0083041,0.018764,0.0030378,0.0020432,0.00045191,0.01322,0.0039322,0.061517,0.00018836,0.00082788,1.3957e-05,6.6161e-05,0.0064131,0.0019433,5.4006e-06,0.0093779,0.0011174,4.4526e-07,0.0027138,1.754e-06,2.6126e-06,0.00013079,0.00028887,0.001246,0.00015903,0.00033492,0.0010129,0.00058825,6.5559e-05,0.0014905,1.3935e-07,1.7751e-05,0.0014693,0.00029883,0.00098628,0.00054983,0.00039551,0.0031309,0.00034251,0.0005,7.6172e-06,1.7496e-05,1.6645e-06,0.00054877,0.00025694,0.0017864,0.0020568,2.0183e-05,0.0004743,5.92e-07,0.00011856,0.0019787,0.00021138,0.00017233,0.0003939,4.4921e-05,2.8659e-05,0.000887,4.3629e-05,0.00038671,0.00010321,0.001664,0.00026437,0.00099,0.0015463,3.8271e-08,8.3551e-06,1.8563e-05,2.8794e-05,7.3589e-05,0.00031796,0.0025678,0.0019979,0.00018118,0.00044628,2.088e-05,1.2282e-05,0.0058524,2.2538e-05,0.00056118,0.00048494,9.9625e-06,0.00073131,0.0026853,0.0076161,3.6196e-05
3.7129e-05,0.00019123,8.374e-06,0.0048438,0.031548,8.7154e-05,0.025104,0.00074078,0.0011003,0.00074495,0.00069196,5.3457e-05,0.094139,0.16242,0.00014394,0.00019954,0.00021275,0.00092359,0.0070731,0.012784,4.4002e-05,0.00093337,0.00092392,0.00103,1,0.0014313,0.00060059,0.0018388,0.00042963,0.00055131,0.00087376,0.0020822,0.00035297,2.4774e-05,0.00076466,5.0507e-05,0.00043676,0.0013761,0.00041747,0.00028621,0.00054093,5.1267e-06,0.00047358,0.000541,0.091877,0.04566,2.3962e-05,0.00099885,0.0010872,0.0009669,0.00028824,0.0016174,0.00045323,0.0023377,0.00050771,0.00013596,9.4831e-06,0.0016543,0.0007723,0.00041143,0.00053545,0.0001427,0.00017133,0.0018736,0.00060615,0.00018373,5.8844e-05,5.3155e-06,1.6823e-05,0.00089689,4.1859e-05,1.6522e-07,0.00030518,0.002754,2.1157e-08,0.0058732,2.4096e-06,2.3677e-05,0.0020796,3.326e-05,0.00020278,0.00013894,5.3267e-05,0.00015379,0.0002444,0.00017106,0.00049323,5.8464e-09,6.7628e-05,0.0021366,0.00035588,0.00013556,0.0049317,0.00028071,0.0014731,0.00030583,0.00074982,8.5101e-05,4.1133e-05,5.5208e-07,1.5688e-05,5.3176e-06,0.00036633,0.00023782,3.8999e-06,0.00012846,3.1798e-07,0.0006026,0.0081448,8.6134e-05,0.00029817,0.00029577,1.5971e-06,6.4786e-05,0.00028199,2.0674e-05,2.6312e-05,0.00014303,0.00014773,3.9066e-05,6.3815e-05,0.0013053,9.2709e-07,2.6717e-06,6.4163e-05,4.3437e-05,1.8359e-05,0.00039143,8.8899e-05,0.00013688,8.4297e-05,0.00011036,2.549e-06,4.7064e-06,0.00045853,0.00053996,0.00010804,7.6317e-05,0.00011703,0.00041982,0.00081209,0.00063116,7.1197e-05
3.3799e-05,0.0036492,4.7697e-05,0.00011469,0.002397,0.0026872,0.0012079,0.0056017,0.0060767,0.0042257,0.005042,0.00035428,0.00089449,0.0018053,0.00055974,0.0016929,0.0013286,0.0078047,0.0064839,0.0038246,0.00018922,0.0093948,0.0095542,0.0041806,0.0014313,1,0.0021415,0.010114,0.0048513,0.003306,0.0073186,0.033064,0.0032615,0.00023467,0.0043905,0.00017478,0.0058304,0.0021439,0.006332,0.0019465,0.0039111,1.1577e-05,0.0014674,0.0066876,0.00089343,0.00065063,6.2564e-05,0.016592,0.0022507,0.006223,0.00023371,0.00037556,0.0057004,0.0022859,0.0027787,0.0004921,2.5441e-05,0.005358,0.014493,0.0010589,0.0060131,0.0012099,0.0006397,0.0071356,0.0019149,0.00029509,0.00048862,2.7693e-05,6.7702e-05,0.0057722,8.7711e-05,2.4125e-07,0.00051472,0.0054761,2.3239e-08,0.0015348,9.0253e-07,8.6871e-07,0.00024562,5.862e-05,0.00038949,5.6056e-05,0.00069842,0.0004225,0.0025254,0.00033433,0.00053316,3.507e-09,0.00042353,0.0021897,0.0031524,9.4834e-05,0.00058479,0.00085798,0.0075778,0.00031712,0.0018037,6.4892e-06,9.6703e-05,8.1182e-07,3.0653e-05,4.0525e-05,0.0026991,0.0011293,1.336e-05,0.00011703,4.4518e-07,0.00090224,0.0042608,0.00022514,0.0010238,0.0025592,1.5307e-05,0.00088998,0.001822,5.0631e-05,0.00014509,0.00016815,0.0012055,1.9645e-05,0.000209,0.00085461,3.6865e-08,5.9449e-06,0.00010467,0.00016484,1.5384e-05,0.0014959,0.00035421,0.0012689,0.00095094,0.00039059,1.3504e-05,4.1408e-05,0.0017667,8.0094e-05,0.00056233,0.00013098,4.2516e-06,0.00051145,0.00049793,0.0065524,0.00050425
