1,0.99871,0.99898,0.99801,0.99668,0.99339,0.99571,0.99473,0.99994,0.99919,0.99975,0.99573,0.99991,0.99961,0.99638,0.99991,0.99718,0.99684,0.99976,0.99989,0.9988,0.99889,0.99992,0.99988,0.99909,0.99592,0.9993,0.99553,0.99624,0.99682,0.99767,0.99912,0.99464,0.99798,0.99553,0.99943,0.99675,0.99808,0.99987,0.99445,0.99584,0.99667,0.99745,0.99849,0.99965,0.9975,0.99855,0.99761,0.99546,0.99493,0.99969
0.99871,1,0.99965,0.99675,0.99541,0.99212,0.99444,0.99346,0.99874,0.99791,0.9985,0.99446,0.99873,0.99834,0.99511,0.99872,0.99592,0.99556,0.99856,0.99869,0.99753,0.99761,0.99874,0.99866,0.99783,0.99465,0.99806,0.99426,0.99497,0.99554,0.99641,0.99786,0.99337,0.99673,0.99426,0.99815,0.99548,0.99681,0.99872,0.99318,0.99457,0.9954,0.99619,0.99722,0.99884,0.99623,0.99728,0.99633,0.99419,0.99366,0.99866
0.99898,0.99965,1,0.99703,0.99569,0.9924,0.99472,0.99374,0.999,0.99818,0.99877,0.99474,0.99899,0.99861,0.99539,0.99899,0.9962,0.99584,0.99884,0.99895,0.9978,0.99788,0.999,0.99893,0.99811,0.99494,0.99834,0.99454,0.99525,0.99582,0.99669,0.99815,0.99365,0.99701,0.99454,0.99842,0.99576,0.99709,0.999,0.99346,0.99485,0.99568,0.99647,0.9975,0.99911,0.99652,0.99756,0.99661,0.99447,0.99394,0.99893
0.99801,0.99675,0.99703,1,0.99864,0.99535,0.99767,0.99669,0.99798,0.99881,0.99823,0.99768,0.99799,0.99838,0.99834,0.99801,0.99915,0.99878,0.99817,0.99804,0.99918,0.99909,0.99798,0.99807,0.99889,0.99789,0.99868,0.99748,0.99821,0.99875,0.99951,0.99886,0.9966,0.99964,0.99749,0.99857,0.9987,0.99975,0.998,0.99641,0.99781,0.99859,0.99938,0.9995,0.99786,0.99941,0.99941,0.99953,0.99742,0.99689,0.99806
0.99668,0.99541,0.99569,0.99864,1,0.9967,0.99901,0.99804,0.99665,0.99748,0.99689,0.99903,0.99666,0.99705,0.99966,0.99667,0.99944,0.99977,0.99683,0.9967,0.99786,0.99778,0.99665,0.99673,0.99756,0.9992,0.99733,0.99883,0.99953,0.99976,0.99894,0.99752,0.99795,0.9986,0.99883,0.99724,0.9998,0.99858,0.99666,0.99775,0.99915,0.99958,0.99916,0.99817,0.99652,0.9991,0.99811,0.99906,0.99877,0.99824,0.99671
0.99339,0.99212,0.9924,0.99535,0.9967,1,0.99766,0.99864,0.99336,0.99419,0.9936,0.99765,0.99337,0.99376,0.99699,0.99339,0.99618,0.99654,0.99354,0.99341,0.99457,0.99449,0.99336,0.99344,0.99427,0.99744,0.99404,0.99784,0.99713,0.99656,0.99568,0.99423,0.99874,0.99534,0.99784,0.99395,0.99662,0.99529,0.99337,0.99892,0.99753,0.99666,0.9959,0.99488,0.99323,0.99585,0.99482,0.99577,0.99792,0.99844,0.99343
0.99571,0.99444,0.99472,0.99767,0.99901,0.99766,1,0.999,0.99568,0.99651,0.99592,0.99982,0.99569,0.99608,0.9993,0.99571,0.9985,0.99886,0.99586,0.99573,0.99689,0.99681,0.99568,0.99577,0.99659,0.99966,0.99637,0.99972,0.99943,0.99887,0.99799,0.99655,0.99891,0.99766,0.99974,0.99627,0.99894,0.99761,0.99569,0.99871,0.99977,0.99892,0.99821,0.99721,0.99555,0.99816,0.99714,0.99809,0.9997,0.99919,0.99575
0.99473,0.99346,0.99374,0.99669,0.99804,0.99864,0.999,1,0.9947,0.99554,0.99495,0.99899,0.99471,0.9951,0.99833,0.99473,0.99752,0.99788,0.99488,0.99476,0.99592,0.99584,0.9947,0.99479,0.99561,0.99877,0.99539,0.99917,0.99847,0.9979,0.99702,0.99557,0.9998,0.99668,0.99918,0.99529,0.99797,0.99664,0.99471,0.99966,0.99887,0.99799,0.99724,0.99623,0.99457,0.99719,0.99616,0.99712,0.99926,0.99974,0.99477
0.99994,0.99874,0.999,0.99798,0.99665,0.99336,0.99568,0.9947,1,0.99916,0.99973,0.9957,0.99992,0.99959,0.99636,0.99991,0.99715,0.99681,0.99974,0.99988,0.99878,0.99886,0.99993,0.99986,0.99906,0.99589,0.99927,0.99551,0.99621,0.99679,0.99764,0.99909,0.99461,0.99796,0.99551,0.9994,0.99672,0.99805,0.99987,0.99442,0.99581,0.99664,0.99742,0.99846,0.99967,0.99747,0.99852,0.99758,0.99543,0.9949,0.99968
0.99919,0.99791,0.99818,0.99881,0.99748,0.99419,0.99651,0.99554,0.99916,1,0.99939,0.99653,0.99916,0.99955,0.99719,0.99918,0.99799,0.99764,0.99932,0.99921,0.9996,0.99968,0.99916,0.99924,0.99979,0.99672,0.99973,0.99634,0.99704,0.99762,0.99847,0.99976,0.99544,0.99877,0.99634,0.99972,0.99756,0.99888,0.99916,0.99525,0.99665,0.99747,0.99825,0.99928,0.99899,0.99829,0.99934,0.99841,0.99626,0.99573,0.99918
0.99975,0.9985,0.99877,0.99823,0.99689,0.9936,0.99592,0.99495,0.99973,0.99939,1,0.99594,0.99973,0.99979,0.9966,0.99975,0.9974,0.99705,0.99981,0.99977,0.99902,0.9991,0.99972,0.99981,0.9993,0.99614,0.99951,0.99575,0.99646,0.99703,0.99789,0.99933,0.99485,0.9982,0.99575,0.99963,0.99696,0.99829,0.99973,0.99466,0.99606,0.99688,0.99767,0.9987,0.99953,0.99771,0.99876,0.99782,0.99567,0.99515,0.99967
0.99573,0.99446,0.99474,0.99768,0.99903,0.99765,0.99982,0.99899,0.9957,0.99653,0.99594,1,0.99571,0.9961,0.99933,0.99573,0.99851,0.99889,0.99588,0.99575,0.99691,0.99683,0.9957,0.99578,0.99661,0.99965,0.99638,0.99979,0.99944,0.9989,0.99801,0.99657,0.99891,0.99767,0.99979,0.99629,0.99897,0.99763,0.99571,0.9987,0.99979,0.99895,0.99823,0.99722,0.99557,0.99818,0.99716,0.99811,0.99972,0.99918,0.99576
0.99991,0.99873,0.99899,0.99799,0.99666,0.99337,0.99569,0.99471,0.99992,0.99916,0.99973,0.99571,1,0.99959,0.99636,0.99989,0.99716,0.99682,0.99974,0.99987,0.99878,0.99887,0.99991,0.99986,0.99907,0.9959,0.99928,0.99551,0.99622,0.9968,0.99765,0.9991,0.99462,0.99796,0.99551,0.9994,0.99673,0.99806,0.99985,0.99443,0.99582,0.99665,0.99743,0.99847,0.99966,0.99748,0.99853,0.99759,0.99544,0.99491,0.99969
0.99961,0.99834,0.99861,0.99838,0.99705,0.99376,0.99608,0.9951,0.99959,0.99955,0.99979,0.9961,0.99959,1,0.99676,0.99961,0.99755,0.99721,0.9997,0.99963,0.99917,0.99926,0.99958,0.99966,0.99945,0.99629,0.99962,0.99591,0.99661,0.99719,0.99804,0.99947,0.99501,0.99835,0.99591,0.99977,0.99712,0.99845,0.99958,0.99482,0.99621,0.99704,0.99782,0.99886,0.99939,0.99787,0.99892,0.99798,0.99583,0.9953,0.99955
0.99638,0.99511,0.99539,0.99834,0.99966,0.99699,0.9993,0.99833,0.99636,0.99719,0.9966,0.99933,0.99636,0.99676,1,0.99638,0.99915,0.99954,0.99653,0.99641,0.99757,0.99749,0.99635,0.99644,0.99726,0.99947,0.99704,0.99913,0.99975,0.99954,0.99865,0.99722,0.99824,0.99832,0.99913,0.99694,0.9996,0.99829,0.99637,0.99805,0.99943,0.9995,0.99887,0.99788,0.99622,0.99882,0.99782,0.99877,0.99906,0.99853,0.99642
0.99991,0.99872,0.99899,0.99801,0.99667,0.99339,0.99571,0.99473,0.99991,0.99918,0.99975,0.99573,0.99989,0.99961,0.99638,1,0.99718,0.99683,0.99977,0.99988,0.9988,0.99888,0.99989,0.9999,0.99909,0.99592,0.99931,0.99553,0.99624,0.99681,0.99767,0.99912,0.99464,0.99798,0.99553,0.99942,0.99675,0.99808,0.99987,0.99444,0.99584,0.99667,0.99745,0.99849,0.99968,0.9975,0.99855,0.9976,0.99545,0.99493,0.99972
0.99718,0.99592,0.9962,0.99915,0.99944,0.99618,0.9985,0.99752,0.99715,0.99799,0.9974,0.99851,0.99716,0.99755,0.99915,0.99718,1,0.99956,0.99734,0.99721,0.99836,0.99828,0.99715,0.99724,0.99806,0.99871,0.99785,0.99831,0.99903,0.99952,0.99939,0.99803,0.99742,0.99909,0.99831,0.99774,0.99949,0.99907,0.99717,0.99724,0.99863,0.99932,0.99961,0.99868,0.99703,0.99955,0.99861,0.99953,0.99824,0.99772,0.99723
0.99684,0.99556,0.99584,0.99878,0.99977,0.99654,0.99886,0.99788,0.99681,0.99764,0.99705,0.99889,0.99682,0.99721,0.99954,0.99683,0.99956,1,0.99698,0.99686,0.99802,0.99794,0.99681,0.99689,0.99771,0.99905,0.99748,0.99869,0.99937,0.99988,0.99909,0.99767,0.9978,0.99875,0.99869,0.9974,0.99984,0.99874,0.99682,0.9976,0.99899,0.99957,0.99929,0.99833,0.99667,0.99924,0.99827,0.99922,0.99861,0.99808,0.99687
0.99976,0.99856,0.99884,0.99817,0.99683,0.99354,0.99586,0.99488,0.99974,0.99932,0.99981,0.99588,0.99974,0.9997,0.99653,0.99977,0.99734,0.99698,1,0.99978,0.99894,0.99902,0.99973,0.99982,0.99923,0.99607,0.99946,0.99568,0.99639,0.99696,0.99782,0.99927,0.99479,0.99814,0.99568,0.99954,0.9969,0.99823,0.99973,0.9946,0.99599,0.99681,0.9976,0.99863,0.99958,0.99765,0.99869,0.99775,0.99561,0.99508,0.9997
0.99989,0.99869,0.99895,0.99804,0.9967,0.99341,0.99573,0.99476,0.99988,0.99921,0.99977,0.99575,0.99987,0.99963,0.99641,0.99988,0.99721,0.99686,0.99978,1,0.99883,0.99891,0.99987,0.99988,0.99911,0.99595,0.99933,0.99556,0.99626,0.99684,0.99769,0.99914,0.99466,0.99801,0.99556,0.99944,0.99677,0.9981,0.99984,0.99447,0.99587,0.99669,0.99748,0.99851,0.99965,0.99752,0.99857,0.99763,0.99548,0.99495,0.9997
0.9988,0.99753,0.9978,0.99918,0.99786,0.99457,0.99689,0.99592,0.99878,0.9996,0.99902,0.99691,0.99878,0.99917,0.99757,0.9988,0.99836,0.99802,0.99894,0.99883,1,0.99986,0.99877,0.99886,0.99964,0.9971,0.99942,0.99672,0.99743,0.998,0.99884,0.99958,0.99583,0.99913,0.99672,0.99935,0.99794,0.99926,0.99878,0.99563,0.99703,0.99784,0.99862,0.99965,0.99862,0.99867,0.99969,0.99879,0.99664,0.99612,0.99882
0.99889,0.99761,0.99788,0.99909,0.99778,0.99449,0.99681,0.99584,0.99886,0.99968,0.9991,0.99683,0.99887,0.99926,0.99749,0.99888,0.99828,0.99794,0.99902,0.99891,0.99986,1,0.99886,0.99894,0.9997,0.99702,0.99949,0.99664,0.99734,0.99792,0.99876,0.99965,0.99574,0.99905,0.99664,0.99945,0.99786,0.99917,0.99887,0.99555,0.99695,0.99776,0.99854,0.99957,0.9987,0.99859,0.99962,0.99871,0.99656,0.99603,0.99889
0.99992,0.99874,0.999,0.99798,0.99665,0.99336,0.99568,0.9947,0.99993,0.99916,0.99972,0.9957,0.99991,0.99958,0.99635,0.99989,0.99715,0.99681,0.99973,0.99987,0.99877,0.99886,1,0.99985,0.99906,0.99589,0.99926,0.9955,0.99621,0.99679,0.99764,0.99909,0.99461,0.99795,0.9955,0.9994,0.99672,0.99805,0.99986,0.99442,0.99581,0.99664,0.99742,0.99845,0.99966,0.99747,0.99852,0.99758,0.99543,0.9949,0.99968
0.99988,0.99866,0.99893,0.99807,0.99673,0.99344,0.99577,0.99479,0.99986,0.99924,0.99981,0.99578,0.99986,0.99966,0.99644,0.9999,0.99724,0.99689,0.99982,0.99988,0.99886,0.99894,0.99985,1,0.99915,0.99598,0.99937,0.99559,0.9963,0.99687,0.99773,0.99918,0.9947,0.99804,0.99559,0.99948,0.99681,0.99814,0.99985,0.9945,0.9959,0.99672,0.99751,0.99855,0.99965,0.99756,0.99861,0.99766,0.99551,0.99499,0.99974
0.99909,0.99783,0.99811,0.99889,0.99756,0.99427,0.99659,0.99561,0.99906,0.99979,0.9993,0.99661,0.99907,0.99945,0.99726,0.99909,0.99806,0.99771,0.99923,0.99911,0.99964,0.9997,0.99906,0.99915,1,0.9968,0.99968,0.99641,0.99712,0.99769,0.99854,0.99974,0.99552,0.99884,0.99641,0.99961,0.99763,0.99895,0.99907,0.99533,0.99672,0.99754,0.99833,0.99935,0.99891,0.99837,0.9994,0.99848,0.99634,0.99581,0.99911
0.99592,0.99465,0.99494,0.99789,0.9992,0.99744,0.99966,0.99877,0.99589,0.99672,0.99614,0.99965,0.9959,0.99629,0.99947,0.99592,0.99871,0.99905,0.99607,0.99595,0.9971,0.99702,0.99589,0.99598,0.9968,1,0.99658,0.99949,0.9996,0.99906,0.99819,0.99677,0.99867,0.99787,0.9995,0.99648,0.99913,0.99782,0.9959,0.99849,0.99973,0.9991,0.99842,0.99742,0.99576,0.99837,0.99735,0.9983,0.99946,0.99896,0.99596
0.9993,0.99806,0.99834,0.99868,0.99733,0.99404,0.99637,0.99539,0.99927,0.99973,0.99951,0.99638,0.99928,0.99962,0.99704,0.99931,0.99785,0.99748,0.99946,0.99933,0.99942,0.99949,0.99926,0.99937,0.99968,0.99658,1,0.99618,0.9969,0.99746,0.99832,0.99974,0.99529,0.99864,0.99618,0.99974,0.9974,0.99873,0.99929,0.9951,0.9965,0.99731,0.99811,0.99914,0.99914,0.99815,0.99919,0.99826,0.99611,0.99559,0.99934
0.99553,0.99426,0.99454,0.99748,0.99883,0.99784,0.99972,0.99917,0.99551,0.99634,0.99575,0.99979,0.99551,0.99591,0.99913,0.99553,0.99831,0.99869,0.99568,0.99556,0.99672,0.99664,0.9955,0.99559,0.99641,0.99949,0.99618,1,0.99924,0.99871,0.99781,0.99637,0.9991,0.99747,0.99993,0.99609,0.99877,0.99743,0.99552,0.99889,0.99962,0.99876,0.99803,0.99703,0.99537,0.99798,0.99696,0.99792,0.99986,0.99936,0.99556
0.99624,0.99497,0.99525,0.99821,0.99953,0.99713,0.99943,0.99847,0.99621,0.99704,0.99646,0.99944,0.99622,0.99661,0.99975,0.99624,0.99903,0.99937,0.99639,0.99626,0.99743,0.99734,0.99621,0.9963,0.99712,0.9996,0.9969,0.99924,1,0.99937,0.99851,0.99709,0.99838,0.99818,0.99925,0.9968,0.99945,0.99814,0.99622,0.99819,0.99957,0.99937,0.99874,0.99774,0.99608,0.99869,0.99767,0.99863,0.99919,0.99867,0.99628
0.99682,0.99554,0.99582,0.99875,0.99976,0.99656,0.99887,0.9979,0.99679,0.99762,0.99703,0.9989,0.9968,0.99719,0.99954,0.99681,0.99952,0.99988,0.99696,0.99684,0.998,0.99792,0.99679,0.99687,0.99769,0.99906,0.99746,0.99871,0.99937,1,0.99906,0.99765,0.99781,0.99873,0.99871,0.99738,0.99984,0.99871,0.9968,0.99761,0.999,0.99956,0.99926,0.99831,0.99665,0.99921,0.99824,0.99919,0.99863,0.9981,0.99684
0.99767,0.99641,0.99669,0.99951,0.99894,0.99568,0.99799,0.99702,0.99764,0.99847,0.99789,0.99801,0.99765,0.99804,0.99865,0.99767,0.99939,0.99909,0.99782,0.99769,0.99884,0.99876,0.99764,0.99773,0.99854,0.99819,0.99832,0.99781,0.99851,0.99906,1,0.9985,0.99692,0.99943,0.99781,0.99822,0.999,0.99949,0.99765,0.99673,0.99812,0.9989,0.99956,0.99913,0.99751,0.99956,0.99907,0.99967,0.99774,0.99721,0.99771
0.99912,0.99786,0.99815,0.99886,0.99752,0.99423,0.99655,0.99557,0.99909,0.99976,0.99933,0.99657,0.9991,0.99947,0.99722,0.99912,0.99803,0.99767,0.99927,0.99914,0.99958,0.99965,0.99909,0.99918,0.99974,0.99677,0.99974,0.99637,0.99709,0.99765,0.9985,1,0.99548,0.99881,0.99637,0.99964,0.99759,0.9989,0.99911,0.99529,0.99669,0.9975,0.99829,0.99931,0.99895,0.99833,0.99936,0.99844,0.9963,0.99577,0.99914
0.99464,0.99337,0.99365,0.9966,0.99795,0.99874,0.99891,0.9998,0.99461,0.99544,0.99485,0.99891,0.99462,0.99501,0.99824,0.99464,0.99742,0.9978,0.99479,0.99466,0.99583,0.99574,0.99461,0.9947,0.99552,0.99867,0.99529,0.9991,0.99838,0.99781,0.99692,0.99548,1,0.99659,0.9991,0.9952,0.99788,0.99654,0.99462,0.99972,0.99878,0.9979,0.99715,0.99614,0.99448,0.9971,0.99607,0.99702,0.99917,0.99966,0.99467
0.99798,0.99673,0.99701,0.99964,0.9986,0.99534,0.99766,0.99668,0.99796,0.99877,0.9982,0.99767,0.99796,0.99835,0.99832,0.99798,0.99909,0.99875,0.99814,0.99801,0.99913,0.99905,0.99795,0.99804,0.99884,0.99787,0.99864,0.99747,0.99818,0.99873,0.99943,0.99881,0.99659,1,0.99747,0.99853,0.99867,0.9996,0.99797,0.9964,0.99779,0.99856,0.99931,0.99941,0.99783,0.99934,0.99934,0.99944,0.9974,0.99688,0.99802
0.99553,0.99426,0.99454,0.99749,0.99883,0.99784,0.99974,0.99918,0.99551,0.99634,0.99575,0.99979,0.99551,0.99591,0.99913,0.99553,0.99831,0.99869,0.99568,0.99556,0.99672,0.99664,0.9955,0.99559,0.99641,0.9995,0.99618,0.99993,0.99925,0.99871,0.99781,0.99637,0.9991,0.99747,1,0.99609,0.99877,0.99743,0.99552,0.99889,0.99963,0.99876,0.99803,0.99703,0.99537,0.99798,0.99696,0.99792,0.99987,0.99937,0.99557
0.99943,0.99815,0.99842,0.99857,0.99724,0.99395,0.99627,0.99529,0.9994,0.99972,0.99963,0.99629,0.9994,0.99977,0.99694,0.99942,0.99774,0.9974,0.99954,0.99944,0.99935,0.99945,0.9994,0.99948,0.99961,0.99648,0.99974,0.99609,0.9968,0.99738,0.99822,0.99964,0.9952,0.99853,0.99609,1,0.99731,0.99863,0.9994,0.99501,0.9964,0.99722,0.99801,0.99904,0.99922,0.99805,0.9991,0.99817,0.99602,0.99549,0.99939
0.99675,0.99548,0.99576,0.9987,0.9998,0.99662,0.99894,0.99797,0.99672,0.99756,0.99696,0.99897,0.99673,0.99712,0.9996,0.99675,0.99949,0.99984,0.9969,0.99677,0.99794,0.99786,0.99672,0.99681,0.99763,0.99913,0.9974,0.99877,0.99945,0.99984,0.999,0.99759,0.99788,0.99867,0.99877,0.99731,1,0.99865,0.99673,0.99768,0.99907,0.99958,0.99921,0.99825,0.99659,0.99917,0.99818,0.99913,0.9987,0.99817,0.99678
0.99808,0.99681,0.99709,0.99975,0.99858,0.99529,0.99761,0.99664,0.99805,0.99888,0.99829,0.99763,0.99806,0.99845,0.99829,0.99808,0.99907,0.99874,0.99823,0.9981,0.99926,0.99917,0.99805,0.99814,0.99895,0.99782,0.99873,0.99743,0.99814,0.99871,0.99949,0.9989,0.99654,0.9996,0.99743,0.99863,0.99865,1,0.99806,0.99635,0.99775,0.99854,0.99931,0.99955,0.99791,0.99934,0.99948,0.99949,0.99736,0.99683,0.99811
0.99987,0.99872,0.999,0.998,0.99666,0.99337,0.99569,0.99471,0.99987,0.99916,0.99973,0.99571,0.99985,0.99958,0.99637,0.99987,0.99717,0.99682,0.99973,0.99984,0.99878,0.99887,0.99986,0.99985,0.99907,0.9959,0.99929,0.99552,0.99622,0.9968,0.99765,0.99911,0.99462,0.99797,0.99552,0.9994,0.99673,0.99806,1,0.99443,0.99582,0.99665,0.99743,0.99847,0.99966,0.99748,0.99853,0.99759,0.99544,0.99491,0.99969
0.99445,0.99318,0.99346,0.99641,0.99775,0.99892,0.99871,0.99966,0.99442,0.99525,0.99466,0.9987,0.99443,0.99482,0.99805,0.99444,0.99724,0.9976,0.9946,0.99447,0.99563,0.99555,0.99442,0.9945,0.99533,0.99849,0.9951,0.99889,0.99819,0.99761,0.99673,0.99529,0.99972,0.9964,0.99889,0.99501,0.99768,0.99635,0.99443,1,0.99859,0.99771,0.99696,0.99594,0.99429,0.99691,0.99588,0.99683,0.99897,0.99948,0.99449
0.99584,0.99457,0.99485,0.99781,0.99915,0.99753,0.99977,0.99887,0.99581,0.99665,0.99606,0.99979,0.99582,0.99621,0.99943,0.99584,0.99863,0.99899,0.99599,0.99587,0.99703,0.99695,0.99581,0.9959,0.99672,0.99973,0.9965,0.99962,0.99957,0.999,0.99812,0.99669,0.99878,0.99779,0.99963,0.9964,0.99907,0.99775,0.99582,0.99859,1,0.99905,0.99835,0.99734,0.99568,0.99829,0.99727,0.99823,0.99958,0.99907,0.99588
0.99667,0.9954,0.99568,0.99859,0.99958,0.99666,0.99892,0.99799,0.99664,0.99747,0.99688,0.99895,0.99665,0.99704,0.9995,0.99667,0.99932,0.99957,0.99681,0.99669,0.99784,0.99776,0.99664,0.99672,0.99754,0.9991,0.99731,0.99876,0.99937,0.99956,0.9989,0.9975,0.9979,0.99856,0.99876,0.99722,0.99958,0.99854,0.99665,0.99771,0.99905,1,0.99909,0.99815,0.99651,0.99904,0.99808,0.99899,0.9987,0.99818,0.99671
0.99745,0.99619,0.99647,0.99938,0.99916,0.9959,0.99821,0.99724,0.99742,0.99825,0.99767,0.99823,0.99743,0.99782,0.99887,0.99745,0.99961,0.99929,0.9976,0.99748,0.99862,0.99854,0.99742,0.99751,0.99833,0.99842,0.99811,0.99803,0.99874,0.99926,0.99956,0.99829,0.99715,0.99931,0.99803,0.99801,0.99921,0.99931,0.99743,0.99696,0.99835,0.99909,1,0.99894,0.9973,0.99963,0.99887,0.99968,0.99796,0.99744,0.9975
0.99849,0.99722,0.9975,0.9995,0.99817,0.99488,0.99721,0.99623,0.99846,0.99928,0.9987,0.99722,0.99847,0.99886,0.99788,0.99849,0.99868,0.99833,0.99863,0.99851,0.99965,0.99957,0.99845,0.99855,0.99935,0.99742,0.99914,0.99703,0.99774,0.99831,0.99913,0.99931,0.99614,0.99941,0.99703,0.99904,0.99825,0.99955,0.99847,0.99594,0.99734,0.99815,0.99894,1,0.99832,0.99898,0.9998,0.9991,0.99695,0.99643,0.99852
0.99965,0.99884,0.99911,0.99786,0.99652,0.99323,0.99555,0.99457,0.99967,0.99899,0.99953,0.99557,0.99966,0.99939,0.99622,0.99968,0.99703,0.99667,0.99958,0.99965,0.99862,0.9987,0.99966,0.99965,0.99891,0.99576,0.99914,0.99537,0.99608,0.99665,0.99751,0.99895,0.99448,0.99783,0.99537,0.99922,0.99659,0.99791,0.99966,0.99429,0.99568,0.99651,0.9973,0.99832,1,0.99734,0.99838,0.99744,0.9953,0.99477,0.99968
0.9975,0.99623,0.99652,0.99941,0.9991,0.99585,0.99816,0.99719,0.99747,0.99829,0.99771,0.99818,0.99748,0.99787,0.99882,0.9975,0.99955,0.99924,0.99765,0.99752,0.99867,0.99859,0.99747,0.99756,0.99837,0.99837,0.99815,0.99798,0.99869,0.99921,0.99956,0.99833,0.9971,0.99934,0.99798,0.99805,0.99917,0.99934,0.99748,0.99691,0.99829,0.99904,0.99963,0.99898,0.99734,1,0.9989,0.99968,0.99791,0.99739,0.99754
0.99855,0.99728,0.99756,0.99941,0.99811,0.99482,0.99714,0.99616,0.99852,0.99934,0.99876,0.99716,0.99853,0.99892,0.99782,0.99855,0.99861,0.99827,0.99869,0.99857,0.99969,0.99962,0.99852,0.99861,0.9994,0.99735,0.99919,0.99696,0.99767,0.99824,0.99907,0.99936,0.99607,0.99934,0.99696,0.9991,0.99818,0.99948,0.99853,0.99588,0.99727,0.99808,0.99887,0.9998,0.99838,0.9989,1,0.99903,0.99689,0.99636,0.99857
0.99761,0.99633,0.99661,0.99953,0.99906,0.99577,0.99809,0.99712,0.99758,0.99841,0.99782,0.99811,0.99759,0.99798,0.99877,0.9976,0.99953,0.99922,0.99775,0.99763,0.99879,0.99871,0.99758,0.99766,0.99848,0.9983,0.99826,0.99792,0.99863,0.99919,0.99967,0.99844,0.99702,0.99944,0.99792,0.99817,0.99913,0.99949,0.99759,0.99683,0.99823,0.99899,0.99968,0.9991,0.99744,0.99968,0.99903,1,0.99784,0.99731,0.99764
0.99546,0.99419,0.99447,0.99742,0.99877,0.99792,0.9997,0.99926,0.99543,0.99626,0.99567,0.99972,0.99544,0.99583,0.99906,0.99545,0.99824,0.99861,0.99561,0.99548,0.99664,0.99656,0.99543,0.99551,0.99634,0.99946,0.99611,0.99986,0.99919,0.99863,0.99774,0.9963,0.99917,0.9974,0.99987,0.99602,0.9987,0.99736,0.99544,0.99897,0.99958,0.9987,0.99796,0.99695,0.9953,0.99791,0.99689,0.99784,1,0.99945,0.99549
0.99493,0.99366,0.99394,0.99689,0.99824,0.99844,0.99919,0.99974,0.9949,0.99573,0.99515,0.99918,0.99491,0.9953,0.99853,0.99493,0.99772,0.99808,0.99508,0.99495,0.99612,0.99603,0.9949,0.99499,0.99581,0.99896,0.99559,0.99936,0.99867,0.9981,0.99721,0.99577,0.99966,0.99688,0.99937,0.99549,0.99817,0.99683,0.99491,0.99948,0.99907,0.99818,0.99744,0.99643,0.99477,0.99739,0.99636,0.99731,0.99945,1,0.99497
0.99969,0.99866,0.99893,0.99806,0.99671,0.99343,0.99575,0.99477,0.99968,0.99918,0.99967,0.99576,0.99969,0.99955,0.99642,0.99972,0.99723,0.99687,0.9997,0.9997,0.99882,0.99889,0.99968,0.99974,0.99911,0.99596,0.99934,0.99556,0.99628,0.99684,0.99771,0.99914,0.99467,0.99802,0.99557,0.99939,0.99678,0.99811,0.99969,0.99449,0.99588,0.99671,0.9975,0.99852,0.99968,0.99754,0.99857,0.99764,0.99549,0.99497,1
